geracao;media da geracao;fitness do melhor da geracao;fitness do pior da geracao;relacao entre melhor e pior;fitness do melhor da run
Probabilidade Recombinação: 0.7
Probabilidade Mutação: 0.049999999999999996
Tipo de Selecção: Torneio
Tipo de Mutação: Simples Al.
Tamanho População: 300
Máximo de Gerações: 15000
0;76.64;63.0;96.0;-33.0;63.0
0;67.66;58.0;77.0;-19.0;58.0
9;49.93666666666667;48.0;53.0;-5.0;48.0
19;43.93333333333333;43.0;47.0;-4.0;43.0
29;37.79;37.0;41.0;-4.0;37.0
39;31.663333333333334;31.0;36.0;-5.0;31.0
49;28.04;28.0;31.0;-3.0;28.0
59;26.04;26.0;29.0;-3.0;26.0
69;26.073333333333334;26.0;29.0;-3.0;26.0
79;25.08;24.0;28.0;-4.0;24.0
89;24.096666666666668;24.0;27.0;-3.0;24.0
99;24.1;24.0;27.0;-3.0;24.0
109;22.13;22.0;25.0;-3.0;22.0
119;22.036666666666665;22.0;25.0;-3.0;22.0
129;21.086666666666666;21.0;24.0;-3.0;21.0
139;21.086666666666666;21.0;24.0;-3.0;21.0
149;21.046666666666667;21.0;24.0;-3.0;21.0
159;21.11;21.0;24.0;-3.0;21.0
169;21.11;21.0;24.0;-3.0;21.0
179;21.1;21.0;24.0;-3.0;21.0
189;20.1;19.0;23.0;-4.0;19.0
199;19.136666666666667;19.0;22.0;-3.0;19.0
209;17.063333333333333;17.0;20.0;-3.0;17.0
219;17.123333333333335;17.0;20.0;-3.0;17.0
229;17.123333333333335;17.0;20.0;-3.0;17.0
239;17.096666666666668;17.0;20.0;-3.0;17.0
249;17.126666666666665;17.0;20.0;-3.0;17.0
259;17.08;17.0;20.0;-3.0;17.0
269;17.15;17.0;20.0;-3.0;17.0
279;17.17;17.0;20.0;-3.0;17.0
289;17.07;17.0;20.0;-3.0;17.0
299;17.10333333333333;17.0;20.0;-3.0;17.0
309;17.08;17.0;20.0;-3.0;17.0
319;17.12;17.0;20.0;-3.0;17.0
329;17.08;17.0;20.0;-3.0;17.0
339;17.173333333333332;17.0;20.0;-3.0;17.0
349;17.123333333333335;17.0;20.0;-3.0;17.0
359;17.1;17.0;20.0;-3.0;17.0
369;17.15;17.0;20.0;-3.0;17.0
379;17.106666666666666;17.0;20.0;-3.0;17.0
389;17.143333333333334;17.0;20.0;-3.0;17.0
399;17.11;17.0;20.0;-3.0;17.0
409;17.10333333333333;17.0;20.0;-3.0;17.0
419;17.083333333333332;17.0;20.0;-3.0;17.0
429;17.133333333333333;17.0;20.0;-3.0;17.0
439;17.066666666666666;17.0;20.0;-3.0;17.0
449;17.10333333333333;17.0;20.0;-3.0;17.0
459;17.11;17.0;20.0;-3.0;17.0
469;17.12;17.0;20.0;-3.0;17.0
479;17.09;17.0;20.0;-3.0;17.0
489;17.11;17.0;20.0;-3.0;17.0
499;17.1;17.0;20.0;-3.0;17.0
509;17.14666666666667;17.0;20.0;-3.0;17.0
519;17.113333333333333;17.0;20.0;-3.0;17.0
529;17.106666666666666;17.0;20.0;-3.0;17.0
539;17.083333333333332;17.0;20.0;-3.0;17.0
549;17.14;17.0;20.0;-3.0;17.0
559;17.15;17.0;20.0;-3.0;17.0
569;17.126666666666665;17.0;20.0;-3.0;17.0
579;17.13;17.0;20.0;-3.0;17.0
589;17.10333333333333;17.0;20.0;-3.0;17.0
599;17.046666666666667;17.0;20.0;-3.0;17.0
609;17.113333333333333;17.0;20.0;-3.0;17.0
619;17.176666666666666;17.0;20.0;-3.0;17.0
629;17.14;17.0;20.0;-3.0;17.0
639;17.10333333333333;17.0;20.0;-3.0;17.0
649;17.116666666666667;17.0;20.0;-3.0;17.0
659;17.123333333333335;17.0;20.0;-3.0;17.0
669;17.076666666666668;17.0;20.0;-3.0;17.0
679;17.143333333333334;17.0;20.0;-3.0;17.0
689;17.033333333333335;17.0;20.0;-3.0;17.0
699;17.14;17.0;20.0;-3.0;17.0
709;17.13;17.0;20.0;-3.0;17.0
719;17.086666666666666;17.0;20.0;-3.0;17.0
729;17.1;17.0;20.0;-3.0;17.0
739;17.153333333333332;17.0;20.0;-3.0;17.0
749;17.143333333333334;17.0;20.0;-3.0;17.0
759;17.123333333333335;17.0;20.0;-3.0;17.0
769;17.1;17.0;20.0;-3.0;17.0
779;17.136666666666667;17.0;20.0;-3.0;17.0
789;17.086666666666666;17.0;20.0;-3.0;17.0
799;17.113333333333333;17.0;20.0;-3.0;17.0
809;17.133333333333333;17.0;20.0;-3.0;17.0
819;17.086666666666666;17.0;20.0;-3.0;17.0
829;17.116666666666667;17.0;20.0;-3.0;17.0
839;17.12;17.0;20.0;-3.0;17.0
849;17.116666666666667;17.0;20.0;-3.0;17.0
859;17.133333333333333;17.0;20.0;-3.0;17.0
869;17.133333333333333;17.0;20.0;-3.0;17.0
879;17.106666666666666;17.0;20.0;-3.0;17.0
889;17.116666666666667;17.0;20.0;-3.0;17.0
899;17.093333333333334;17.0;20.0;-3.0;17.0
909;17.113333333333333;17.0;20.0;-3.0;17.0
919;17.06;17.0;20.0;-3.0;17.0
929;17.063333333333333;17.0;20.0;-3.0;17.0
939;17.09;17.0;20.0;-3.0;17.0
949;17.096666666666668;17.0;20.0;-3.0;17.0
959;17.116666666666667;17.0;20.0;-3.0;17.0
969;17.136666666666667;17.0;20.0;-3.0;17.0
979;17.066666666666666;17.0;20.0;-3.0;17.0
989;17.073333333333334;17.0;20.0;-3.0;17.0
999;17.15;17.0;20.0;-3.0;17.0
1009;17.113333333333333;17.0;20.0;-3.0;17.0
1019;17.07;17.0;20.0;-3.0;17.0
1029;17.13;17.0;20.0;-3.0;17.0
1039;17.10333333333333;17.0;20.0;-3.0;17.0
1049;17.113333333333333;17.0;20.0;-3.0;17.0
1059;17.14;17.0;20.0;-3.0;17.0
1069;17.156666666666666;17.0;20.0;-3.0;17.0
1079;17.063333333333333;17.0;20.0;-3.0;17.0
1089;17.126666666666665;17.0;20.0;-3.0;17.0
1099;17.12;17.0;20.0;-3.0;17.0
1109;17.11;17.0;20.0;-3.0;17.0
1119;17.083333333333332;17.0;20.0;-3.0;17.0
1129;17.043333333333333;17.0;20.0;-3.0;17.0
1139;17.12;17.0;20.0;-3.0;17.0
1149;17.15;17.0;20.0;-3.0;17.0
1159;17.063333333333333;17.0;20.0;-3.0;17.0
1169;17.143333333333334;17.0;20.0;-3.0;17.0
1179;17.076666666666668;17.0;20.0;-3.0;17.0
1189;17.05666666666667;17.0;20.0;-3.0;17.0
1199;17.12;17.0;20.0;-3.0;17.0
1209;17.05;17.0;20.0;-3.0;17.0
1219;17.113333333333333;17.0;20.0;-3.0;17.0
1229;17.16;17.0;20.0;-3.0;17.0
1239;17.05;17.0;20.0;-3.0;17.0
1249;17.106666666666666;17.0;20.0;-3.0;17.0
1259;17.116666666666667;17.0;20.0;-3.0;17.0
1269;17.12;17.0;20.0;-3.0;17.0
1279;17.10333333333333;17.0;20.0;-3.0;17.0
1289;17.06;17.0;20.0;-3.0;17.0
1299;17.083333333333332;17.0;20.0;-3.0;17.0
1309;17.08;17.0;20.0;-3.0;17.0
1319;17.116666666666667;17.0;20.0;-3.0;17.0
1329;17.123333333333335;17.0;20.0;-3.0;17.0
1339;17.14666666666667;17.0;20.0;-3.0;17.0
1349;17.093333333333334;17.0;20.0;-3.0;17.0
1359;17.086666666666666;17.0;20.0;-3.0;17.0
1369;17.053333333333335;17.0;20.0;-3.0;17.0
1379;17.05666666666667;17.0;20.0;-3.0;17.0
1389;17.093333333333334;17.0;20.0;-3.0;17.0
1399;17.096666666666668;17.0;20.0;-3.0;17.0
1409;17.156666666666666;17.0;20.0;-3.0;17.0
1419;17.123333333333335;17.0;20.0;-3.0;17.0
1429;17.106666666666666;17.0;20.0;-3.0;17.0
1439;17.17;17.0;20.0;-3.0;17.0
1449;17.113333333333333;17.0;20.0;-3.0;17.0
1459;17.116666666666667;17.0;20.0;-3.0;17.0
1469;17.133333333333333;17.0;20.0;-3.0;17.0
1479;17.113333333333333;17.0;20.0;-3.0;17.0
1489;17.08;17.0;20.0;-3.0;17.0
1499;17.136666666666667;17.0;20.0;-3.0;17.0
1509;17.123333333333335;17.0;20.0;-3.0;17.0
1519;17.09;17.0;20.0;-3.0;17.0
1529;17.083333333333332;17.0;20.0;-3.0;17.0
1539;17.076666666666668;17.0;20.0;-3.0;17.0
1549;17.083333333333332;17.0;20.0;-3.0;17.0
1559;17.12;17.0;20.0;-3.0;17.0
1569;17.116666666666667;17.0;20.0;-3.0;17.0
1579;17.06;17.0;20.0;-3.0;17.0
1589;17.076666666666668;17.0;20.0;-3.0;17.0
1599;17.113333333333333;17.0;20.0;-3.0;17.0
1609;17.13;17.0;20.0;-3.0;17.0
1619;17.096666666666668;17.0;20.0;-3.0;17.0
1629;17.14666666666667;17.0;20.0;-3.0;17.0
1639;17.12;17.0;20.0;-3.0;17.0
1649;17.043333333333333;17.0;20.0;-3.0;17.0
1659;17.116666666666667;17.0;20.0;-3.0;17.0
1669;17.093333333333334;17.0;20.0;-3.0;17.0
1679;17.12;17.0;20.0;-3.0;17.0
1689;17.11;17.0;20.0;-3.0;17.0
1699;17.083333333333332;17.0;20.0;-3.0;17.0
1709;17.156666666666666;17.0;20.0;-3.0;17.0
1719;17.13;17.0;20.0;-3.0;17.0
1729;17.106666666666666;17.0;20.0;-3.0;17.0
1739;17.1;17.0;20.0;-3.0;17.0
1749;17.13;17.0;20.0;-3.0;17.0
1759;17.096666666666668;17.0;20.0;-3.0;17.0
1769;17.163333333333334;17.0;20.0;-3.0;17.0
1779;17.14;17.0;20.0;-3.0;17.0
1789;17.08;17.0;20.0;-3.0;17.0
1799;17.123333333333335;17.0;20.0;-3.0;17.0
1809;17.12;17.0;20.0;-3.0;17.0
1819;17.06;17.0;20.0;-3.0;17.0
1829;17.076666666666668;17.0;20.0;-3.0;17.0
1839;17.123333333333335;17.0;20.0;-3.0;17.0
1849;17.07;17.0;20.0;-3.0;17.0
1859;17.14666666666667;17.0;20.0;-3.0;17.0
1869;17.143333333333334;17.0;20.0;-3.0;17.0
1879;17.083333333333332;17.0;20.0;-3.0;17.0
1889;17.133333333333333;17.0;20.0;-3.0;17.0
1899;17.086666666666666;17.0;20.0;-3.0;17.0
1909;17.11;17.0;20.0;-3.0;17.0
1919;17.14;17.0;20.0;-3.0;17.0
1929;17.15;17.0;20.0;-3.0;17.0
1939;17.106666666666666;17.0;20.0;-3.0;17.0
1949;17.106666666666666;17.0;20.0;-3.0;17.0
1959;17.07;17.0;20.0;-3.0;17.0
1969;17.12;17.0;20.0;-3.0;17.0
1979;17.113333333333333;17.0;20.0;-3.0;17.0
1989;17.1;17.0;20.0;-3.0;17.0
1999;17.073333333333334;17.0;20.0;-3.0;17.0
2009;17.09;17.0;20.0;-3.0;17.0
2019;17.10333333333333;17.0;20.0;-3.0;17.0
2029;17.14;17.0;20.0;-3.0;17.0
2039;17.123333333333335;17.0;20.0;-3.0;17.0
2049;17.106666666666666;17.0;20.0;-3.0;17.0
2059;17.136666666666667;17.0;20.0;-3.0;17.0
2069;17.12;17.0;20.0;-3.0;17.0
2079;17.066666666666666;17.0;20.0;-3.0;17.0
2089;17.14;17.0;20.0;-3.0;17.0
2099;17.096666666666668;17.0;20.0;-3.0;17.0
2109;17.073333333333334;17.0;20.0;-3.0;17.0
2119;17.126666666666665;17.0;20.0;-3.0;17.0
2129;17.143333333333334;17.0;20.0;-3.0;17.0
2139;17.173333333333332;17.0;20.0;-3.0;17.0
2149;17.16;17.0;20.0;-3.0;17.0
2159;17.126666666666665;17.0;20.0;-3.0;17.0
2169;17.133333333333333;17.0;20.0;-3.0;17.0
2179;17.063333333333333;17.0;20.0;-3.0;17.0
2189;17.12;17.0;20.0;-3.0;17.0
2199;17.15;17.0;20.0;-3.0;17.0
2209;17.086666666666666;17.0;20.0;-3.0;17.0
2219;17.1;17.0;20.0;-3.0;17.0
2229;17.066666666666666;17.0;20.0;-3.0;17.0
2239;17.136666666666667;17.0;20.0;-3.0;17.0
2249;17.066666666666666;17.0;20.0;-3.0;17.0
2259;17.12;17.0;20.0;-3.0;17.0
2269;17.05;17.0;20.0;-3.0;17.0
2279;17.096666666666668;17.0;20.0;-3.0;17.0
2289;17.10333333333333;17.0;20.0;-3.0;17.0
2299;17.04;17.0;20.0;-3.0;17.0
2309;17.1;17.0;20.0;-3.0;17.0
2319;17.143333333333334;17.0;20.0;-3.0;17.0
2329;17.1;17.0;20.0;-3.0;17.0
2339;17.1;17.0;20.0;-3.0;17.0
2349;17.106666666666666;17.0;20.0;-3.0;17.0
2359;17.086666666666666;17.0;20.0;-3.0;17.0
2369;17.09;17.0;20.0;-3.0;17.0
2379;17.126666666666665;17.0;20.0;-3.0;17.0
2389;17.136666666666667;17.0;20.0;-3.0;17.0
2399;17.116666666666667;17.0;20.0;-3.0;17.0
2409;17.106666666666666;17.0;20.0;-3.0;17.0
2419;17.073333333333334;17.0;20.0;-3.0;17.0
2429;17.086666666666666;17.0;20.0;-3.0;17.0
2439;17.133333333333333;17.0;20.0;-3.0;17.0
2449;17.043333333333333;17.0;20.0;-3.0;17.0
2459;17.163333333333334;17.0;20.0;-3.0;17.0
2469;17.073333333333334;17.0;20.0;-3.0;17.0
2479;17.093333333333334;17.0;20.0;-3.0;17.0
2489;17.12;17.0;20.0;-3.0;17.0
2499;17.1;17.0;20.0;-3.0;17.0
2509;17.066666666666666;17.0;20.0;-3.0;17.0
2519;17.166666666666668;17.0;20.0;-3.0;17.0
2529;17.07;17.0;20.0;-3.0;17.0
2539;17.11;17.0;20.0;-3.0;17.0
2549;17.09;17.0;20.0;-3.0;17.0
2559;17.143333333333334;17.0;20.0;-3.0;17.0
2569;17.10333333333333;17.0;20.0;-3.0;17.0
2579;17.116666666666667;17.0;20.0;-3.0;17.0
2589;17.123333333333335;17.0;20.0;-3.0;17.0
2599;17.09;17.0;20.0;-3.0;17.0
2609;17.123333333333335;17.0;20.0;-3.0;17.0
2619;17.083333333333332;17.0;20.0;-3.0;17.0
2629;17.096666666666668;17.0;20.0;-3.0;17.0
2639;17.066666666666666;17.0;20.0;-3.0;17.0
2649;17.05;17.0;20.0;-3.0;17.0
2659;17.096666666666668;17.0;20.0;-3.0;17.0
2669;17.14;17.0;20.0;-3.0;17.0
2679;17.083333333333332;17.0;20.0;-3.0;17.0
2689;17.106666666666666;17.0;20.0;-3.0;17.0
2699;17.10333333333333;17.0;20.0;-3.0;17.0
2709;17.07;17.0;20.0;-3.0;17.0
2719;17.1;17.0;20.0;-3.0;17.0
2729;17.096666666666668;17.0;20.0;-3.0;17.0
2739;17.063333333333333;17.0;20.0;-3.0;17.0
2749;17.14666666666667;17.0;20.0;-3.0;17.0
2759;17.12;17.0;20.0;-3.0;17.0
2769;17.126666666666665;17.0;20.0;-3.0;17.0
2779;17.126666666666665;17.0;20.0;-3.0;17.0
2789;17.053333333333335;17.0;20.0;-3.0;17.0
2799;17.083333333333332;17.0;20.0;-3.0;17.0
2809;17.08;17.0;20.0;-3.0;17.0
2819;17.18;17.0;20.0;-3.0;17.0
2829;17.10333333333333;17.0;20.0;-3.0;17.0
2839;17.113333333333333;17.0;20.0;-3.0;17.0
2849;17.096666666666668;17.0;20.0;-3.0;17.0
2859;17.106666666666666;17.0;20.0;-3.0;17.0
2869;17.09;17.0;20.0;-3.0;17.0
2879;17.1;17.0;20.0;-3.0;17.0
2889;17.09;17.0;20.0;-3.0;17.0
2899;17.126666666666665;17.0;20.0;-3.0;17.0
2909;17.126666666666665;17.0;20.0;-3.0;17.0
2919;17.08;17.0;20.0;-3.0;17.0
2929;17.14;17.0;20.0;-3.0;17.0
2939;17.1;17.0;20.0;-3.0;17.0
2949;17.09;17.0;20.0;-3.0;17.0
2959;17.14666666666667;17.0;20.0;-3.0;17.0
2969;17.076666666666668;17.0;20.0;-3.0;17.0
2979;17.096666666666668;17.0;20.0;-3.0;17.0
2989;17.053333333333335;17.0;20.0;-3.0;17.0
2999;17.116666666666667;17.0;20.0;-3.0;17.0
3009;17.15;17.0;20.0;-3.0;17.0
3019;17.083333333333332;17.0;20.0;-3.0;17.0
3029;17.093333333333334;17.0;20.0;-3.0;17.0
3039;17.10333333333333;17.0;20.0;-3.0;17.0
3049;17.126666666666665;17.0;20.0;-3.0;17.0
3059;17.10333333333333;17.0;20.0;-3.0;17.0
3069;17.106666666666666;17.0;20.0;-3.0;17.0
3079;17.10333333333333;17.0;20.0;-3.0;17.0
3089;17.09;17.0;20.0;-3.0;17.0
3099;17.13;17.0;20.0;-3.0;17.0
3109;17.076666666666668;17.0;20.0;-3.0;17.0
3119;16.12;16.0;19.0;-3.0;16.0
3129;16.096666666666668;16.0;19.0;-3.0;16.0
3139;16.126666666666665;16.0;19.0;-3.0;16.0
3149;16.11;16.0;19.0;-3.0;16.0
3159;16.173333333333332;16.0;19.0;-3.0;16.0
3169;16.086666666666666;16.0;19.0;-3.0;16.0
3179;16.14666666666667;16.0;19.0;-3.0;16.0
3189;16.11;16.0;19.0;-3.0;16.0
3199;15.08;15.0;18.0;-3.0;15.0
3209;15.12;15.0;18.0;-3.0;15.0
3219;15.186666666666667;15.0;18.0;-3.0;15.0
3229;15.116666666666667;15.0;18.0;-3.0;15.0
3239;15.066666666666666;15.0;18.0;-3.0;15.0
3249;15.106666666666667;15.0;18.0;-3.0;15.0
3259;15.076666666666666;15.0;18.0;-3.0;15.0
3269;15.063333333333333;15.0;18.0;-3.0;15.0
3279;15.15;15.0;18.0;-3.0;15.0
3289;15.116666666666667;15.0;18.0;-3.0;15.0
3299;15.093333333333334;15.0;18.0;-3.0;15.0
3309;15.053333333333333;15.0;18.0;-3.0;15.0
3319;15.113333333333333;15.0;18.0;-3.0;15.0
3329;15.106666666666667;15.0;18.0;-3.0;15.0
3339;15.1;15.0;18.0;-3.0;15.0
3349;15.076666666666666;15.0;18.0;-3.0;15.0
3359;15.116666666666667;15.0;18.0;-3.0;15.0
3369;15.106666666666667;15.0;18.0;-3.0;15.0
3379;15.086666666666666;15.0;18.0;-3.0;15.0
3389;15.136666666666667;15.0;18.0;-3.0;15.0
3399;15.106666666666667;15.0;18.0;-3.0;15.0
3409;15.09;15.0;18.0;-3.0;15.0
3419;15.096666666666666;15.0;18.0;-3.0;15.0
3429;15.086666666666666;15.0;18.0;-3.0;15.0
3439;15.123333333333333;15.0;18.0;-3.0;15.0
3449;15.12;15.0;18.0;-3.0;15.0
3459;15.073333333333334;15.0;18.0;-3.0;15.0
3469;15.07;15.0;18.0;-3.0;15.0
3479;15.15;15.0;18.0;-3.0;15.0
3489;15.146666666666667;15.0;18.0;-3.0;15.0
3499;15.09;15.0;18.0;-3.0;15.0
3509;15.11;15.0;18.0;-3.0;15.0
3519;15.11;15.0;18.0;-3.0;15.0
3529;15.113333333333333;15.0;18.0;-3.0;15.0
3539;15.11;15.0;18.0;-3.0;15.0
3549;15.13;15.0;18.0;-3.0;15.0
3559;15.11;15.0;18.0;-3.0;15.0
3569;15.09;15.0;18.0;-3.0;15.0
3579;15.156666666666666;15.0;18.0;-3.0;15.0
3589;15.06;15.0;18.0;-3.0;15.0
3599;15.076666666666666;15.0;18.0;-3.0;15.0
3609;15.09;15.0;18.0;-3.0;15.0
3619;15.113333333333333;15.0;18.0;-3.0;15.0
3629;15.143333333333333;15.0;18.0;-3.0;15.0
3639;15.11;15.0;18.0;-3.0;15.0
3649;15.073333333333334;15.0;18.0;-3.0;15.0
3659;15.17;15.0;18.0;-3.0;15.0
3669;15.086666666666666;15.0;18.0;-3.0;15.0
3679;15.14;15.0;18.0;-3.0;15.0
3689;15.12;15.0;18.0;-3.0;15.0
3699;15.076666666666666;15.0;18.0;-3.0;15.0
3709;15.133333333333333;15.0;18.0;-3.0;15.0
3719;15.08;15.0;18.0;-3.0;15.0
3729;15.106666666666667;15.0;18.0;-3.0;15.0
3739;15.08;15.0;18.0;-3.0;15.0
3749;15.15;15.0;18.0;-3.0;15.0
3759;15.106666666666667;15.0;18.0;-3.0;15.0
3769;15.096666666666666;15.0;18.0;-3.0;15.0
3779;15.096666666666666;15.0;18.0;-3.0;15.0
3789;15.073333333333334;15.0;18.0;-3.0;15.0
3799;15.08;15.0;18.0;-3.0;15.0
3809;15.083333333333334;15.0;18.0;-3.0;15.0
3819;15.136666666666667;15.0;18.0;-3.0;15.0
3829;15.086666666666666;15.0;18.0;-3.0;15.0
3839;15.1;15.0;18.0;-3.0;15.0
3849;15.123333333333333;15.0;18.0;-3.0;15.0
3859;15.106666666666667;15.0;18.0;-3.0;15.0
3869;15.11;15.0;18.0;-3.0;15.0
3879;15.053333333333333;15.0;18.0;-3.0;15.0
3889;15.123333333333333;15.0;18.0;-3.0;15.0
3899;15.033333333333333;15.0;18.0;-3.0;15.0
3909;15.086666666666666;15.0;18.0;-3.0;15.0
3919;15.043333333333333;15.0;18.0;-3.0;15.0
3929;15.076666666666666;15.0;18.0;-3.0;15.0
3939;15.13;15.0;18.0;-3.0;15.0
3949;15.133333333333333;15.0;18.0;-3.0;15.0
3959;15.153333333333334;15.0;18.0;-3.0;15.0
3969;15.12;15.0;18.0;-3.0;15.0
3979;15.06;15.0;18.0;-3.0;15.0
3989;15.14;15.0;18.0;-3.0;15.0
3999;15.076666666666666;15.0;18.0;-3.0;15.0
4009;15.143333333333333;15.0;18.0;-3.0;15.0
4019;15.113333333333333;15.0;18.0;-3.0;15.0
4029;15.06;15.0;18.0;-3.0;15.0
4039;15.126666666666667;15.0;18.0;-3.0;15.0
4049;15.13;15.0;18.0;-3.0;15.0
4059;15.083333333333334;15.0;18.0;-3.0;15.0
4069;15.056666666666667;15.0;18.0;-3.0;15.0
4079;15.07;15.0;18.0;-3.0;15.0
4089;15.063333333333333;15.0;18.0;-3.0;15.0
4099;15.103333333333333;15.0;18.0;-3.0;15.0
4109;15.136666666666667;15.0;18.0;-3.0;15.0
4119;15.11;15.0;18.0;-3.0;15.0
4129;15.096666666666666;15.0;18.0;-3.0;15.0
4139;15.123333333333333;15.0;18.0;-3.0;15.0
4149;15.09;15.0;18.0;-3.0;15.0
4159;15.136666666666667;15.0;18.0;-3.0;15.0
4169;15.126666666666667;15.0;18.0;-3.0;15.0
4179;15.086666666666666;15.0;18.0;-3.0;15.0
4189;15.086666666666666;15.0;18.0;-3.0;15.0
4199;15.11;15.0;18.0;-3.0;15.0
4209;15.05;15.0;18.0;-3.0;15.0
4219;15.12;15.0;18.0;-3.0;15.0
4229;15.096666666666666;15.0;18.0;-3.0;15.0
4239;15.073333333333334;15.0;18.0;-3.0;15.0
4249;15.066666666666666;15.0;18.0;-3.0;15.0
4259;15.066666666666666;15.0;18.0;-3.0;15.0
4269;15.086666666666666;15.0;18.0;-3.0;15.0
4279;15.066666666666666;15.0;18.0;-3.0;15.0
4289;15.12;15.0;18.0;-3.0;15.0
4299;15.083333333333334;15.0;18.0;-3.0;15.0
4309;15.1;15.0;18.0;-3.0;15.0
4319;15.15;15.0;18.0;-3.0;15.0
4329;15.07;15.0;18.0;-3.0;15.0
4339;15.07;15.0;18.0;-3.0;15.0
4349;15.09;15.0;18.0;-3.0;15.0
4359;15.11;15.0;18.0;-3.0;15.0
4369;15.143333333333333;15.0;18.0;-3.0;15.0
4379;15.103333333333333;15.0;18.0;-3.0;15.0
4389;15.126666666666667;15.0;18.0;-3.0;15.0
4399;15.17;15.0;18.0;-3.0;15.0
4409;15.09;15.0;18.0;-3.0;15.0
4419;15.086666666666666;15.0;18.0;-3.0;15.0
4429;15.136666666666667;15.0;18.0;-3.0;15.0
4439;15.153333333333334;15.0;18.0;-3.0;15.0
4449;15.146666666666667;15.0;18.0;-3.0;15.0
4459;15.08;15.0;18.0;-3.0;15.0
4469;15.153333333333334;15.0;18.0;-3.0;15.0
4479;15.116666666666667;15.0;18.0;-3.0;15.0
4489;15.086666666666666;15.0;18.0;-3.0;15.0
4499;15.103333333333333;15.0;18.0;-3.0;15.0
4509;15.093333333333334;15.0;18.0;-3.0;15.0
4519;15.153333333333334;15.0;18.0;-3.0;15.0
4529;15.103333333333333;15.0;18.0;-3.0;15.0
4539;15.106666666666667;15.0;18.0;-3.0;15.0
4549;15.106666666666667;15.0;18.0;-3.0;15.0
4559;15.086666666666666;15.0;18.0;-3.0;15.0
4569;15.086666666666666;15.0;18.0;-3.0;15.0
4579;15.096666666666666;15.0;18.0;-3.0;15.0
4589;15.086666666666666;15.0;18.0;-3.0;15.0
4599;15.103333333333333;15.0;18.0;-3.0;15.0
4609;15.093333333333334;15.0;18.0;-3.0;15.0
4619;15.066666666666666;15.0;18.0;-3.0;15.0
4629;15.136666666666667;15.0;18.0;-3.0;15.0
4639;15.133333333333333;15.0;18.0;-3.0;15.0
4649;15.093333333333334;15.0;18.0;-3.0;15.0
4659;15.106666666666667;15.0;18.0;-3.0;15.0
4669;15.083333333333334;15.0;18.0;-3.0;15.0
4679;15.063333333333333;15.0;18.0;-3.0;15.0
4689;15.07;15.0;18.0;-3.0;15.0
4699;15.17;15.0;18.0;-3.0;15.0
4709;15.14;15.0;18.0;-3.0;15.0
4719;15.113333333333333;15.0;18.0;-3.0;15.0
4729;15.08;15.0;18.0;-3.0;15.0
4739;15.056666666666667;15.0;18.0;-3.0;15.0
4749;15.143333333333333;15.0;18.0;-3.0;15.0
4759;15.206666666666667;15.0;18.0;-3.0;15.0
4769;15.183333333333334;15.0;18.0;-3.0;15.0
4779;15.093333333333334;15.0;18.0;-3.0;15.0
4789;15.096666666666666;15.0;18.0;-3.0;15.0
4799;15.126666666666667;15.0;18.0;-3.0;15.0
4809;15.09;15.0;18.0;-3.0;15.0
4819;15.14;15.0;18.0;-3.0;15.0
4829;15.093333333333334;15.0;18.0;-3.0;15.0
4839;15.09;15.0;18.0;-3.0;15.0
4849;15.14;15.0;18.0;-3.0;15.0
4859;15.093333333333334;15.0;18.0;-3.0;15.0
4869;15.133333333333333;15.0;18.0;-3.0;15.0
4879;15.1;15.0;18.0;-3.0;15.0
4889;15.1;15.0;18.0;-3.0;15.0
4899;15.09;15.0;18.0;-3.0;15.0
4909;15.113333333333333;15.0;18.0;-3.0;15.0
4919;15.123333333333333;15.0;18.0;-3.0;15.0
4929;15.083333333333334;15.0;18.0;-3.0;15.0
4939;15.186666666666667;15.0;18.0;-3.0;15.0
4949;15.13;15.0;18.0;-3.0;15.0
4959;15.1;15.0;18.0;-3.0;15.0
4969;15.126666666666667;15.0;18.0;-3.0;15.0
4979;15.063333333333333;15.0;18.0;-3.0;15.0
4989;15.153333333333334;15.0;18.0;-3.0;15.0
4999;15.093333333333334;15.0;18.0;-3.0;15.0
5009;15.103333333333333;15.0;18.0;-3.0;15.0
5019;15.103333333333333;15.0;18.0;-3.0;15.0
5029;15.1;15.0;18.0;-3.0;15.0
5039;15.073333333333334;15.0;18.0;-3.0;15.0
5049;15.116666666666667;15.0;18.0;-3.0;15.0
5059;15.096666666666666;15.0;18.0;-3.0;15.0
5069;15.09;15.0;18.0;-3.0;15.0
5079;15.12;15.0;18.0;-3.0;15.0
5089;15.073333333333334;15.0;18.0;-3.0;15.0
5099;15.14;15.0;18.0;-3.0;15.0
5109;15.123333333333333;15.0;18.0;-3.0;15.0
5119;15.076666666666666;15.0;18.0;-3.0;15.0
5129;15.076666666666666;15.0;18.0;-3.0;15.0
5139;15.15;15.0;18.0;-3.0;15.0
5149;15.096666666666666;15.0;18.0;-3.0;15.0
5159;15.08;15.0;18.0;-3.0;15.0
5169;15.14;15.0;18.0;-3.0;15.0
5179;15.11;15.0;18.0;-3.0;15.0
5189;15.14;15.0;18.0;-3.0;15.0
5199;15.113333333333333;15.0;18.0;-3.0;15.0
5209;15.1;15.0;18.0;-3.0;15.0
5219;15.076666666666666;15.0;18.0;-3.0;15.0
5229;15.093333333333334;15.0;18.0;-3.0;15.0
5239;15.12;15.0;18.0;-3.0;15.0
5249;15.1;15.0;18.0;-3.0;15.0
5259;15.083333333333334;15.0;18.0;-3.0;15.0
5269;15.116666666666667;15.0;18.0;-3.0;15.0
5279;15.09;15.0;18.0;-3.0;15.0
5289;15.14;15.0;18.0;-3.0;15.0
5299;15.066666666666666;15.0;18.0;-3.0;15.0
5309;15.1;15.0;18.0;-3.0;15.0
5319;15.123333333333333;15.0;18.0;-3.0;15.0
5329;15.156666666666666;15.0;18.0;-3.0;15.0
5339;15.093333333333334;15.0;18.0;-3.0;15.0
5349;15.093333333333334;15.0;18.0;-3.0;15.0
5359;15.123333333333333;15.0;18.0;-3.0;15.0
5369;15.113333333333333;15.0;18.0;-3.0;15.0
5379;15.113333333333333;15.0;18.0;-3.0;15.0
5389;15.086666666666666;15.0;18.0;-3.0;15.0
5399;15.063333333333333;15.0;18.0;-3.0;15.0
5409;15.196666666666667;15.0;18.0;-3.0;15.0
5419;15.13;15.0;18.0;-3.0;15.0
5429;15.096666666666666;15.0;18.0;-3.0;15.0
5439;15.08;15.0;18.0;-3.0;15.0
5449;15.106666666666667;15.0;18.0;-3.0;15.0
5459;15.14;15.0;18.0;-3.0;15.0
5469;15.1;15.0;18.0;-3.0;15.0
5479;15.143333333333333;15.0;18.0;-3.0;15.0
5489;15.066666666666666;15.0;18.0;-3.0;15.0
5499;15.09;15.0;18.0;-3.0;15.0
5509;15.1;15.0;18.0;-3.0;15.0
5519;15.103333333333333;15.0;18.0;-3.0;15.0
5529;15.1;15.0;18.0;-3.0;15.0
5539;15.063333333333333;15.0;18.0;-3.0;15.0
5549;15.12;15.0;18.0;-3.0;15.0
5559;15.136666666666667;15.0;18.0;-3.0;15.0
5569;15.146666666666667;15.0;18.0;-3.0;15.0
5579;15.09;15.0;18.0;-3.0;15.0
5589;15.106666666666667;15.0;18.0;-3.0;15.0
5599;15.136666666666667;15.0;18.0;-3.0;15.0
5609;15.08;15.0;18.0;-3.0;15.0
5619;15.096666666666666;15.0;18.0;-3.0;15.0
5629;15.146666666666667;15.0;18.0;-3.0;15.0
5639;15.12;15.0;18.0;-3.0;15.0
5649;15.103333333333333;15.0;18.0;-3.0;15.0
5659;15.133333333333333;15.0;18.0;-3.0;15.0
5669;15.123333333333333;15.0;18.0;-3.0;15.0
5679;15.08;15.0;18.0;-3.0;15.0
5689;15.14;15.0;18.0;-3.0;15.0
5699;15.1;15.0;18.0;-3.0;15.0
5709;15.083333333333334;15.0;18.0;-3.0;15.0
5719;15.076666666666666;15.0;18.0;-3.0;15.0
5729;15.11;15.0;18.0;-3.0;15.0
5739;15.073333333333334;15.0;18.0;-3.0;15.0
5749;15.143333333333333;15.0;18.0;-3.0;15.0
5759;15.11;15.0;18.0;-3.0;15.0
5769;15.116666666666667;15.0;18.0;-3.0;15.0
5779;15.096666666666666;15.0;18.0;-3.0;15.0
5789;15.113333333333333;15.0;18.0;-3.0;15.0
5799;15.13;15.0;18.0;-3.0;15.0
5809;15.093333333333334;15.0;18.0;-3.0;15.0
5819;15.08;15.0;18.0;-3.0;15.0
5829;15.103333333333333;15.0;18.0;-3.0;15.0
5839;15.153333333333334;15.0;18.0;-3.0;15.0
5849;15.076666666666666;15.0;18.0;-3.0;15.0
5859;15.136666666666667;15.0;18.0;-3.0;15.0
5869;15.08;15.0;18.0;-3.0;15.0
5879;15.143333333333333;15.0;18.0;-3.0;15.0
5889;15.11;15.0;18.0;-3.0;15.0
5899;15.09;15.0;18.0;-3.0;15.0
5909;15.103333333333333;15.0;18.0;-3.0;15.0
5919;15.12;15.0;18.0;-3.0;15.0
5929;15.093333333333334;15.0;18.0;-3.0;15.0
5939;15.103333333333333;15.0;18.0;-3.0;15.0
5949;15.106666666666667;15.0;18.0;-3.0;15.0
5959;15.11;15.0;18.0;-3.0;15.0
5969;15.1;15.0;18.0;-3.0;15.0
5979;15.143333333333333;15.0;18.0;-3.0;15.0
5989;15.096666666666666;15.0;18.0;-3.0;15.0
5999;15.073333333333334;15.0;18.0;-3.0;15.0
6009;15.166666666666666;15.0;18.0;-3.0;15.0
6019;15.13;15.0;18.0;-3.0;15.0
6029;15.096666666666666;15.0;18.0;-3.0;15.0
6039;15.14;15.0;18.0;-3.0;15.0
6049;15.043333333333333;15.0;18.0;-3.0;15.0
6059;15.073333333333334;15.0;18.0;-3.0;15.0
6069;15.15;15.0;18.0;-3.0;15.0
6079;15.11;15.0;18.0;-3.0;15.0
6089;15.066666666666666;15.0;18.0;-3.0;15.0
6099;15.17;15.0;18.0;-3.0;15.0
6109;15.116666666666667;15.0;18.0;-3.0;15.0
6119;15.13;15.0;18.0;-3.0;15.0
6129;15.093333333333334;15.0;18.0;-3.0;15.0
6139;15.113333333333333;15.0;18.0;-3.0;15.0
6149;15.093333333333334;15.0;18.0;-3.0;15.0
6159;15.123333333333333;15.0;18.0;-3.0;15.0
6169;15.03;15.0;18.0;-3.0;15.0
6179;15.14;15.0;18.0;-3.0;15.0
6189;15.133333333333333;15.0;18.0;-3.0;15.0
6199;15.08;15.0;18.0;-3.0;15.0
6209;15.086666666666666;15.0;18.0;-3.0;15.0
6219;15.066666666666666;15.0;18.0;-3.0;15.0
6229;15.096666666666666;15.0;18.0;-3.0;15.0
6239;15.073333333333334;15.0;18.0;-3.0;15.0
6249;15.08;15.0;18.0;-3.0;15.0
6259;15.076666666666666;15.0;18.0;-3.0;15.0
6269;15.106666666666667;15.0;18.0;-3.0;15.0
6279;15.113333333333333;15.0;18.0;-3.0;15.0
6289;15.09;15.0;18.0;-3.0;15.0
6299;15.083333333333334;15.0;18.0;-3.0;15.0
6309;15.09;15.0;18.0;-3.0;15.0
6319;15.133333333333333;15.0;18.0;-3.0;15.0
6329;15.126666666666667;15.0;18.0;-3.0;15.0
6339;15.053333333333333;15.0;18.0;-3.0;15.0
6349;15.106666666666667;15.0;18.0;-3.0;15.0
6359;15.1;15.0;18.0;-3.0;15.0
6369;15.183333333333334;15.0;18.0;-3.0;15.0
6379;15.13;15.0;18.0;-3.0;15.0
6389;15.07;15.0;18.0;-3.0;15.0
6399;15.1;15.0;18.0;-3.0;15.0
6409;15.06;15.0;18.0;-3.0;15.0
6419;15.1;15.0;18.0;-3.0;15.0
6429;15.08;15.0;18.0;-3.0;15.0
6439;15.126666666666667;15.0;18.0;-3.0;15.0
6449;15.153333333333334;15.0;18.0;-3.0;15.0
6459;15.086666666666666;15.0;18.0;-3.0;15.0
6469;15.066666666666666;15.0;18.0;-3.0;15.0
6479;15.103333333333333;15.0;18.0;-3.0;15.0
6489;15.046666666666667;15.0;18.0;-3.0;15.0
6499;15.18;15.0;18.0;-3.0;15.0
6509;15.116666666666667;15.0;18.0;-3.0;15.0
6519;15.06;15.0;18.0;-3.0;15.0
6529;15.123333333333333;15.0;18.0;-3.0;15.0
6539;15.123333333333333;15.0;18.0;-3.0;15.0
6549;15.126666666666667;15.0;18.0;-3.0;15.0
6559;15.11;15.0;18.0;-3.0;15.0
6569;15.09;15.0;18.0;-3.0;15.0
6579;15.166666666666666;15.0;18.0;-3.0;15.0
6589;15.113333333333333;15.0;18.0;-3.0;15.0
6599;15.146666666666667;15.0;18.0;-3.0;15.0
6609;15.063333333333333;15.0;18.0;-3.0;15.0
6619;15.1;15.0;18.0;-3.0;15.0
6629;15.14;15.0;18.0;-3.0;15.0
6639;15.086666666666666;15.0;18.0;-3.0;15.0
6649;15.096666666666666;15.0;18.0;-3.0;15.0
6659;15.096666666666666;15.0;18.0;-3.0;15.0
6669;15.083333333333334;15.0;18.0;-3.0;15.0
6679;15.1;15.0;18.0;-3.0;15.0
6689;15.076666666666666;15.0;18.0;-3.0;15.0
6699;15.103333333333333;15.0;18.0;-3.0;15.0
6709;15.076666666666666;15.0;18.0;-3.0;15.0
6719;15.093333333333334;15.0;18.0;-3.0;15.0
6729;15.066666666666666;15.0;18.0;-3.0;15.0
6739;15.126666666666667;15.0;18.0;-3.0;15.0
6749;15.13;15.0;18.0;-3.0;15.0
6759;15.11;15.0;18.0;-3.0;15.0
6769;15.07;15.0;18.0;-3.0;15.0
6779;15.08;15.0;18.0;-3.0;15.0
6789;15.066666666666666;15.0;18.0;-3.0;15.0
6799;15.09;15.0;18.0;-3.0;15.0
6809;15.13;15.0;18.0;-3.0;15.0
6819;15.076666666666666;15.0;18.0;-3.0;15.0
6829;15.09;15.0;18.0;-3.0;15.0
6839;15.066666666666666;15.0;18.0;-3.0;15.0
6849;15.083333333333334;15.0;18.0;-3.0;15.0
6859;15.07;15.0;18.0;-3.0;15.0
6869;15.143333333333333;15.0;18.0;-3.0;15.0
6879;15.086666666666666;15.0;18.0;-3.0;15.0
6889;15.14;15.0;18.0;-3.0;15.0
6899;15.15;15.0;18.0;-3.0;15.0
6909;15.093333333333334;15.0;18.0;-3.0;15.0
6919;15.17;15.0;18.0;-3.0;15.0
6929;15.12;15.0;18.0;-3.0;15.0
6939;15.083333333333334;15.0;18.0;-3.0;15.0
6949;15.136666666666667;15.0;18.0;-3.0;15.0
6959;15.073333333333334;15.0;18.0;-3.0;15.0
6969;15.066666666666666;15.0;18.0;-3.0;15.0
6979;15.136666666666667;15.0;18.0;-3.0;15.0
6989;15.076666666666666;15.0;18.0;-3.0;15.0
6999;15.15;15.0;18.0;-3.0;15.0
7009;15.12;15.0;18.0;-3.0;15.0
7019;15.093333333333334;15.0;18.0;-3.0;15.0
7029;15.076666666666666;15.0;18.0;-3.0;15.0
7039;15.153333333333334;15.0;18.0;-3.0;15.0
7049;15.083333333333334;15.0;18.0;-3.0;15.0
7059;15.146666666666667;15.0;18.0;-3.0;15.0
7069;15.07;15.0;18.0;-3.0;15.0
7079;15.12;15.0;18.0;-3.0;15.0
7089;15.133333333333333;15.0;18.0;-3.0;15.0
7099;15.11;15.0;18.0;-3.0;15.0
7109;15.143333333333333;15.0;18.0;-3.0;15.0
7119;15.126666666666667;15.0;18.0;-3.0;15.0
7129;15.153333333333334;15.0;18.0;-3.0;15.0
7139;15.136666666666667;15.0;18.0;-3.0;15.0
7149;15.1;15.0;18.0;-3.0;15.0
7159;15.11;15.0;18.0;-3.0;15.0
7169;15.093333333333334;15.0;18.0;-3.0;15.0
7179;15.106666666666667;15.0;18.0;-3.0;15.0
7189;15.15;15.0;18.0;-3.0;15.0
7199;15.06;15.0;18.0;-3.0;15.0
7209;15.196666666666667;15.0;18.0;-3.0;15.0
7219;15.073333333333334;15.0;18.0;-3.0;15.0
7229;15.14;15.0;18.0;-3.0;15.0
7239;15.05;15.0;18.0;-3.0;15.0
7249;15.116666666666667;15.0;18.0;-3.0;15.0
7259;15.15;15.0;18.0;-3.0;15.0
7269;15.123333333333333;15.0;18.0;-3.0;15.0
7279;15.046666666666667;15.0;18.0;-3.0;15.0
7289;15.053333333333333;15.0;18.0;-3.0;15.0
7299;15.066666666666666;15.0;18.0;-3.0;15.0
7309;15.076666666666666;15.0;18.0;-3.0;15.0
7319;15.156666666666666;15.0;18.0;-3.0;15.0
7329;15.09;15.0;18.0;-3.0;15.0
7339;15.076666666666666;15.0;18.0;-3.0;15.0
7349;15.103333333333333;15.0;18.0;-3.0;15.0
7359;15.063333333333333;15.0;18.0;-3.0;15.0
7369;15.133333333333333;15.0;18.0;-3.0;15.0
7379;15.133333333333333;15.0;18.0;-3.0;15.0
7389;15.076666666666666;15.0;18.0;-3.0;15.0
7399;15.116666666666667;15.0;18.0;-3.0;15.0
7409;15.12;15.0;18.0;-3.0;15.0
7419;15.19;15.0;18.0;-3.0;15.0
7429;15.146666666666667;15.0;18.0;-3.0;15.0
7439;15.096666666666666;15.0;18.0;-3.0;15.0
7449;15.173333333333334;15.0;18.0;-3.0;15.0
7459;15.116666666666667;15.0;18.0;-3.0;15.0
7469;15.106666666666667;15.0;18.0;-3.0;15.0
7479;15.07;15.0;18.0;-3.0;15.0
7489;15.14;15.0;18.0;-3.0;15.0
7499;15.1;15.0;18.0;-3.0;15.0
7509;15.053333333333333;15.0;18.0;-3.0;15.0
7519;15.06;15.0;18.0;-3.0;15.0
7529;15.103333333333333;15.0;18.0;-3.0;15.0
7539;15.133333333333333;15.0;18.0;-3.0;15.0
7549;15.063333333333333;15.0;18.0;-3.0;15.0
7559;15.106666666666667;15.0;18.0;-3.0;15.0
7569;15.116666666666667;15.0;18.0;-3.0;15.0
7579;15.12;15.0;18.0;-3.0;15.0
7589;15.103333333333333;15.0;18.0;-3.0;15.0
7599;15.083333333333334;15.0;18.0;-3.0;15.0
7609;15.133333333333333;15.0;18.0;-3.0;15.0
7619;15.086666666666666;15.0;18.0;-3.0;15.0
7629;15.103333333333333;15.0;18.0;-3.0;15.0
7639;15.09;15.0;18.0;-3.0;15.0
7649;15.073333333333334;15.0;18.0;-3.0;15.0
7659;15.09;15.0;18.0;-3.0;15.0
7669;15.12;15.0;18.0;-3.0;15.0
7679;15.1;15.0;18.0;-3.0;15.0
7689;15.113333333333333;15.0;18.0;-3.0;15.0
7699;15.146666666666667;15.0;18.0;-3.0;15.0
7709;15.143333333333333;15.0;18.0;-3.0;15.0
7719;15.07;15.0;18.0;-3.0;15.0
7729;15.083333333333334;15.0;18.0;-3.0;15.0
7739;15.17;15.0;18.0;-3.0;15.0
7749;15.103333333333333;15.0;18.0;-3.0;15.0
7759;15.086666666666666;15.0;18.0;-3.0;15.0
7769;15.166666666666666;15.0;18.0;-3.0;15.0
7779;15.14;15.0;18.0;-3.0;15.0
7789;15.11;15.0;18.0;-3.0;15.0
7799;15.083333333333334;15.0;18.0;-3.0;15.0
7809;15.116666666666667;15.0;18.0;-3.0;15.0
7819;15.07;15.0;18.0;-3.0;15.0
7829;15.15;15.0;18.0;-3.0;15.0
7839;15.103333333333333;15.0;18.0;-3.0;15.0
7849;15.106666666666667;15.0;18.0;-3.0;15.0
7859;15.103333333333333;15.0;18.0;-3.0;15.0
7869;15.06;15.0;18.0;-3.0;15.0
7879;15.173333333333334;15.0;18.0;-3.0;15.0
7889;15.093333333333334;15.0;18.0;-3.0;15.0
7899;15.076666666666666;15.0;18.0;-3.0;15.0
7909;15.046666666666667;15.0;18.0;-3.0;15.0
7919;15.183333333333334;15.0;18.0;-3.0;15.0
7929;15.09;15.0;18.0;-3.0;15.0
7939;15.073333333333334;15.0;18.0;-3.0;15.0
7949;15.1;15.0;18.0;-3.0;15.0
7959;15.08;15.0;18.0;-3.0;15.0
7969;15.05;15.0;18.0;-3.0;15.0
7979;15.12;15.0;18.0;-3.0;15.0
7989;15.12;15.0;18.0;-3.0;15.0
7999;15.066666666666666;15.0;18.0;-3.0;15.0
8009;15.106666666666667;15.0;18.0;-3.0;15.0
8019;15.08;15.0;18.0;-3.0;15.0
8029;15.086666666666666;15.0;18.0;-3.0;15.0
8039;15.05;15.0;18.0;-3.0;15.0
8049;15.116666666666667;15.0;18.0;-3.0;15.0
8059;15.046666666666667;15.0;18.0;-3.0;15.0
8069;15.103333333333333;15.0;18.0;-3.0;15.0
8079;15.086666666666666;15.0;18.0;-3.0;15.0
8089;15.096666666666666;15.0;18.0;-3.0;15.0
8099;15.09;15.0;18.0;-3.0;15.0
8109;15.076666666666666;15.0;18.0;-3.0;15.0
8119;15.05;15.0;18.0;-3.0;15.0
8129;15.056666666666667;15.0;18.0;-3.0;15.0
8139;15.15;15.0;18.0;-3.0;15.0
8149;15.093333333333334;15.0;18.0;-3.0;15.0
8159;15.126666666666667;15.0;18.0;-3.0;15.0
8169;15.113333333333333;15.0;18.0;-3.0;15.0
8179;15.156666666666666;15.0;18.0;-3.0;15.0
8189;15.103333333333333;15.0;18.0;-3.0;15.0
8199;15.086666666666666;15.0;18.0;-3.0;15.0
8209;15.103333333333333;15.0;18.0;-3.0;15.0
8219;15.11;15.0;18.0;-3.0;15.0
8229;15.11;15.0;18.0;-3.0;15.0
8239;15.116666666666667;15.0;18.0;-3.0;15.0
8249;15.073333333333334;15.0;18.0;-3.0;15.0
8259;15.09;15.0;18.0;-3.0;15.0
8269;15.143333333333333;15.0;18.0;-3.0;15.0
8279;15.076666666666666;15.0;18.0;-3.0;15.0
8289;15.103333333333333;15.0;18.0;-3.0;15.0
8299;15.066666666666666;15.0;18.0;-3.0;15.0
8309;15.126666666666667;15.0;18.0;-3.0;15.0
8319;15.116666666666667;15.0;18.0;-3.0;15.0
8329;15.073333333333334;15.0;18.0;-3.0;15.0
8339;15.096666666666666;15.0;18.0;-3.0;15.0
8349;15.12;15.0;18.0;-3.0;15.0
8359;15.163333333333334;15.0;18.0;-3.0;15.0
8369;15.103333333333333;15.0;18.0;-3.0;15.0
8379;15.143333333333333;15.0;18.0;-3.0;15.0
8389;15.136666666666667;15.0;18.0;-3.0;15.0
8399;15.093333333333334;15.0;18.0;-3.0;15.0
8409;15.126666666666667;15.0;18.0;-3.0;15.0
8419;15.106666666666667;15.0;18.0;-3.0;15.0
8429;15.143333333333333;15.0;18.0;-3.0;15.0
8439;15.063333333333333;15.0;18.0;-3.0;15.0
8449;15.17;15.0;18.0;-3.0;15.0
8459;15.083333333333334;15.0;18.0;-3.0;15.0
8469;15.066666666666666;15.0;18.0;-3.0;15.0
8479;15.096666666666666;15.0;18.0;-3.0;15.0
8489;15.073333333333334;15.0;18.0;-3.0;15.0
8499;15.083333333333334;15.0;18.0;-3.0;15.0
8509;15.146666666666667;15.0;18.0;-3.0;15.0
8519;15.113333333333333;15.0;18.0;-3.0;15.0
8529;15.13;15.0;18.0;-3.0;15.0
8539;15.146666666666667;15.0;18.0;-3.0;15.0
8549;15.12;15.0;18.0;-3.0;15.0
8559;15.096666666666666;15.0;18.0;-3.0;15.0
8569;15.123333333333333;15.0;18.0;-3.0;15.0
8579;15.093333333333334;15.0;18.0;-3.0;15.0
8589;15.076666666666666;15.0;18.0;-3.0;15.0
8599;15.133333333333333;15.0;18.0;-3.0;15.0
8609;15.133333333333333;15.0;18.0;-3.0;15.0
8619;15.146666666666667;15.0;18.0;-3.0;15.0
8629;15.083333333333334;15.0;18.0;-3.0;15.0
8639;15.126666666666667;15.0;18.0;-3.0;15.0
8649;15.103333333333333;15.0;18.0;-3.0;15.0
8659;15.05;15.0;18.0;-3.0;15.0
8669;15.103333333333333;15.0;18.0;-3.0;15.0
8679;15.106666666666667;15.0;18.0;-3.0;15.0
8689;15.043333333333333;15.0;18.0;-3.0;15.0
8699;15.063333333333333;15.0;18.0;-3.0;15.0
8709;15.16;15.0;18.0;-3.0;15.0
8719;15.076666666666666;15.0;18.0;-3.0;15.0
8729;15.103333333333333;15.0;18.0;-3.0;15.0
8739;15.086666666666666;15.0;18.0;-3.0;15.0
8749;15.14;15.0;18.0;-3.0;15.0
8759;15.106666666666667;15.0;18.0;-3.0;15.0
8769;15.08;15.0;18.0;-3.0;15.0
8779;15.076666666666666;15.0;18.0;-3.0;15.0
8789;15.046666666666667;15.0;18.0;-3.0;15.0
8799;15.136666666666667;15.0;18.0;-3.0;15.0
8809;15.17;15.0;18.0;-3.0;15.0
8819;15.09;15.0;18.0;-3.0;15.0
8829;15.063333333333333;15.0;18.0;-3.0;15.0
8839;15.066666666666666;15.0;18.0;-3.0;15.0
8849;15.09;15.0;18.0;-3.0;15.0
8859;15.123333333333333;15.0;18.0;-3.0;15.0
8869;15.07;15.0;18.0;-3.0;15.0
8879;15.12;15.0;18.0;-3.0;15.0
8889;15.113333333333333;15.0;18.0;-3.0;15.0
8899;15.163333333333334;15.0;18.0;-3.0;15.0
8909;15.073333333333334;15.0;18.0;-3.0;15.0
8919;15.066666666666666;15.0;18.0;-3.0;15.0
8929;15.163333333333334;15.0;18.0;-3.0;15.0
8939;15.14;15.0;18.0;-3.0;15.0
8949;15.1;15.0;18.0;-3.0;15.0
8959;15.1;15.0;18.0;-3.0;15.0
8969;15.116666666666667;15.0;18.0;-3.0;15.0
8979;15.106666666666667;15.0;18.0;-3.0;15.0
8989;15.11;15.0;18.0;-3.0;15.0
8999;15.1;15.0;18.0;-3.0;15.0
9009;15.106666666666667;15.0;18.0;-3.0;15.0
9019;15.096666666666666;15.0;18.0;-3.0;15.0
9029;15.093333333333334;15.0;18.0;-3.0;15.0
9039;15.14;15.0;18.0;-3.0;15.0
9049;15.07;15.0;18.0;-3.0;15.0
9059;15.116666666666667;15.0;18.0;-3.0;15.0
9069;15.113333333333333;15.0;18.0;-3.0;15.0
9079;15.1;15.0;18.0;-3.0;15.0
9089;15.13;15.0;18.0;-3.0;15.0
9099;15.083333333333334;15.0;18.0;-3.0;15.0
9109;15.113333333333333;15.0;18.0;-3.0;15.0
9119;15.09;15.0;18.0;-3.0;15.0
9129;15.133333333333333;15.0;18.0;-3.0;15.0
9139;15.15;15.0;18.0;-3.0;15.0
9149;15.136666666666667;15.0;18.0;-3.0;15.0
9159;15.153333333333334;15.0;18.0;-3.0;15.0
9169;15.096666666666666;15.0;18.0;-3.0;15.0
9179;15.07;15.0;18.0;-3.0;15.0
9189;15.09;15.0;18.0;-3.0;15.0
9199;15.076666666666666;15.0;18.0;-3.0;15.0
9209;15.09;15.0;18.0;-3.0;15.0
9219;15.126666666666667;15.0;18.0;-3.0;15.0
9229;15.116666666666667;15.0;18.0;-3.0;15.0
9239;15.133333333333333;15.0;18.0;-3.0;15.0
9249;15.126666666666667;15.0;18.0;-3.0;15.0
9259;15.13;15.0;18.0;-3.0;15.0
9269;15.08;15.0;18.0;-3.0;15.0
9279;15.093333333333334;15.0;18.0;-3.0;15.0
9289;15.05;15.0;18.0;-3.0;15.0
9299;15.116666666666667;15.0;18.0;-3.0;15.0
9309;15.106666666666667;15.0;18.0;-3.0;15.0
9319;15.106666666666667;15.0;18.0;-3.0;15.0
9329;15.063333333333333;15.0;18.0;-3.0;15.0
9339;15.1;15.0;18.0;-3.0;15.0
9349;15.07;15.0;18.0;-3.0;15.0
9359;15.143333333333333;15.0;18.0;-3.0;15.0
9369;15.126666666666667;15.0;18.0;-3.0;15.0
9379;15.09;15.0;18.0;-3.0;15.0
9389;15.113333333333333;15.0;18.0;-3.0;15.0
9399;15.043333333333333;15.0;18.0;-3.0;15.0
9409;15.096666666666666;15.0;18.0;-3.0;15.0
9419;15.096666666666666;15.0;18.0;-3.0;15.0
9429;15.113333333333333;15.0;18.0;-3.0;15.0
9439;15.096666666666666;15.0;18.0;-3.0;15.0
9449;15.11;15.0;18.0;-3.0;15.0
9459;15.083333333333334;15.0;18.0;-3.0;15.0
9469;15.13;15.0;18.0;-3.0;15.0
9479;15.136666666666667;15.0;18.0;-3.0;15.0
9489;15.13;15.0;18.0;-3.0;15.0
9499;15.1;15.0;18.0;-3.0;15.0
9509;15.12;15.0;18.0;-3.0;15.0
9519;15.066666666666666;15.0;18.0;-3.0;15.0
9529;15.08;15.0;18.0;-3.0;15.0
9539;15.15;15.0;18.0;-3.0;15.0
9549;15.09;15.0;18.0;-3.0;15.0
9559;15.126666666666667;15.0;18.0;-3.0;15.0
9569;15.093333333333334;15.0;18.0;-3.0;15.0
9579;15.12;15.0;18.0;-3.0;15.0
9589;15.086666666666666;15.0;18.0;-3.0;15.0
9599;15.08;15.0;18.0;-3.0;15.0
9609;15.086666666666666;15.0;18.0;-3.0;15.0
9619;15.066666666666666;15.0;18.0;-3.0;15.0
9629;15.093333333333334;15.0;18.0;-3.0;15.0
9639;15.07;15.0;18.0;-3.0;15.0
9649;15.14;15.0;18.0;-3.0;15.0
9659;15.133333333333333;15.0;18.0;-3.0;15.0
9669;15.066666666666666;15.0;18.0;-3.0;15.0
9679;15.076666666666666;15.0;18.0;-3.0;15.0
9689;15.123333333333333;15.0;18.0;-3.0;15.0
9699;15.176666666666666;15.0;18.0;-3.0;15.0
9709;15.136666666666667;15.0;18.0;-3.0;15.0
9719;15.13;15.0;18.0;-3.0;15.0
9729;15.073333333333334;15.0;18.0;-3.0;15.0
9739;15.143333333333333;15.0;18.0;-3.0;15.0
9749;15.146666666666667;15.0;18.0;-3.0;15.0
9759;15.113333333333333;15.0;18.0;-3.0;15.0
9769;15.1;15.0;18.0;-3.0;15.0
9779;15.113333333333333;15.0;18.0;-3.0;15.0
9789;15.093333333333334;15.0;18.0;-3.0;15.0
9799;15.126666666666667;15.0;18.0;-3.0;15.0
9809;15.07;15.0;18.0;-3.0;15.0
9819;15.11;15.0;18.0;-3.0;15.0
9829;15.106666666666667;15.0;18.0;-3.0;15.0
9839;15.093333333333334;15.0;18.0;-3.0;15.0
9849;15.116666666666667;15.0;18.0;-3.0;15.0
9859;15.11;15.0;18.0;-3.0;15.0
9869;15.113333333333333;15.0;18.0;-3.0;15.0
9879;15.066666666666666;15.0;18.0;-3.0;15.0
9889;15.096666666666666;15.0;18.0;-3.0;15.0
9899;15.083333333333334;15.0;18.0;-3.0;15.0
9909;15.146666666666667;15.0;18.0;-3.0;15.0
9919;15.15;15.0;18.0;-3.0;15.0
9929;15.146666666666667;15.0;18.0;-3.0;15.0
9939;15.113333333333333;15.0;18.0;-3.0;15.0
9949;15.066666666666666;15.0;18.0;-3.0;15.0
9959;15.043333333333333;15.0;18.0;-3.0;15.0
9969;15.11;15.0;18.0;-3.0;15.0
9979;15.106666666666667;15.0;18.0;-3.0;15.0
9989;15.116666666666667;15.0;18.0;-3.0;15.0
9999;15.12;15.0;18.0;-3.0;15.0
10009;15.056666666666667;15.0;18.0;-3.0;15.0
10019;15.113333333333333;15.0;18.0;-3.0;15.0
10029;15.13;15.0;18.0;-3.0;15.0
10039;15.133333333333333;15.0;18.0;-3.0;15.0
10049;15.063333333333333;15.0;18.0;-3.0;15.0
10059;15.1;15.0;18.0;-3.0;15.0
10069;15.13;15.0;18.0;-3.0;15.0
10079;15.07;15.0;18.0;-3.0;15.0
10089;15.106666666666667;15.0;18.0;-3.0;15.0
10099;15.106666666666667;15.0;18.0;-3.0;15.0
10109;15.076666666666666;15.0;18.0;-3.0;15.0
10119;15.043333333333333;15.0;18.0;-3.0;15.0
10129;15.136666666666667;15.0;18.0;-3.0;15.0
10139;15.13;15.0;18.0;-3.0;15.0
10149;15.076666666666666;15.0;18.0;-3.0;15.0
10159;15.053333333333333;15.0;18.0;-3.0;15.0
10169;15.12;15.0;18.0;-3.0;15.0
10179;15.12;15.0;18.0;-3.0;15.0
10189;15.096666666666666;15.0;18.0;-3.0;15.0
10199;15.12;15.0;18.0;-3.0;15.0
10209;15.076666666666666;15.0;18.0;-3.0;15.0
10219;15.113333333333333;15.0;18.0;-3.0;15.0
10229;15.096666666666666;15.0;18.0;-3.0;15.0
10239;15.053333333333333;15.0;18.0;-3.0;15.0
10249;15.1;15.0;18.0;-3.0;15.0
10259;15.13;15.0;18.0;-3.0;15.0
10269;15.083333333333334;15.0;18.0;-3.0;15.0
10279;15.14;15.0;18.0;-3.0;15.0
10289;15.113333333333333;15.0;18.0;-3.0;15.0
10299;15.1;15.0;18.0;-3.0;15.0
10309;15.09;15.0;18.0;-3.0;15.0
10319;15.106666666666667;15.0;18.0;-3.0;15.0
10329;15.116666666666667;15.0;18.0;-3.0;15.0
10339;15.07;15.0;18.0;-3.0;15.0
10349;15.14;15.0;18.0;-3.0;15.0
10359;15.203333333333333;15.0;18.0;-3.0;15.0
10369;15.093333333333334;15.0;18.0;-3.0;15.0
10379;15.056666666666667;15.0;18.0;-3.0;15.0
10389;15.116666666666667;15.0;18.0;-3.0;15.0
10399;15.07;15.0;18.0;-3.0;15.0
10409;15.083333333333334;15.0;18.0;-3.0;15.0
10419;15.103333333333333;15.0;18.0;-3.0;15.0
10429;15.06;15.0;18.0;-3.0;15.0
10439;15.086666666666666;15.0;18.0;-3.0;15.0
10449;15.1;15.0;18.0;-3.0;15.0
10459;15.12;15.0;18.0;-3.0;15.0
10469;15.093333333333334;15.0;18.0;-3.0;15.0
10479;15.07;15.0;18.0;-3.0;15.0
10489;15.113333333333333;15.0;18.0;-3.0;15.0
10499;15.07;15.0;18.0;-3.0;15.0
10509;15.093333333333334;15.0;18.0;-3.0;15.0
10519;15.13;15.0;18.0;-3.0;15.0
10529;15.146666666666667;15.0;18.0;-3.0;15.0
10539;15.116666666666667;15.0;18.0;-3.0;15.0
10549;15.096666666666666;15.0;18.0;-3.0;15.0
10559;15.103333333333333;15.0;18.0;-3.0;15.0
10569;15.14;15.0;18.0;-3.0;15.0
10579;15.133333333333333;15.0;18.0;-3.0;15.0
10589;15.15;15.0;18.0;-3.0;15.0
10599;15.076666666666666;15.0;18.0;-3.0;15.0
10609;15.1;15.0;18.0;-3.0;15.0
10619;15.13;15.0;18.0;-3.0;15.0
10629;15.09;15.0;18.0;-3.0;15.0
10639;15.09;15.0;18.0;-3.0;15.0
10649;15.1;15.0;18.0;-3.0;15.0
10659;15.09;15.0;18.0;-3.0;15.0
10669;15.11;15.0;18.0;-3.0;15.0
10679;15.116666666666667;15.0;18.0;-3.0;15.0
10689;15.063333333333333;15.0;18.0;-3.0;15.0
10699;15.093333333333334;15.0;18.0;-3.0;15.0
10709;15.096666666666666;15.0;18.0;-3.0;15.0
10719;15.106666666666667;15.0;18.0;-3.0;15.0
10729;15.09;15.0;18.0;-3.0;15.0
10739;15.11;15.0;18.0;-3.0;15.0
10749;15.116666666666667;15.0;18.0;-3.0;15.0
10759;15.1;15.0;18.0;-3.0;15.0
10769;15.11;15.0;18.0;-3.0;15.0
10779;15.13;15.0;18.0;-3.0;15.0
10789;15.11;15.0;18.0;-3.0;15.0
10799;15.096666666666666;15.0;18.0;-3.0;15.0
10809;15.173333333333334;15.0;18.0;-3.0;15.0
10819;15.136666666666667;15.0;18.0;-3.0;15.0
10829;15.126666666666667;15.0;18.0;-3.0;15.0
10839;15.143333333333333;15.0;18.0;-3.0;15.0
10849;15.14;15.0;18.0;-3.0;15.0
10859;15.093333333333334;15.0;18.0;-3.0;15.0
10869;15.1;15.0;18.0;-3.0;15.0
10879;15.17;15.0;18.0;-3.0;15.0
10889;15.113333333333333;15.0;18.0;-3.0;15.0
10899;15.1;15.0;18.0;-3.0;15.0
10909;15.08;15.0;18.0;-3.0;15.0
10919;15.053333333333333;15.0;18.0;-3.0;15.0
10929;15.1;15.0;18.0;-3.0;15.0
10939;15.086666666666666;15.0;18.0;-3.0;15.0
10949;15.09;15.0;18.0;-3.0;15.0
10959;15.12;15.0;18.0;-3.0;15.0
10969;15.07;15.0;18.0;-3.0;15.0
10979;15.086666666666666;15.0;18.0;-3.0;15.0
10989;15.14;15.0;18.0;-3.0;15.0
10999;15.17;15.0;18.0;-3.0;15.0
11009;15.13;15.0;18.0;-3.0;15.0
11019;15.113333333333333;15.0;18.0;-3.0;15.0
11029;15.116666666666667;15.0;18.0;-3.0;15.0
11039;15.19;15.0;18.0;-3.0;15.0
11049;15.13;15.0;18.0;-3.0;15.0
11059;15.12;15.0;18.0;-3.0;15.0
11069;15.13;15.0;18.0;-3.0;15.0
11079;15.083333333333334;15.0;18.0;-3.0;15.0
11089;15.09;15.0;18.0;-3.0;15.0
11099;15.106666666666667;15.0;18.0;-3.0;15.0
11109;15.103333333333333;15.0;18.0;-3.0;15.0
11119;15.063333333333333;15.0;18.0;-3.0;15.0
11129;15.113333333333333;15.0;18.0;-3.0;15.0
11139;15.103333333333333;15.0;18.0;-3.0;15.0
11149;15.126666666666667;15.0;18.0;-3.0;15.0
11159;15.113333333333333;15.0;18.0;-3.0;15.0
11169;15.16;15.0;18.0;-3.0;15.0
11179;15.083333333333334;15.0;18.0;-3.0;15.0
11189;15.093333333333334;15.0;18.0;-3.0;15.0
11199;15.106666666666667;15.0;18.0;-3.0;15.0
11209;15.116666666666667;15.0;18.0;-3.0;15.0
11219;15.1;15.0;18.0;-3.0;15.0
11229;15.163333333333334;15.0;18.0;-3.0;15.0
11239;15.096666666666666;15.0;18.0;-3.0;15.0
11249;15.156666666666666;15.0;18.0;-3.0;15.0
11259;15.083333333333334;15.0;18.0;-3.0;15.0
11269;15.116666666666667;15.0;18.0;-3.0;15.0
11279;15.113333333333333;15.0;18.0;-3.0;15.0
11289;15.173333333333334;15.0;18.0;-3.0;15.0
11299;15.113333333333333;15.0;18.0;-3.0;15.0
11309;15.066666666666666;15.0;18.0;-3.0;15.0
11319;15.09;15.0;18.0;-3.0;15.0
11329;15.09;15.0;18.0;-3.0;15.0
11339;15.086666666666666;15.0;18.0;-3.0;15.0
11349;15.13;15.0;18.0;-3.0;15.0
11359;15.07;15.0;18.0;-3.0;15.0
11369;15.093333333333334;15.0;18.0;-3.0;15.0
11379;15.09;15.0;18.0;-3.0;15.0
11389;15.173333333333334;15.0;18.0;-3.0;15.0
11399;15.086666666666666;15.0;18.0;-3.0;15.0
11409;15.09;15.0;18.0;-3.0;15.0
11419;15.096666666666666;15.0;18.0;-3.0;15.0
11429;15.07;15.0;18.0;-3.0;15.0
11439;15.093333333333334;15.0;18.0;-3.0;15.0
11449;15.086666666666666;15.0;18.0;-3.0;15.0
11459;15.13;15.0;18.0;-3.0;15.0
11469;15.126666666666667;15.0;18.0;-3.0;15.0
11479;15.09;15.0;18.0;-3.0;15.0
11489;15.09;15.0;18.0;-3.0;15.0
11499;15.123333333333333;15.0;18.0;-3.0;15.0
11509;15.076666666666666;15.0;18.0;-3.0;15.0
11519;15.143333333333333;15.0;18.0;-3.0;15.0
11529;15.133333333333333;15.0;18.0;-3.0;15.0
11539;15.086666666666666;15.0;18.0;-3.0;15.0
11549;15.09;15.0;18.0;-3.0;15.0
11559;15.083333333333334;15.0;18.0;-3.0;15.0
11569;15.093333333333334;15.0;18.0;-3.0;15.0
11579;15.116666666666667;15.0;18.0;-3.0;15.0
11589;15.093333333333334;15.0;18.0;-3.0;15.0
11599;15.096666666666666;15.0;18.0;-3.0;15.0
11609;15.1;15.0;18.0;-3.0;15.0
11619;15.09;15.0;18.0;-3.0;15.0
11629;15.126666666666667;15.0;18.0;-3.0;15.0
11639;15.1;15.0;18.0;-3.0;15.0
11649;15.163333333333334;15.0;18.0;-3.0;15.0
11659;15.073333333333334;15.0;18.0;-3.0;15.0
11669;15.146666666666667;15.0;18.0;-3.0;15.0
11679;15.063333333333333;15.0;18.0;-3.0;15.0
11689;15.083333333333334;15.0;18.0;-3.0;15.0
11699;15.086666666666666;15.0;18.0;-3.0;15.0
11709;15.066666666666666;15.0;18.0;-3.0;15.0
11719;15.123333333333333;15.0;18.0;-3.0;15.0
11729;15.056666666666667;15.0;18.0;-3.0;15.0
11739;15.103333333333333;15.0;18.0;-3.0;15.0
11749;15.096666666666666;15.0;18.0;-3.0;15.0
11759;15.1;15.0;18.0;-3.0;15.0
11769;15.116666666666667;15.0;18.0;-3.0;15.0
11779;15.043333333333333;15.0;18.0;-3.0;15.0
11789;15.12;15.0;18.0;-3.0;15.0
11799;15.123333333333333;15.0;18.0;-3.0;15.0
11809;15.146666666666667;15.0;18.0;-3.0;15.0
11819;15.113333333333333;15.0;18.0;-3.0;15.0
11829;15.153333333333334;15.0;18.0;-3.0;15.0
11839;15.083333333333334;15.0;18.0;-3.0;15.0
11849;15.113333333333333;15.0;18.0;-3.0;15.0
11859;15.083333333333334;15.0;18.0;-3.0;15.0
11869;15.13;15.0;18.0;-3.0;15.0
11879;15.1;15.0;18.0;-3.0;15.0
11889;15.096666666666666;15.0;18.0;-3.0;15.0
11899;15.083333333333334;15.0;18.0;-3.0;15.0
11909;15.086666666666666;15.0;18.0;-3.0;15.0
11919;15.133333333333333;15.0;18.0;-3.0;15.0
11929;15.103333333333333;15.0;18.0;-3.0;15.0
11939;15.103333333333333;15.0;18.0;-3.0;15.0
11949;15.14;15.0;18.0;-3.0;15.0
11959;15.11;15.0;18.0;-3.0;15.0
11969;15.113333333333333;15.0;18.0;-3.0;15.0
11979;15.063333333333333;15.0;18.0;-3.0;15.0
11989;15.096666666666666;15.0;18.0;-3.0;15.0
11999;15.12;15.0;18.0;-3.0;15.0
12009;15.05;15.0;18.0;-3.0;15.0
12019;15.123333333333333;15.0;18.0;-3.0;15.0
12029;15.103333333333333;15.0;18.0;-3.0;15.0
12039;15.103333333333333;15.0;18.0;-3.0;15.0
12049;15.106666666666667;15.0;18.0;-3.0;15.0
12059;15.126666666666667;15.0;18.0;-3.0;15.0
12069;15.12;15.0;18.0;-3.0;15.0
12079;15.133333333333333;15.0;18.0;-3.0;15.0
12089;15.076666666666666;15.0;18.0;-3.0;15.0
12099;15.143333333333333;15.0;18.0;-3.0;15.0
12109;15.106666666666667;15.0;18.0;-3.0;15.0
12119;15.07;15.0;18.0;-3.0;15.0
12129;15.123333333333333;15.0;18.0;-3.0;15.0
12139;15.076666666666666;15.0;18.0;-3.0;15.0
12149;15.136666666666667;15.0;18.0;-3.0;15.0
12159;15.083333333333334;15.0;18.0;-3.0;15.0
12169;15.083333333333334;15.0;18.0;-3.0;15.0
12179;15.146666666666667;15.0;18.0;-3.0;15.0
12189;15.11;15.0;18.0;-3.0;15.0
12199;15.13;15.0;18.0;-3.0;15.0
12209;15.08;15.0;18.0;-3.0;15.0
12219;15.11;15.0;18.0;-3.0;15.0
12229;15.09;15.0;18.0;-3.0;15.0
12239;15.093333333333334;15.0;18.0;-3.0;15.0
12249;15.093333333333334;15.0;18.0;-3.0;15.0
12259;15.08;15.0;18.0;-3.0;15.0
12269;15.123333333333333;15.0;18.0;-3.0;15.0
12279;15.113333333333333;15.0;18.0;-3.0;15.0
12289;15.086666666666666;15.0;18.0;-3.0;15.0
12299;15.123333333333333;15.0;18.0;-3.0;15.0
12309;15.123333333333333;15.0;18.0;-3.0;15.0
12319;15.083333333333334;15.0;18.0;-3.0;15.0
12329;15.066666666666666;15.0;18.0;-3.0;15.0
12339;15.126666666666667;15.0;18.0;-3.0;15.0
12349;15.066666666666666;15.0;18.0;-3.0;15.0
12359;15.136666666666667;15.0;18.0;-3.0;15.0
12369;15.106666666666667;15.0;18.0;-3.0;15.0
12379;15.13;15.0;18.0;-3.0;15.0
12389;15.1;15.0;18.0;-3.0;15.0
12399;15.083333333333334;15.0;18.0;-3.0;15.0
12409;15.06;15.0;18.0;-3.0;15.0
12419;15.063333333333333;15.0;18.0;-3.0;15.0
12429;15.073333333333334;15.0;18.0;-3.0;15.0
12439;15.096666666666666;15.0;18.0;-3.0;15.0
12449;15.113333333333333;15.0;18.0;-3.0;15.0
12459;15.09;15.0;18.0;-3.0;15.0
12469;15.08;15.0;18.0;-3.0;15.0
12479;15.103333333333333;15.0;18.0;-3.0;15.0
12489;15.163333333333334;15.0;18.0;-3.0;15.0
12499;15.103333333333333;15.0;18.0;-3.0;15.0
12509;15.12;15.0;18.0;-3.0;15.0
12519;15.093333333333334;15.0;18.0;-3.0;15.0
12529;15.106666666666667;15.0;18.0;-3.0;15.0
12539;15.103333333333333;15.0;18.0;-3.0;15.0
12549;15.116666666666667;15.0;18.0;-3.0;15.0
12559;15.116666666666667;15.0;18.0;-3.0;15.0
12569;15.043333333333333;15.0;18.0;-3.0;15.0
12579;15.096666666666666;15.0;18.0;-3.0;15.0
12589;15.05;15.0;18.0;-3.0;15.0
12599;15.103333333333333;15.0;18.0;-3.0;15.0
12609;15.153333333333334;15.0;18.0;-3.0;15.0
12619;15.106666666666667;15.0;18.0;-3.0;15.0
12629;15.126666666666667;15.0;18.0;-3.0;15.0
12639;15.143333333333333;15.0;18.0;-3.0;15.0
12649;15.113333333333333;15.0;18.0;-3.0;15.0
12659;15.076666666666666;15.0;18.0;-3.0;15.0
12669;15.103333333333333;15.0;18.0;-3.0;15.0
12679;15.146666666666667;15.0;18.0;-3.0;15.0
12689;15.05;15.0;18.0;-3.0;15.0
12699;15.106666666666667;15.0;18.0;-3.0;15.0
12709;15.123333333333333;15.0;18.0;-3.0;15.0
12719;15.106666666666667;15.0;18.0;-3.0;15.0
12729;15.056666666666667;15.0;18.0;-3.0;15.0
12739;15.12;15.0;18.0;-3.0;15.0
12749;15.086666666666666;15.0;18.0;-3.0;15.0
12759;15.1;15.0;18.0;-3.0;15.0
12769;15.093333333333334;15.0;18.0;-3.0;15.0
12779;15.1;15.0;18.0;-3.0;15.0
12789;15.093333333333334;15.0;18.0;-3.0;15.0
12799;15.1;15.0;18.0;-3.0;15.0
12809;15.143333333333333;15.0;18.0;-3.0;15.0
12819;15.136666666666667;15.0;18.0;-3.0;15.0
12829;15.173333333333334;15.0;18.0;-3.0;15.0
12839;15.13;15.0;18.0;-3.0;15.0
12849;15.14;15.0;18.0;-3.0;15.0
12859;15.133333333333333;15.0;18.0;-3.0;15.0
12869;15.136666666666667;15.0;18.0;-3.0;15.0
12879;15.12;15.0;18.0;-3.0;15.0
12889;15.12;15.0;18.0;-3.0;15.0
12899;15.053333333333333;15.0;18.0;-3.0;15.0
12909;15.11;15.0;18.0;-3.0;15.0
12919;15.086666666666666;15.0;18.0;-3.0;15.0
12929;15.096666666666666;15.0;18.0;-3.0;15.0
12939;15.133333333333333;15.0;18.0;-3.0;15.0
12949;15.146666666666667;15.0;18.0;-3.0;15.0
12959;15.076666666666666;15.0;18.0;-3.0;15.0
12969;15.09;15.0;18.0;-3.0;15.0
12979;15.11;15.0;18.0;-3.0;15.0
12989;15.103333333333333;15.0;18.0;-3.0;15.0
12999;15.11;15.0;18.0;-3.0;15.0
13009;15.19;15.0;18.0;-3.0;15.0
13019;15.076666666666666;15.0;18.0;-3.0;15.0
13029;15.153333333333334;15.0;18.0;-3.0;15.0
13039;15.1;15.0;18.0;-3.0;15.0
13049;15.1;15.0;18.0;-3.0;15.0
13059;15.143333333333333;15.0;18.0;-3.0;15.0
13069;15.116666666666667;15.0;18.0;-3.0;15.0
13079;15.053333333333333;15.0;18.0;-3.0;15.0
13089;15.123333333333333;15.0;18.0;-3.0;15.0
13099;15.03;15.0;18.0;-3.0;15.0
13109;15.103333333333333;15.0;18.0;-3.0;15.0
13119;15.133333333333333;15.0;18.0;-3.0;15.0
13129;15.143333333333333;15.0;18.0;-3.0;15.0
13139;15.12;15.0;18.0;-3.0;15.0
13149;15.103333333333333;15.0;18.0;-3.0;15.0
13159;15.106666666666667;15.0;18.0;-3.0;15.0
13169;15.073333333333334;15.0;18.0;-3.0;15.0
13179;15.086666666666666;15.0;18.0;-3.0;15.0
13189;15.05;15.0;18.0;-3.0;15.0
13199;15.123333333333333;15.0;18.0;-3.0;15.0
13209;15.063333333333333;15.0;18.0;-3.0;15.0
13219;15.063333333333333;15.0;18.0;-3.0;15.0
13229;15.113333333333333;15.0;18.0;-3.0;15.0
13239;15.11;15.0;18.0;-3.0;15.0
13249;15.14;15.0;18.0;-3.0;15.0
13259;15.14;15.0;18.0;-3.0;15.0
13269;15.103333333333333;15.0;18.0;-3.0;15.0
13279;15.096666666666666;15.0;18.0;-3.0;15.0
13289;15.16;15.0;18.0;-3.0;15.0
13299;15.143333333333333;15.0;18.0;-3.0;15.0
13309;15.073333333333334;15.0;18.0;-3.0;15.0
13319;15.076666666666666;15.0;18.0;-3.0;15.0
13329;15.103333333333333;15.0;18.0;-3.0;15.0
13339;15.146666666666667;15.0;18.0;-3.0;15.0
13349;15.106666666666667;15.0;18.0;-3.0;15.0
13359;15.1;15.0;18.0;-3.0;15.0
13369;15.11;15.0;18.0;-3.0;15.0
13379;15.123333333333333;15.0;18.0;-3.0;15.0
13389;15.093333333333334;15.0;18.0;-3.0;15.0
13399;15.09;15.0;18.0;-3.0;15.0
13409;15.073333333333334;15.0;18.0;-3.0;15.0
13419;15.096666666666666;15.0;18.0;-3.0;15.0
13429;15.09;15.0;18.0;-3.0;15.0
13439;15.143333333333333;15.0;18.0;-3.0;15.0
13449;15.07;15.0;18.0;-3.0;15.0
13459;15.086666666666666;15.0;18.0;-3.0;15.0
13469;15.066666666666666;15.0;18.0;-3.0;15.0
13479;15.103333333333333;15.0;18.0;-3.0;15.0
13489;15.086666666666666;15.0;18.0;-3.0;15.0
13499;15.11;15.0;18.0;-3.0;15.0
13509;15.1;15.0;18.0;-3.0;15.0
13519;15.066666666666666;15.0;18.0;-3.0;15.0
13529;15.1;15.0;18.0;-3.0;15.0
13539;15.14;15.0;18.0;-3.0;15.0
13549;15.12;15.0;18.0;-3.0;15.0
13559;15.12;15.0;18.0;-3.0;15.0
13569;15.056666666666667;15.0;18.0;-3.0;15.0
13579;15.09;15.0;18.0;-3.0;15.0
13589;15.1;15.0;18.0;-3.0;15.0
13599;15.093333333333334;15.0;18.0;-3.0;15.0
13609;15.09;15.0;18.0;-3.0;15.0
13619;15.103333333333333;15.0;18.0;-3.0;15.0
13629;15.11;15.0;18.0;-3.0;15.0
13639;15.106666666666667;15.0;18.0;-3.0;15.0
13649;15.076666666666666;15.0;18.0;-3.0;15.0
13659;15.076666666666666;15.0;18.0;-3.0;15.0
13669;15.136666666666667;15.0;18.0;-3.0;15.0
13679;15.1;15.0;18.0;-3.0;15.0
13689;15.076666666666666;15.0;18.0;-3.0;15.0
13699;15.12;15.0;18.0;-3.0;15.0
13709;15.036666666666667;15.0;18.0;-3.0;15.0
13719;15.113333333333333;15.0;18.0;-3.0;15.0
13729;15.093333333333334;15.0;18.0;-3.0;15.0
13739;15.116666666666667;15.0;18.0;-3.0;15.0
13749;15.116666666666667;15.0;18.0;-3.0;15.0
13759;15.1;15.0;18.0;-3.0;15.0
13769;15.103333333333333;15.0;18.0;-3.0;15.0
13779;15.066666666666666;15.0;18.0;-3.0;15.0
13789;15.133333333333333;15.0;18.0;-3.0;15.0
13799;15.123333333333333;15.0;18.0;-3.0;15.0
13809;15.156666666666666;15.0;18.0;-3.0;15.0
13819;15.083333333333334;15.0;18.0;-3.0;15.0
13829;15.063333333333333;15.0;18.0;-3.0;15.0
13839;15.096666666666666;15.0;18.0;-3.0;15.0
13849;15.086666666666666;15.0;18.0;-3.0;15.0
13859;15.05;15.0;18.0;-3.0;15.0
13869;15.153333333333334;15.0;18.0;-3.0;15.0
13879;15.183333333333334;15.0;18.0;-3.0;15.0
13889;15.096666666666666;15.0;18.0;-3.0;15.0
13899;15.06;15.0;18.0;-3.0;15.0
13909;15.106666666666667;15.0;18.0;-3.0;15.0
13919;15.116666666666667;15.0;18.0;-3.0;15.0
13929;15.076666666666666;15.0;18.0;-3.0;15.0
13939;15.083333333333334;15.0;18.0;-3.0;15.0
13949;15.103333333333333;15.0;18.0;-3.0;15.0
13959;15.056666666666667;15.0;18.0;-3.0;15.0
13969;15.096666666666666;15.0;18.0;-3.0;15.0
13979;15.136666666666667;15.0;18.0;-3.0;15.0
13989;15.113333333333333;15.0;18.0;-3.0;15.0
13999;15.063333333333333;15.0;18.0;-3.0;15.0
14009;15.153333333333334;15.0;18.0;-3.0;15.0
14019;15.11;15.0;18.0;-3.0;15.0
14029;15.116666666666667;15.0;18.0;-3.0;15.0
14039;15.1;15.0;18.0;-3.0;15.0
14049;15.08;15.0;18.0;-3.0;15.0
14059;15.103333333333333;15.0;18.0;-3.0;15.0
14069;15.06;15.0;18.0;-3.0;15.0
14079;15.11;15.0;18.0;-3.0;15.0
14089;15.13;15.0;18.0;-3.0;15.0
14099;15.07;15.0;18.0;-3.0;15.0
14109;15.09;15.0;18.0;-3.0;15.0
14119;15.096666666666666;15.0;18.0;-3.0;15.0
14129;15.083333333333334;15.0;18.0;-3.0;15.0
14139;15.096666666666666;15.0;18.0;-3.0;15.0
14149;15.173333333333334;15.0;18.0;-3.0;15.0
14159;15.106666666666667;15.0;18.0;-3.0;15.0
14169;15.086666666666666;15.0;18.0;-3.0;15.0
14179;15.08;15.0;18.0;-3.0;15.0
14189;15.123333333333333;15.0;18.0;-3.0;15.0
14199;15.153333333333334;15.0;18.0;-3.0;15.0
14209;15.14;15.0;18.0;-3.0;15.0
14219;15.133333333333333;15.0;18.0;-3.0;15.0
14229;15.08;15.0;18.0;-3.0;15.0
14239;15.086666666666666;15.0;18.0;-3.0;15.0
14249;15.116666666666667;15.0;18.0;-3.0;15.0
14259;15.116666666666667;15.0;18.0;-3.0;15.0
14269;15.043333333333333;15.0;18.0;-3.0;15.0
14279;15.09;15.0;18.0;-3.0;15.0
14289;15.13;15.0;18.0;-3.0;15.0
14299;15.103333333333333;15.0;18.0;-3.0;15.0
14309;15.156666666666666;15.0;18.0;-3.0;15.0
14319;15.096666666666666;15.0;18.0;-3.0;15.0
14329;15.07;15.0;18.0;-3.0;15.0
14339;15.086666666666666;15.0;18.0;-3.0;15.0
14349;15.146666666666667;15.0;18.0;-3.0;15.0
14359;15.083333333333334;15.0;18.0;-3.0;15.0
14369;15.123333333333333;15.0;18.0;-3.0;15.0
14379;15.086666666666666;15.0;18.0;-3.0;15.0
14389;15.123333333333333;15.0;18.0;-3.0;15.0
14399;15.143333333333333;15.0;18.0;-3.0;15.0
14409;15.153333333333334;15.0;18.0;-3.0;15.0
14419;15.093333333333334;15.0;18.0;-3.0;15.0
14429;15.093333333333334;15.0;18.0;-3.0;15.0
14439;15.06;15.0;18.0;-3.0;15.0
14449;15.106666666666667;15.0;18.0;-3.0;15.0
14459;15.166666666666666;15.0;18.0;-3.0;15.0
14469;15.12;15.0;18.0;-3.0;15.0
14479;15.113333333333333;15.0;18.0;-3.0;15.0
14489;15.093333333333334;15.0;18.0;-3.0;15.0
14499;15.1;15.0;18.0;-3.0;15.0
14509;15.106666666666667;15.0;18.0;-3.0;15.0
14519;15.096666666666666;15.0;18.0;-3.0;15.0
14529;15.13;15.0;18.0;-3.0;15.0
14539;15.16;15.0;18.0;-3.0;15.0
14549;15.113333333333333;15.0;18.0;-3.0;15.0
14559;15.05;15.0;18.0;-3.0;15.0
14569;15.1;15.0;18.0;-3.0;15.0
14579;15.083333333333334;15.0;18.0;-3.0;15.0
14589;15.1;15.0;18.0;-3.0;15.0
14599;15.093333333333334;15.0;18.0;-3.0;15.0
14609;15.166666666666666;15.0;18.0;-3.0;15.0
14619;15.12;15.0;18.0;-3.0;15.0
14629;15.14;15.0;18.0;-3.0;15.0
14639;15.086666666666666;15.0;18.0;-3.0;15.0
14649;15.166666666666666;15.0;18.0;-3.0;15.0
14659;15.126666666666667;15.0;18.0;-3.0;15.0
14669;15.113333333333333;15.0;18.0;-3.0;15.0
14679;15.17;15.0;18.0;-3.0;15.0
14689;15.12;15.0;18.0;-3.0;15.0
14699;15.12;15.0;18.0;-3.0;15.0
14709;15.073333333333334;15.0;18.0;-3.0;15.0
14719;15.093333333333334;15.0;18.0;-3.0;15.0
14729;15.166666666666666;15.0;18.0;-3.0;15.0
14739;15.096666666666666;15.0;18.0;-3.0;15.0
14749;15.086666666666666;15.0;18.0;-3.0;15.0
14759;15.116666666666667;15.0;18.0;-3.0;15.0
14769;15.093333333333334;15.0;18.0;-3.0;15.0
14779;15.103333333333333;15.0;18.0;-3.0;15.0
14789;15.09;15.0;18.0;-3.0;15.0
14799;15.08;15.0;18.0;-3.0;15.0
14809;15.156666666666666;15.0;18.0;-3.0;15.0
14819;15.153333333333334;15.0;18.0;-3.0;15.0
14829;15.146666666666667;15.0;18.0;-3.0;15.0
14839;15.14;15.0;18.0;-3.0;15.0
14849;15.103333333333333;15.0;18.0;-3.0;15.0
14859;15.073333333333334;15.0;18.0;-3.0;15.0
14869;15.08;15.0;18.0;-3.0;15.0
14879;15.076666666666666;15.0;18.0;-3.0;15.0
14889;15.123333333333333;15.0;18.0;-3.0;15.0
14899;15.113333333333333;15.0;18.0;-3.0;15.0
14909;15.063333333333333;15.0;18.0;-3.0;15.0
14919;15.11;15.0;18.0;-3.0;15.0
14929;15.136666666666667;15.0;18.0;-3.0;15.0
14939;15.146666666666667;15.0;18.0;-3.0;15.0
14949;15.126666666666667;15.0;18.0;-3.0;15.0
14959;15.09;15.0;18.0;-3.0;15.0
14969;15.123333333333333;15.0;18.0;-3.0;15.0
14979;15.1;15.0;18.0;-3.0;15.0
14989;15.14;15.0;18.0;-3.0;15.0
14999;15.133333333333333;15.0;18.0;-3.0;15.0
