geracao;media da geracao;fitness do melhor da geracao;fitness do pior da geracao;relacao entre melhor e pior;fitness do melhor da run
Probabilidade Recombinação: 0.7
Probabilidade Mutação: 0.049999999999999996
Tipo de Selecção: Torneio
Tipo de Mutação: Simples Al.
Tamanho População: 300
Máximo de Gerações: 15000
0;76.64;63.0;96.0;-33.0;63.0
0;67.66666666666667;58.0;77.0;-19.0;58.0
9;50.49666666666667;49.0;53.0;-4.0;49.0
19;41.99666666666667;41.0;44.0;-3.0;41.0
29;36.04;34.0;38.0;-4.0;34.0
39;31.986666666666668;31.0;35.0;-4.0;31.0
49;26.05;26.0;28.0;-2.0;26.0
59;24.03;24.0;27.0;-3.0;24.0
69;23.093333333333334;23.0;26.0;-3.0;23.0
79;22.13;22.0;25.0;-3.0;22.0
89;22.106666666666666;22.0;25.0;-3.0;22.0
99;22.086666666666666;22.0;25.0;-3.0;22.0
109;22.13;22.0;25.0;-3.0;22.0
119;22.033333333333335;22.0;25.0;-3.0;22.0
129;22.076666666666668;22.0;25.0;-3.0;22.0
139;22.076666666666668;22.0;25.0;-3.0;22.0
149;22.05;22.0;25.0;-3.0;22.0
159;22.07;22.0;25.0;-3.0;22.0
169;22.106666666666666;22.0;25.0;-3.0;22.0
179;22.096666666666668;22.0;25.0;-3.0;22.0
189;22.09;22.0;25.0;-3.0;22.0
199;22.11;22.0;25.0;-3.0;22.0
209;22.073333333333334;22.0;25.0;-3.0;22.0
219;22.09;22.0;25.0;-3.0;22.0
229;22.116666666666667;22.0;25.0;-3.0;22.0
239;22.08;22.0;25.0;-3.0;22.0
249;22.123333333333335;22.0;25.0;-3.0;22.0
259;22.093333333333334;22.0;25.0;-3.0;22.0
269;22.14;22.0;25.0;-3.0;22.0
279;22.13;22.0;25.0;-3.0;22.0
289;22.05666666666667;22.0;25.0;-3.0;22.0
299;22.073333333333334;22.0;25.0;-3.0;22.0
309;22.066666666666666;22.0;25.0;-3.0;22.0
319;22.036666666666665;21.0;25.0;-4.0;21.0
329;21.083333333333332;21.0;24.0;-3.0;21.0
339;20.49;20.0;24.0;-4.0;20.0
349;19.14666666666667;19.0;22.0;-3.0;19.0
359;19.08;19.0;22.0;-3.0;19.0
369;19.11;19.0;22.0;-3.0;19.0
379;19.086666666666666;19.0;22.0;-3.0;19.0
389;19.116666666666667;19.0;22.0;-3.0;19.0
399;19.073333333333334;19.0;22.0;-3.0;19.0
409;19.093333333333334;19.0;22.0;-3.0;19.0
419;19.08;19.0;22.0;-3.0;19.0
429;19.10333333333333;19.0;22.0;-3.0;19.0
439;19.09;19.0;22.0;-3.0;19.0
449;19.076666666666668;19.0;22.0;-3.0;19.0
459;19.076666666666668;19.0;22.0;-3.0;19.0
469;19.09;19.0;22.0;-3.0;19.0
479;19.09;19.0;22.0;-3.0;19.0
489;19.11;19.0;22.0;-3.0;19.0
499;19.096666666666668;19.0;22.0;-3.0;19.0
509;19.14;19.0;22.0;-3.0;19.0
519;19.10333333333333;19.0;22.0;-3.0;19.0
529;19.093333333333334;19.0;22.0;-3.0;19.0
539;19.083333333333332;19.0;22.0;-3.0;19.0
549;19.16;19.0;22.0;-3.0;19.0
559;19.106666666666666;19.0;22.0;-3.0;19.0
569;19.093333333333334;19.0;22.0;-3.0;19.0
579;19.116666666666667;19.0;22.0;-3.0;19.0
589;19.106666666666666;19.0;22.0;-3.0;19.0
599;19.063333333333333;19.0;22.0;-3.0;19.0
609;19.1;19.0;22.0;-3.0;19.0
619;19.14;19.0;22.0;-3.0;19.0
629;19.136666666666667;19.0;22.0;-3.0;19.0
639;19.1;19.0;22.0;-3.0;19.0
649;19.11;19.0;22.0;-3.0;19.0
659;19.1;19.0;22.0;-3.0;19.0
669;19.073333333333334;19.0;22.0;-3.0;19.0
679;19.08;19.0;22.0;-3.0;19.0
689;19.043333333333333;19.0;22.0;-3.0;19.0
699;17.68;17.0;22.0;-5.0;17.0
709;16.376666666666665;16.0;20.0;-4.0;16.0
719;16.083333333333332;16.0;19.0;-3.0;16.0
729;16.096666666666668;16.0;19.0;-3.0;16.0
739;16.116666666666667;16.0;19.0;-3.0;16.0
749;16.15;16.0;19.0;-3.0;16.0
759;16.106666666666666;16.0;19.0;-3.0;16.0
769;16.096666666666668;16.0;19.0;-3.0;16.0
779;16.14;16.0;19.0;-3.0;16.0
789;16.096666666666668;16.0;19.0;-3.0;16.0
799;16.11;16.0;19.0;-3.0;16.0
809;16.14666666666667;16.0;19.0;-3.0;16.0
819;16.08;16.0;19.0;-3.0;16.0
829;16.136666666666667;16.0;19.0;-3.0;16.0
839;16.10333333333333;16.0;19.0;-3.0;16.0
849;16.12;16.0;19.0;-3.0;16.0
859;16.113333333333333;16.0;19.0;-3.0;16.0
869;16.126666666666665;16.0;19.0;-3.0;16.0
879;16.11;16.0;19.0;-3.0;16.0
889;16.143333333333334;16.0;19.0;-3.0;16.0
899;16.066666666666666;16.0;19.0;-3.0;16.0
909;16.113333333333333;16.0;19.0;-3.0;16.0
919;16.046666666666667;16.0;19.0;-3.0;16.0
929;16.076666666666668;16.0;19.0;-3.0;16.0
939;16.113333333333333;16.0;19.0;-3.0;16.0
949;16.123333333333335;16.0;19.0;-3.0;16.0
959;16.123333333333335;16.0;19.0;-3.0;16.0
969;16.14666666666667;16.0;19.0;-3.0;16.0
979;16.06;16.0;19.0;-3.0;16.0
989;16.10333333333333;16.0;19.0;-3.0;16.0
999;16.153333333333332;16.0;19.0;-3.0;16.0
1009;16.09;16.0;19.0;-3.0;16.0
1019;16.053333333333335;16.0;19.0;-3.0;16.0
1029;16.163333333333334;16.0;19.0;-3.0;16.0
1039;16.09;16.0;19.0;-3.0;16.0
1049;16.116666666666667;16.0;19.0;-3.0;16.0
1059;16.136666666666667;16.0;19.0;-3.0;16.0
1069;16.173333333333332;16.0;19.0;-3.0;16.0
1079;16.083333333333332;16.0;19.0;-3.0;16.0
1089;16.116666666666667;16.0;19.0;-3.0;16.0
1099;16.106666666666666;16.0;19.0;-3.0;16.0
1109;16.123333333333335;16.0;19.0;-3.0;16.0
1119;16.083333333333332;16.0;19.0;-3.0;16.0
1129;15.073333333333334;15.0;18.0;-3.0;15.0
1139;15.133333333333333;15.0;18.0;-3.0;15.0
1149;15.136666666666667;15.0;18.0;-3.0;15.0
1159;15.07;15.0;18.0;-3.0;15.0
1169;15.153333333333334;15.0;18.0;-3.0;15.0
1179;15.086666666666666;15.0;18.0;-3.0;15.0
1189;15.073333333333334;15.0;18.0;-3.0;15.0
1199;15.106666666666667;15.0;18.0;-3.0;15.0
1209;15.053333333333333;15.0;18.0;-3.0;15.0
1219;15.103333333333333;15.0;18.0;-3.0;15.0
1229;15.16;15.0;18.0;-3.0;15.0
1239;15.04;15.0;18.0;-3.0;15.0
1249;15.103333333333333;15.0;18.0;-3.0;15.0
1259;15.093333333333334;15.0;18.0;-3.0;15.0
1269;15.11;15.0;18.0;-3.0;15.0
1279;15.113333333333333;15.0;18.0;-3.0;15.0
1289;15.05;15.0;18.0;-3.0;15.0
1299;15.08;15.0;18.0;-3.0;15.0
1309;15.08;15.0;18.0;-3.0;15.0
1319;15.113333333333333;15.0;18.0;-3.0;15.0
1329;15.156666666666666;15.0;18.0;-3.0;15.0
1339;15.156666666666666;15.0;18.0;-3.0;15.0
1349;15.11;15.0;18.0;-3.0;15.0
1359;15.106666666666667;15.0;18.0;-3.0;15.0
1369;15.05;15.0;18.0;-3.0;15.0
1379;15.063333333333333;15.0;18.0;-3.0;15.0
1389;15.096666666666666;15.0;18.0;-3.0;15.0
1399;15.076666666666666;15.0;18.0;-3.0;15.0
1409;15.186666666666667;15.0;18.0;-3.0;15.0
1419;15.11;15.0;18.0;-3.0;15.0
1429;15.11;15.0;18.0;-3.0;15.0
1439;15.156666666666666;15.0;18.0;-3.0;15.0
1449;15.096666666666666;15.0;18.0;-3.0;15.0
1459;15.103333333333333;15.0;18.0;-3.0;15.0
1469;15.14;15.0;18.0;-3.0;15.0
1479;15.11;15.0;18.0;-3.0;15.0
1489;15.063333333333333;15.0;18.0;-3.0;15.0
1499;15.096666666666666;15.0;18.0;-3.0;15.0
1509;15.11;15.0;18.0;-3.0;15.0
1519;15.116666666666667;15.0;18.0;-3.0;15.0
1529;15.083333333333334;15.0;18.0;-3.0;15.0
1539;15.073333333333334;15.0;18.0;-3.0;15.0
1549;15.08;15.0;18.0;-3.0;15.0
1559;15.136666666666667;15.0;18.0;-3.0;15.0
1569;15.09;15.0;18.0;-3.0;15.0
1579;15.083333333333334;15.0;18.0;-3.0;15.0
1589;15.103333333333333;15.0;18.0;-3.0;15.0
1599;15.103333333333333;15.0;18.0;-3.0;15.0
1609;15.12;15.0;18.0;-3.0;15.0
1619;15.08;15.0;18.0;-3.0;15.0
1629;15.143333333333333;15.0;18.0;-3.0;15.0
1639;15.133333333333333;15.0;18.0;-3.0;15.0
1649;15.04;15.0;18.0;-3.0;15.0
1659;15.116666666666667;15.0;18.0;-3.0;15.0
1669;15.123333333333333;15.0;18.0;-3.0;15.0
1679;15.133333333333333;15.0;18.0;-3.0;15.0
1689;15.1;15.0;18.0;-3.0;15.0
1699;15.113333333333333;15.0;18.0;-3.0;15.0
1709;15.176666666666666;15.0;18.0;-3.0;15.0
1719;15.143333333333333;15.0;18.0;-3.0;15.0
1729;15.11;15.0;18.0;-3.0;15.0
1739;15.136666666666667;15.0;18.0;-3.0;15.0
1749;15.153333333333334;15.0;18.0;-3.0;15.0
1759;15.12;15.0;18.0;-3.0;15.0
1769;15.16;15.0;18.0;-3.0;15.0
1779;15.14;15.0;18.0;-3.0;15.0
1789;15.076666666666666;15.0;18.0;-3.0;15.0
1799;15.143333333333333;15.0;18.0;-3.0;15.0
1809;15.126666666666667;15.0;18.0;-3.0;15.0
1819;15.073333333333334;15.0;18.0;-3.0;15.0
1829;15.076666666666666;15.0;18.0;-3.0;15.0
1839;15.1;15.0;18.0;-3.0;15.0
1849;15.046666666666667;15.0;18.0;-3.0;15.0
1859;15.156666666666666;15.0;18.0;-3.0;15.0
1869;15.163333333333334;15.0;18.0;-3.0;15.0
1879;15.093333333333334;15.0;18.0;-3.0;15.0
1889;15.113333333333333;15.0;18.0;-3.0;15.0
1899;15.116666666666667;15.0;18.0;-3.0;15.0
1909;15.11;15.0;18.0;-3.0;15.0
1919;15.133333333333333;15.0;18.0;-3.0;15.0
1929;15.15;15.0;18.0;-3.0;15.0
1939;15.11;15.0;18.0;-3.0;15.0
1949;15.116666666666667;15.0;18.0;-3.0;15.0
1959;15.05;15.0;18.0;-3.0;15.0
1969;15.13;15.0;18.0;-3.0;15.0
1979;15.126666666666667;15.0;18.0;-3.0;15.0
1989;15.116666666666667;15.0;18.0;-3.0;15.0
1999;15.07;15.0;18.0;-3.0;15.0
2009;15.096666666666666;15.0;18.0;-3.0;15.0
2019;15.133333333333333;15.0;18.0;-3.0;15.0
2029;15.123333333333333;15.0;18.0;-3.0;15.0
2039;15.153333333333334;15.0;18.0;-3.0;15.0
2049;15.12;15.0;18.0;-3.0;15.0
2059;15.136666666666667;15.0;18.0;-3.0;15.0
2069;15.13;15.0;18.0;-3.0;15.0
2079;15.066666666666666;15.0;18.0;-3.0;15.0
2089;15.11;15.0;18.0;-3.0;15.0
2099;15.1;15.0;18.0;-3.0;15.0
2109;15.073333333333334;15.0;18.0;-3.0;15.0
2119;15.13;15.0;18.0;-3.0;15.0
2129;15.16;15.0;18.0;-3.0;15.0
2139;15.15;15.0;18.0;-3.0;15.0
2149;15.166666666666666;15.0;18.0;-3.0;15.0
2159;15.156666666666666;15.0;18.0;-3.0;15.0
2169;15.09;15.0;18.0;-3.0;15.0
2179;15.08;15.0;18.0;-3.0;15.0
2189;15.106666666666667;15.0;18.0;-3.0;15.0
2199;15.116666666666667;15.0;18.0;-3.0;15.0
2209;15.096666666666666;15.0;18.0;-3.0;15.0
2219;15.08;15.0;18.0;-3.0;15.0
2229;15.07;15.0;18.0;-3.0;15.0
2239;15.156666666666666;15.0;18.0;-3.0;15.0
2249;15.063333333333333;15.0;18.0;-3.0;15.0
2259;15.103333333333333;15.0;18.0;-3.0;15.0
2269;15.046666666666667;15.0;18.0;-3.0;15.0
2279;15.11;15.0;18.0;-3.0;15.0
2289;15.096666666666666;15.0;18.0;-3.0;15.0
2299;15.04;15.0;18.0;-3.0;15.0
2309;15.083333333333334;15.0;18.0;-3.0;15.0
2319;15.123333333333333;15.0;18.0;-3.0;15.0
2329;15.08;15.0;18.0;-3.0;15.0
2339;15.076666666666666;15.0;18.0;-3.0;15.0
2349;15.1;15.0;18.0;-3.0;15.0
2359;15.1;15.0;18.0;-3.0;15.0
2369;15.083333333333334;15.0;18.0;-3.0;15.0
2379;15.1;15.0;18.0;-3.0;15.0
2389;15.123333333333333;15.0;18.0;-3.0;15.0
2399;15.083333333333334;15.0;18.0;-3.0;15.0
2409;15.096666666666666;15.0;18.0;-3.0;15.0
2419;15.08;15.0;18.0;-3.0;15.0
2429;15.083333333333334;15.0;18.0;-3.0;15.0
2439;15.116666666666667;15.0;18.0;-3.0;15.0
2449;15.056666666666667;15.0;18.0;-3.0;15.0
2459;15.186666666666667;15.0;18.0;-3.0;15.0
2469;15.083333333333334;15.0;18.0;-3.0;15.0
2479;15.123333333333333;15.0;18.0;-3.0;15.0
2489;15.116666666666667;15.0;18.0;-3.0;15.0
2499;15.123333333333333;15.0;18.0;-3.0;15.0
2509;14.046666666666667;14.0;17.0;-3.0;14.0
2519;14.13;14.0;17.0;-3.0;14.0
2529;14.1;14.0;17.0;-3.0;14.0
2539;14.08;14.0;17.0;-3.0;14.0
2549;14.093333333333334;14.0;17.0;-3.0;14.0
2559;14.143333333333333;14.0;17.0;-3.0;14.0
2569;12.103333333333333;12.0;15.0;-3.0;12.0
2579;12.13;12.0;15.0;-3.0;12.0
2589;12.096666666666666;12.0;15.0;-3.0;12.0
2599;12.11;12.0;15.0;-3.0;12.0
2609;12.133333333333333;12.0;15.0;-3.0;12.0
2619;12.103333333333333;12.0;15.0;-3.0;12.0
2629;12.09;12.0;15.0;-3.0;12.0
2639;12.093333333333334;12.0;15.0;-3.0;12.0
2649;12.063333333333333;12.0;15.0;-3.0;12.0
2659;12.103333333333333;12.0;15.0;-3.0;12.0
2669;12.17;12.0;15.0;-3.0;12.0
2679;12.086666666666666;12.0;15.0;-3.0;12.0
2689;12.116666666666667;12.0;15.0;-3.0;12.0
2699;12.12;12.0;15.0;-3.0;12.0
2709;12.096666666666666;12.0;15.0;-3.0;12.0
2719;12.116666666666667;12.0;15.0;-3.0;12.0
2729;12.153333333333334;12.0;15.0;-3.0;12.0
2739;12.056666666666667;12.0;15.0;-3.0;12.0
2749;12.163333333333334;12.0;15.0;-3.0;12.0
2759;12.12;12.0;15.0;-3.0;12.0
2769;12.12;12.0;15.0;-3.0;12.0
2779;12.153333333333334;12.0;15.0;-3.0;12.0
2789;12.076666666666666;12.0;15.0;-3.0;12.0
2799;12.083333333333334;12.0;15.0;-3.0;12.0
2809;12.096666666666666;12.0;15.0;-3.0;12.0
2819;12.2;12.0;15.0;-3.0;12.0
2829;12.11;12.0;15.0;-3.0;12.0
2839;12.14;12.0;15.0;-3.0;12.0
2849;12.113333333333333;12.0;15.0;-3.0;12.0
2859;12.083333333333334;12.0;15.0;-3.0;12.0
2869;12.103333333333333;12.0;15.0;-3.0;12.0
2879;12.126666666666667;12.0;15.0;-3.0;12.0
2889;12.103333333333333;12.0;15.0;-3.0;12.0
2899;12.13;12.0;15.0;-3.0;12.0
2909;12.113333333333333;12.0;15.0;-3.0;12.0
2919;12.09;12.0;15.0;-3.0;12.0
2929;12.136666666666667;12.0;15.0;-3.0;12.0
2939;12.1;12.0;15.0;-3.0;12.0
2949;12.083333333333334;12.0;15.0;-3.0;12.0
2959;12.17;12.0;15.0;-3.0;12.0
2969;12.073333333333334;12.0;15.0;-3.0;12.0
2979;12.096666666666666;12.0;15.0;-3.0;12.0
2989;12.063333333333333;12.0;15.0;-3.0;12.0
2999;12.116666666666667;12.0;15.0;-3.0;12.0
3009;12.153333333333334;12.0;15.0;-3.0;12.0
3019;12.12;12.0;15.0;-3.0;12.0
3029;12.09;12.0;15.0;-3.0;12.0
3039;12.086666666666666;12.0;15.0;-3.0;12.0
3049;12.143333333333333;12.0;15.0;-3.0;12.0
3059;12.11;12.0;15.0;-3.0;12.0
3069;12.12;12.0;15.0;-3.0;12.0
3079;12.113333333333333;12.0;15.0;-3.0;12.0
3089;12.09;12.0;15.0;-3.0;12.0
3099;12.133333333333333;12.0;15.0;-3.0;12.0
3109;12.093333333333334;12.0;15.0;-3.0;12.0
3119;12.136666666666667;12.0;15.0;-3.0;12.0
3129;12.116666666666667;12.0;15.0;-3.0;12.0
3139;12.106666666666667;12.0;15.0;-3.0;12.0
3149;12.07;12.0;15.0;-3.0;12.0
3159;12.18;12.0;15.0;-3.0;12.0
3169;12.1;12.0;15.0;-3.0;12.0
3179;12.156666666666666;12.0;15.0;-3.0;12.0
3189;12.09;12.0;15.0;-3.0;12.0
3199;12.076666666666666;12.0;15.0;-3.0;12.0
3209;12.13;12.0;15.0;-3.0;12.0
3219;12.183333333333334;12.0;15.0;-3.0;12.0
3229;12.113333333333333;12.0;15.0;-3.0;12.0
3239;12.066666666666666;12.0;15.0;-3.0;12.0
3249;12.146666666666667;12.0;15.0;-3.0;12.0
3259;12.073333333333334;12.0;15.0;-3.0;12.0
3269;12.093333333333334;12.0;15.0;-3.0;12.0
3279;12.16;12.0;15.0;-3.0;12.0
3289;12.123333333333333;12.0;15.0;-3.0;12.0
3299;12.113333333333333;12.0;15.0;-3.0;12.0
3309;12.08;12.0;15.0;-3.0;12.0
3319;12.113333333333333;12.0;15.0;-3.0;12.0
3329;12.123333333333333;12.0;15.0;-3.0;12.0
3339;12.096666666666666;12.0;15.0;-3.0;12.0
3349;12.086666666666666;12.0;15.0;-3.0;12.0
3359;12.12;12.0;15.0;-3.0;12.0
3369;12.133333333333333;12.0;15.0;-3.0;12.0
3379;12.136666666666667;12.0;15.0;-3.0;12.0
3389;12.14;12.0;15.0;-3.0;12.0
3399;12.113333333333333;12.0;15.0;-3.0;12.0
3409;12.09;12.0;15.0;-3.0;12.0
3419;12.1;12.0;15.0;-3.0;12.0
3429;12.11;12.0;15.0;-3.0;12.0
3439;12.136666666666667;12.0;15.0;-3.0;12.0
3449;12.116666666666667;12.0;15.0;-3.0;12.0
3459;12.083333333333334;12.0;15.0;-3.0;12.0
3469;12.09;12.0;15.0;-3.0;12.0
3479;12.16;12.0;15.0;-3.0;12.0
3489;12.126666666666667;12.0;15.0;-3.0;12.0
3499;12.1;12.0;15.0;-3.0;12.0
3509;12.123333333333333;12.0;15.0;-3.0;12.0
3519;12.086666666666666;12.0;15.0;-3.0;12.0
3529;12.123333333333333;12.0;15.0;-3.0;12.0
3539;12.113333333333333;12.0;15.0;-3.0;12.0
3549;12.133333333333333;12.0;15.0;-3.0;12.0
3559;12.12;12.0;15.0;-3.0;12.0
3569;12.093333333333334;12.0;15.0;-3.0;12.0
3579;12.196666666666667;12.0;15.0;-3.0;12.0
3589;12.086666666666666;12.0;15.0;-3.0;12.0
3599;12.076666666666666;12.0;15.0;-3.0;12.0
3609;12.123333333333333;12.0;15.0;-3.0;12.0
3619;12.093333333333334;12.0;15.0;-3.0;12.0
3629;12.166666666666666;12.0;15.0;-3.0;12.0
3639;12.12;12.0;15.0;-3.0;12.0
3649;12.086666666666666;12.0;15.0;-3.0;12.0
3659;12.18;12.0;15.0;-3.0;12.0
3669;12.116666666666667;12.0;15.0;-3.0;12.0
3679;12.13;12.0;15.0;-3.0;12.0
3689;12.11;12.0;15.0;-3.0;12.0
3699;12.11;12.0;15.0;-3.0;12.0
3709;12.153333333333334;12.0;15.0;-3.0;12.0
3719;12.11;12.0;15.0;-3.0;12.0
3729;12.116666666666667;12.0;15.0;-3.0;12.0
3739;12.093333333333334;12.0;15.0;-3.0;12.0
3749;12.14;12.0;15.0;-3.0;12.0
3759;12.083333333333334;12.0;15.0;-3.0;12.0
3769;12.106666666666667;12.0;15.0;-3.0;12.0
3779;12.08;12.0;15.0;-3.0;12.0
3789;12.093333333333334;12.0;15.0;-3.0;12.0
3799;12.103333333333333;12.0;15.0;-3.0;12.0
3809;12.1;12.0;15.0;-3.0;12.0
3819;12.16;12.0;15.0;-3.0;12.0
3829;12.11;12.0;15.0;-3.0;12.0
3839;12.11;12.0;15.0;-3.0;12.0
3849;12.126666666666667;12.0;15.0;-3.0;12.0
3859;12.123333333333333;12.0;15.0;-3.0;12.0
3869;12.113333333333333;12.0;15.0;-3.0;12.0
3879;12.046666666666667;12.0;15.0;-3.0;12.0
3889;12.113333333333333;12.0;15.0;-3.0;12.0
3899;12.04;12.0;15.0;-3.0;12.0
3909;12.08;12.0;15.0;-3.0;12.0
3919;12.063333333333333;12.0;15.0;-3.0;12.0
3929;12.07;12.0;15.0;-3.0;12.0
3939;12.16;12.0;15.0;-3.0;12.0
3949;12.15;12.0;15.0;-3.0;12.0
3959;12.163333333333334;12.0;15.0;-3.0;12.0
3969;12.123333333333333;12.0;15.0;-3.0;12.0
3979;12.066666666666666;12.0;15.0;-3.0;12.0
3989;12.14;12.0;15.0;-3.0;12.0
3999;12.066666666666666;12.0;15.0;-3.0;12.0
4009;12.146666666666667;12.0;15.0;-3.0;12.0
4019;12.1;12.0;15.0;-3.0;12.0
4029;12.053333333333333;12.0;15.0;-3.0;12.0
4039;12.146666666666667;12.0;15.0;-3.0;12.0
4049;12.15;12.0;15.0;-3.0;12.0
4059;12.083333333333334;12.0;15.0;-3.0;12.0
4069;12.07;12.0;15.0;-3.0;12.0
4079;12.093333333333334;12.0;15.0;-3.0;12.0
4089;12.07;12.0;15.0;-3.0;12.0
4099;12.1;12.0;15.0;-3.0;12.0
4109;12.126666666666667;12.0;15.0;-3.0;12.0
4119;12.15;12.0;15.0;-3.0;12.0
4129;12.113333333333333;12.0;15.0;-3.0;12.0
4139;12.11;12.0;15.0;-3.0;12.0
4149;12.093333333333334;12.0;15.0;-3.0;12.0
4159;12.136666666666667;12.0;15.0;-3.0;12.0
4169;12.116666666666667;12.0;15.0;-3.0;12.0
4179;12.11;12.0;15.0;-3.0;12.0
4189;12.1;12.0;15.0;-3.0;12.0
4199;12.123333333333333;12.0;15.0;-3.0;12.0
4209;12.066666666666666;12.0;15.0;-3.0;12.0
4219;12.113333333333333;12.0;15.0;-3.0;12.0
4229;12.113333333333333;12.0;15.0;-3.0;12.0
4239;12.093333333333334;12.0;15.0;-3.0;12.0
4249;12.09;12.0;15.0;-3.0;12.0
4259;12.086666666666666;12.0;15.0;-3.0;12.0
4269;12.073333333333334;12.0;15.0;-3.0;12.0
4279;12.066666666666666;12.0;15.0;-3.0;12.0
4289;12.116666666666667;12.0;15.0;-3.0;12.0
4299;12.106666666666667;12.0;15.0;-3.0;12.0
4309;12.063333333333333;12.0;15.0;-3.0;12.0
4319;12.15;12.0;15.0;-3.0;12.0
4329;12.07;12.0;15.0;-3.0;12.0
4339;12.103333333333333;12.0;15.0;-3.0;12.0
4349;12.123333333333333;12.0;15.0;-3.0;12.0
4359;12.096666666666666;12.0;15.0;-3.0;12.0
4369;12.146666666666667;12.0;15.0;-3.0;12.0
4379;12.073333333333334;12.0;15.0;-3.0;12.0
4389;12.12;12.0;15.0;-3.0;12.0
4399;12.176666666666666;12.0;15.0;-3.0;12.0
4409;12.133333333333333;12.0;15.0;-3.0;12.0
4419;12.103333333333333;12.0;15.0;-3.0;12.0
4429;12.166666666666666;12.0;15.0;-3.0;12.0
4439;12.126666666666667;12.0;15.0;-3.0;12.0
4449;12.15;12.0;15.0;-3.0;12.0
4459;12.083333333333334;12.0;15.0;-3.0;12.0
4469;12.16;12.0;15.0;-3.0;12.0
4479;12.14;12.0;15.0;-3.0;12.0
4489;12.113333333333333;12.0;15.0;-3.0;12.0
4499;12.106666666666667;12.0;15.0;-3.0;12.0
4509;12.136666666666667;12.0;15.0;-3.0;12.0
4519;12.1;12.0;15.0;-3.0;12.0
4529;12.063333333333333;12.0;15.0;-3.0;12.0
4539;12.123333333333333;12.0;15.0;-3.0;12.0
4549;12.16;12.0;15.0;-3.0;12.0
4559;12.14;12.0;15.0;-3.0;12.0
4569;12.066666666666666;12.0;15.0;-3.0;12.0
4579;12.126666666666667;12.0;15.0;-3.0;12.0
4589;12.113333333333333;12.0;15.0;-3.0;12.0
4599;12.136666666666667;12.0;15.0;-3.0;12.0
4609;12.106666666666667;12.0;15.0;-3.0;12.0
4619;12.093333333333334;12.0;15.0;-3.0;12.0
4629;12.136666666666667;12.0;15.0;-3.0;12.0
4639;12.11;12.0;15.0;-3.0;12.0
4649;12.096666666666666;12.0;15.0;-3.0;12.0
4659;12.1;12.0;15.0;-3.0;12.0
4669;12.083333333333334;12.0;15.0;-3.0;12.0
4679;12.106666666666667;12.0;15.0;-3.0;12.0
4689;12.056666666666667;12.0;15.0;-3.0;12.0
4699;12.196666666666667;12.0;15.0;-3.0;12.0
4709;12.136666666666667;12.0;15.0;-3.0;12.0
4719;12.113333333333333;12.0;15.0;-3.0;12.0
4729;12.1;12.0;15.0;-3.0;12.0
4739;12.08;12.0;15.0;-3.0;12.0
4749;12.123333333333333;12.0;15.0;-3.0;12.0
4759;12.233333333333333;12.0;15.0;-3.0;12.0
4769;12.193333333333333;12.0;15.0;-3.0;12.0
4779;12.076666666666666;12.0;15.0;-3.0;12.0
4789;12.083333333333334;12.0;15.0;-3.0;12.0
4799;12.11;12.0;15.0;-3.0;12.0
4809;12.103333333333333;12.0;15.0;-3.0;12.0
4819;12.13;12.0;15.0;-3.0;12.0
4829;12.136666666666667;12.0;15.0;-3.0;12.0
4839;12.083333333333334;12.0;15.0;-3.0;12.0
4849;12.176666666666666;12.0;15.0;-3.0;12.0
4859;12.09;12.0;15.0;-3.0;12.0
4869;12.146666666666667;12.0;15.0;-3.0;12.0
4879;12.116666666666667;12.0;15.0;-3.0;12.0
4889;12.103333333333333;12.0;15.0;-3.0;12.0
4899;12.093333333333334;12.0;15.0;-3.0;12.0
4909;12.11;12.0;15.0;-3.0;12.0
4919;12.093333333333334;12.0;15.0;-3.0;12.0
4929;12.113333333333333;12.0;15.0;-3.0;12.0
4939;12.18;12.0;15.0;-3.0;12.0
4949;12.13;12.0;15.0;-3.0;12.0
4959;12.073333333333334;12.0;15.0;-3.0;12.0
4969;12.146666666666667;12.0;15.0;-3.0;12.0
4979;12.086666666666666;12.0;15.0;-3.0;12.0
4989;12.103333333333333;12.0;15.0;-3.0;12.0
4999;12.09;12.0;15.0;-3.0;12.0
5009;12.13;12.0;15.0;-3.0;12.0
5019;12.09;12.0;15.0;-3.0;12.0
5029;12.11;12.0;15.0;-3.0;12.0
5039;12.076666666666666;12.0;15.0;-3.0;12.0
5049;12.103333333333333;12.0;15.0;-3.0;12.0
5059;12.103333333333333;12.0;15.0;-3.0;12.0
5069;12.12;12.0;15.0;-3.0;12.0
5079;12.113333333333333;12.0;15.0;-3.0;12.0
5089;12.08;12.0;15.0;-3.0;12.0
5099;12.103333333333333;12.0;15.0;-3.0;12.0
5109;12.106666666666667;12.0;15.0;-3.0;12.0
5119;12.11;12.0;15.0;-3.0;12.0
5129;12.08;12.0;15.0;-3.0;12.0
5139;12.16;12.0;15.0;-3.0;12.0
5149;12.073333333333334;12.0;15.0;-3.0;12.0
5159;12.08;12.0;15.0;-3.0;12.0
5169;12.14;12.0;15.0;-3.0;12.0
5179;12.126666666666667;12.0;15.0;-3.0;12.0
5189;12.156666666666666;12.0;15.0;-3.0;12.0
5199;12.106666666666667;12.0;15.0;-3.0;12.0
5209;12.11;12.0;15.0;-3.0;12.0
5219;12.08;12.0;15.0;-3.0;12.0
5229;12.086666666666666;12.0;15.0;-3.0;12.0
5239;12.113333333333333;12.0;15.0;-3.0;12.0
5249;12.1;12.0;15.0;-3.0;12.0
5259;12.073333333333334;12.0;15.0;-3.0;12.0
5269;12.136666666666667;12.0;15.0;-3.0;12.0
5279;12.116666666666667;12.0;15.0;-3.0;12.0
5289;12.123333333333333;12.0;15.0;-3.0;12.0
5299;12.056666666666667;12.0;15.0;-3.0;12.0
5309;12.156666666666666;12.0;15.0;-3.0;12.0
5319;12.13;12.0;15.0;-3.0;12.0
5329;12.146666666666667;12.0;15.0;-3.0;12.0
5339;12.103333333333333;12.0;15.0;-3.0;12.0
5349;12.1;12.0;15.0;-3.0;12.0
5359;12.14;12.0;15.0;-3.0;12.0
5369;12.113333333333333;12.0;15.0;-3.0;12.0
5379;12.126666666666667;12.0;15.0;-3.0;12.0
5389;12.113333333333333;12.0;15.0;-3.0;12.0
5399;12.05;12.0;15.0;-3.0;12.0
5409;12.186666666666667;12.0;15.0;-3.0;12.0
5419;12.1;12.0;15.0;-3.0;12.0
5429;12.09;12.0;15.0;-3.0;12.0
5439;12.11;12.0;15.0;-3.0;12.0
5449;12.086666666666666;12.0;15.0;-3.0;12.0
5459;12.123333333333333;12.0;15.0;-3.0;12.0
5469;12.086666666666666;12.0;15.0;-3.0;12.0
5479;12.15;12.0;15.0;-3.0;12.0
5489;12.076666666666666;12.0;15.0;-3.0;12.0
5499;12.086666666666666;12.0;15.0;-3.0;12.0
5509;12.103333333333333;12.0;15.0;-3.0;12.0
5519;12.056666666666667;12.0;15.0;-3.0;12.0
5529;12.133333333333333;12.0;15.0;-3.0;12.0
5539;12.083333333333334;12.0;15.0;-3.0;12.0
5549;12.13;12.0;15.0;-3.0;12.0
5559;12.13;12.0;15.0;-3.0;12.0
5569;12.19;12.0;15.0;-3.0;12.0
5579;12.073333333333334;12.0;15.0;-3.0;12.0
5589;12.09;12.0;15.0;-3.0;12.0
5599;12.106666666666667;12.0;15.0;-3.0;12.0
5609;12.093333333333334;12.0;15.0;-3.0;12.0
5619;12.1;12.0;15.0;-3.0;12.0
5629;12.13;12.0;15.0;-3.0;12.0
5639;12.163333333333334;12.0;15.0;-3.0;12.0
5649;12.093333333333334;12.0;15.0;-3.0;12.0
5659;12.153333333333334;12.0;15.0;-3.0;12.0
5669;12.176666666666666;12.0;15.0;-3.0;12.0
5679;12.093333333333334;12.0;15.0;-3.0;12.0
5689;12.12;12.0;15.0;-3.0;12.0
5699;12.103333333333333;12.0;15.0;-3.0;12.0
5709;12.103333333333333;12.0;15.0;-3.0;12.0
5719;12.086666666666666;12.0;15.0;-3.0;12.0
5729;12.09;12.0;15.0;-3.0;12.0
5739;12.083333333333334;12.0;15.0;-3.0;12.0
5749;12.146666666666667;12.0;15.0;-3.0;12.0
5759;12.103333333333333;12.0;15.0;-3.0;12.0
5769;12.076666666666666;12.0;15.0;-3.0;12.0
5779;12.07;12.0;15.0;-3.0;12.0
5789;12.11;12.0;15.0;-3.0;12.0
5799;12.13;12.0;15.0;-3.0;12.0
5809;12.09;12.0;15.0;-3.0;12.0
5819;12.103333333333333;12.0;15.0;-3.0;12.0
5829;12.116666666666667;12.0;15.0;-3.0;12.0
5839;12.166666666666666;12.0;15.0;-3.0;12.0
5849;12.093333333333334;12.0;15.0;-3.0;12.0
5859;12.153333333333334;12.0;15.0;-3.0;12.0
5869;12.106666666666667;12.0;15.0;-3.0;12.0
5879;12.143333333333333;12.0;15.0;-3.0;12.0
5889;12.106666666666667;12.0;15.0;-3.0;12.0
5899;12.086666666666666;12.0;15.0;-3.0;12.0
5909;12.103333333333333;12.0;15.0;-3.0;12.0
5919;12.083333333333334;12.0;15.0;-3.0;12.0
5929;12.096666666666666;12.0;15.0;-3.0;12.0
5939;12.096666666666666;12.0;15.0;-3.0;12.0
5949;12.116666666666667;12.0;15.0;-3.0;12.0
5959;12.113333333333333;12.0;15.0;-3.0;12.0
5969;12.106666666666667;12.0;15.0;-3.0;12.0
5979;12.136666666666667;12.0;15.0;-3.0;12.0
5989;12.1;12.0;15.0;-3.0;12.0
5999;12.09;12.0;15.0;-3.0;12.0
6009;12.163333333333334;12.0;15.0;-3.0;12.0
6019;12.136666666666667;12.0;15.0;-3.0;12.0
6029;12.11;12.0;15.0;-3.0;12.0
6039;12.156666666666666;12.0;15.0;-3.0;12.0
6049;12.06;12.0;15.0;-3.0;12.0
6059;12.053333333333333;12.0;15.0;-3.0;12.0
6069;12.106666666666667;12.0;15.0;-3.0;12.0
6079;12.123333333333333;12.0;15.0;-3.0;12.0
6089;12.116666666666667;12.0;15.0;-3.0;12.0
6099;12.173333333333334;12.0;15.0;-3.0;12.0
6109;12.126666666666667;12.0;15.0;-3.0;12.0
6119;12.163333333333334;12.0;15.0;-3.0;12.0
6129;12.106666666666667;12.0;15.0;-3.0;12.0
6139;12.123333333333333;12.0;15.0;-3.0;12.0
6149;12.086666666666666;12.0;15.0;-3.0;12.0
6159;12.15;12.0;15.0;-3.0;12.0
6169;12.03;12.0;15.0;-3.0;12.0
6179;12.166666666666666;12.0;15.0;-3.0;12.0
6189;12.153333333333334;12.0;15.0;-3.0;12.0
6199;12.11;12.0;15.0;-3.0;12.0
6209;12.113333333333333;12.0;15.0;-3.0;12.0
6219;12.056666666666667;12.0;15.0;-3.0;12.0
6229;12.11;12.0;15.0;-3.0;12.0
6239;12.053333333333333;12.0;15.0;-3.0;12.0
6249;12.076666666666666;12.0;15.0;-3.0;12.0
6259;12.103333333333333;12.0;15.0;-3.0;12.0
6269;12.103333333333333;12.0;15.0;-3.0;12.0
6279;12.133333333333333;12.0;15.0;-3.0;12.0
6289;12.113333333333333;12.0;15.0;-3.0;12.0
6299;12.08;12.0;15.0;-3.0;12.0
6309;12.096666666666666;12.0;15.0;-3.0;12.0
6319;12.14;12.0;15.0;-3.0;12.0
6329;12.133333333333333;12.0;15.0;-3.0;12.0
6339;12.08;12.0;15.0;-3.0;12.0
6349;12.093333333333334;12.0;15.0;-3.0;12.0
6359;12.093333333333334;12.0;15.0;-3.0;12.0
6369;12.166666666666666;12.0;15.0;-3.0;12.0
6379;12.12;12.0;15.0;-3.0;12.0
6389;12.086666666666666;12.0;15.0;-3.0;12.0
6399;12.14;12.0;15.0;-3.0;12.0
6409;12.093333333333334;12.0;15.0;-3.0;12.0
6419;12.1;12.0;15.0;-3.0;12.0
6429;12.086666666666666;12.0;15.0;-3.0;12.0
6439;12.13;12.0;15.0;-3.0;12.0
6449;12.17;12.0;15.0;-3.0;12.0
6459;12.1;12.0;15.0;-3.0;12.0
6469;12.076666666666666;12.0;15.0;-3.0;12.0
6479;12.093333333333334;12.0;15.0;-3.0;12.0
6489;12.08;12.0;15.0;-3.0;12.0
6499;12.173333333333334;12.0;15.0;-3.0;12.0
6509;12.11;12.0;15.0;-3.0;12.0
6519;12.066666666666666;12.0;15.0;-3.0;12.0
6529;12.103333333333333;12.0;15.0;-3.0;12.0
6539;12.126666666666667;12.0;15.0;-3.0;12.0
6549;12.083333333333334;12.0;15.0;-3.0;12.0
6559;12.153333333333334;12.0;15.0;-3.0;12.0
6569;12.06;12.0;15.0;-3.0;12.0
6579;12.156666666666666;12.0;15.0;-3.0;12.0
6589;12.113333333333333;12.0;15.0;-3.0;12.0
6599;12.163333333333334;12.0;15.0;-3.0;12.0
6609;12.073333333333334;12.0;15.0;-3.0;12.0
6619;12.113333333333333;12.0;15.0;-3.0;12.0
6629;12.126666666666667;12.0;15.0;-3.0;12.0
6639;12.103333333333333;12.0;15.0;-3.0;12.0
6649;12.116666666666667;12.0;15.0;-3.0;12.0
6659;12.103333333333333;12.0;15.0;-3.0;12.0
6669;12.096666666666666;12.0;15.0;-3.0;12.0
6679;12.09;12.0;15.0;-3.0;12.0
6689;12.083333333333334;12.0;15.0;-3.0;12.0
6699;12.13;12.0;15.0;-3.0;12.0
6709;12.066666666666666;12.0;15.0;-3.0;12.0
6719;12.096666666666666;12.0;15.0;-3.0;12.0
6729;12.123333333333333;12.0;15.0;-3.0;12.0
6739;12.133333333333333;12.0;15.0;-3.0;12.0
6749;12.12;12.0;15.0;-3.0;12.0
6759;12.126666666666667;12.0;15.0;-3.0;12.0
6769;12.11;12.0;15.0;-3.0;12.0
6779;12.1;12.0;15.0;-3.0;12.0
6789;12.076666666666666;12.0;15.0;-3.0;12.0
6799;12.096666666666666;12.0;15.0;-3.0;12.0
6809;12.13;12.0;15.0;-3.0;12.0
6819;12.123333333333333;12.0;15.0;-3.0;12.0
6829;12.12;12.0;15.0;-3.0;12.0
6839;12.05;12.0;15.0;-3.0;12.0
6849;12.1;12.0;15.0;-3.0;12.0
6859;12.106666666666667;12.0;15.0;-3.0;12.0
6869;12.16;12.0;15.0;-3.0;12.0
6879;12.076666666666666;12.0;15.0;-3.0;12.0
6889;12.14;12.0;15.0;-3.0;12.0
6899;12.176666666666666;12.0;15.0;-3.0;12.0
6909;12.103333333333333;12.0;15.0;-3.0;12.0
6919;12.19;12.0;15.0;-3.0;12.0
6929;12.103333333333333;12.0;15.0;-3.0;12.0
6939;12.12;12.0;15.0;-3.0;12.0
6949;12.186666666666667;12.0;15.0;-3.0;12.0
6959;12.096666666666666;12.0;15.0;-3.0;12.0
6969;12.086666666666666;12.0;15.0;-3.0;12.0
6979;12.166666666666666;12.0;15.0;-3.0;12.0
6989;12.09;12.0;15.0;-3.0;12.0
6999;12.12;12.0;15.0;-3.0;12.0
7009;12.15;12.0;15.0;-3.0;12.0
7019;12.11;12.0;15.0;-3.0;12.0
7029;12.116666666666667;12.0;15.0;-3.0;12.0
7039;12.156666666666666;12.0;15.0;-3.0;12.0
7049;12.106666666666667;12.0;15.0;-3.0;12.0
7059;12.143333333333333;12.0;15.0;-3.0;12.0
7069;12.076666666666666;12.0;15.0;-3.0;12.0
7079;12.12;12.0;15.0;-3.0;12.0
7089;12.11;12.0;15.0;-3.0;12.0
7099;12.113333333333333;12.0;15.0;-3.0;12.0
7109;12.17;12.0;15.0;-3.0;12.0
7119;12.143333333333333;12.0;15.0;-3.0;12.0
7129;12.146666666666667;12.0;15.0;-3.0;12.0
7139;12.126666666666667;12.0;15.0;-3.0;12.0
7149;12.11;12.0;15.0;-3.0;12.0
7159;12.176666666666666;12.0;15.0;-3.0;12.0
7169;12.116666666666667;12.0;15.0;-3.0;12.0
7179;12.123333333333333;12.0;15.0;-3.0;12.0
7189;12.156666666666666;12.0;15.0;-3.0;12.0
7199;12.076666666666666;12.0;15.0;-3.0;12.0
7209;12.19;12.0;15.0;-3.0;12.0
7219;12.076666666666666;12.0;15.0;-3.0;12.0
7229;12.14;12.0;15.0;-3.0;12.0
7239;12.083333333333334;12.0;15.0;-3.0;12.0
7249;12.146666666666667;12.0;15.0;-3.0;12.0
7259;12.163333333333334;12.0;15.0;-3.0;12.0
7269;12.123333333333333;12.0;15.0;-3.0;12.0
7279;12.053333333333333;12.0;15.0;-3.0;12.0
7289;12.08;12.0;15.0;-3.0;12.0
7299;12.106666666666667;12.0;15.0;-3.0;12.0
7309;12.063333333333333;12.0;15.0;-3.0;12.0
7319;12.146666666666667;12.0;15.0;-3.0;12.0
7329;12.093333333333334;12.0;15.0;-3.0;12.0
7339;12.103333333333333;12.0;15.0;-3.0;12.0
7349;12.11;12.0;15.0;-3.0;12.0
7359;12.073333333333334;12.0;15.0;-3.0;12.0
7369;12.136666666666667;12.0;15.0;-3.0;12.0
7379;12.123333333333333;12.0;15.0;-3.0;12.0
7389;12.083333333333334;12.0;15.0;-3.0;12.0
7399;12.14;12.0;15.0;-3.0;12.0
7409;12.13;12.0;15.0;-3.0;12.0
7419;12.186666666666667;12.0;15.0;-3.0;12.0
7429;12.133333333333333;12.0;15.0;-3.0;12.0
7439;12.096666666666666;12.0;15.0;-3.0;12.0
7449;12.15;12.0;15.0;-3.0;12.0
7459;12.126666666666667;12.0;15.0;-3.0;12.0
7469;12.1;12.0;15.0;-3.0;12.0
7479;12.096666666666666;12.0;15.0;-3.0;12.0
7489;12.193333333333333;12.0;15.0;-3.0;12.0
7499;12.133333333333333;12.0;15.0;-3.0;12.0
7509;12.043333333333333;12.0;15.0;-3.0;12.0
7519;12.096666666666666;12.0;15.0;-3.0;12.0
7529;12.123333333333333;12.0;15.0;-3.0;12.0
7539;12.143333333333333;12.0;15.0;-3.0;12.0
7549;12.09;12.0;15.0;-3.0;12.0
7559;12.136666666666667;12.0;15.0;-3.0;12.0
7569;12.12;12.0;15.0;-3.0;12.0
7579;12.113333333333333;12.0;15.0;-3.0;12.0
7589;12.13;12.0;15.0;-3.0;12.0
7599;12.1;12.0;15.0;-3.0;12.0
7609;12.186666666666667;12.0;15.0;-3.0;12.0
7619;12.12;12.0;15.0;-3.0;12.0
7629;12.106666666666667;12.0;15.0;-3.0;12.0
7639;12.06;12.0;15.0;-3.0;12.0
7649;12.096666666666666;12.0;15.0;-3.0;12.0
7659;12.093333333333334;12.0;15.0;-3.0;12.0
7669;12.143333333333333;12.0;15.0;-3.0;12.0
7679;12.12;12.0;15.0;-3.0;12.0
7689;12.14;12.0;15.0;-3.0;12.0
7699;12.13;12.0;15.0;-3.0;12.0
7709;12.136666666666667;12.0;15.0;-3.0;12.0
7719;12.073333333333334;12.0;15.0;-3.0;12.0
7729;12.066666666666666;12.0;15.0;-3.0;12.0
7739;12.176666666666666;12.0;15.0;-3.0;12.0
7749;12.106666666666667;12.0;15.0;-3.0;12.0
7759;12.093333333333334;12.0;15.0;-3.0;12.0
7769;12.18;12.0;15.0;-3.0;12.0
7779;12.146666666666667;12.0;15.0;-3.0;12.0
7789;12.126666666666667;12.0;15.0;-3.0;12.0
7799;12.096666666666666;12.0;15.0;-3.0;12.0
7809;12.13;12.0;15.0;-3.0;12.0
7819;12.06;12.0;15.0;-3.0;12.0
7829;12.15;12.0;15.0;-3.0;12.0
7839;12.116666666666667;12.0;15.0;-3.0;12.0
7849;12.123333333333333;12.0;15.0;-3.0;12.0
7859;12.15;12.0;15.0;-3.0;12.0
7869;12.056666666666667;12.0;15.0;-3.0;12.0
7879;12.203333333333333;12.0;15.0;-3.0;12.0
7889;12.1;12.0;15.0;-3.0;12.0
7899;12.08;12.0;15.0;-3.0;12.0
7909;12.07;12.0;15.0;-3.0;12.0
7919;12.176666666666666;12.0;15.0;-3.0;12.0
7929;12.106666666666667;12.0;15.0;-3.0;12.0
7939;12.08;12.0;15.0;-3.0;12.0
7949;12.11;12.0;15.0;-3.0;12.0
7959;12.106666666666667;12.0;15.0;-3.0;12.0
7969;12.096666666666666;12.0;15.0;-3.0;12.0
7979;12.126666666666667;12.0;15.0;-3.0;12.0
7989;12.123333333333333;12.0;15.0;-3.0;12.0
7999;12.06;12.0;15.0;-3.0;12.0
8009;12.09;12.0;15.0;-3.0;12.0
8019;12.09;12.0;15.0;-3.0;12.0
8029;12.1;12.0;15.0;-3.0;12.0
8039;12.07;12.0;15.0;-3.0;12.0
8049;12.12;12.0;15.0;-3.0;12.0
8059;12.063333333333333;12.0;15.0;-3.0;12.0
8069;12.11;12.0;15.0;-3.0;12.0
8079;12.093333333333334;12.0;15.0;-3.0;12.0
8089;12.103333333333333;12.0;15.0;-3.0;12.0
8099;12.123333333333333;12.0;15.0;-3.0;12.0
8109;12.096666666666666;12.0;15.0;-3.0;12.0
8119;12.066666666666666;12.0;15.0;-3.0;12.0
8129;12.063333333333333;12.0;15.0;-3.0;12.0
8139;12.21;12.0;15.0;-3.0;12.0
8149;12.076666666666666;12.0;15.0;-3.0;12.0
8159;12.13;12.0;15.0;-3.0;12.0
8169;12.133333333333333;12.0;15.0;-3.0;12.0
8179;12.146666666666667;12.0;15.0;-3.0;12.0
8189;12.116666666666667;12.0;15.0;-3.0;12.0
8199;12.126666666666667;12.0;15.0;-3.0;12.0
8209;12.1;12.0;15.0;-3.0;12.0
8219;12.103333333333333;12.0;15.0;-3.0;12.0
8229;12.126666666666667;12.0;15.0;-3.0;12.0
8239;12.106666666666667;12.0;15.0;-3.0;12.0
8249;12.1;12.0;15.0;-3.0;12.0
8259;12.086666666666666;12.0;15.0;-3.0;12.0
8269;12.133333333333333;12.0;15.0;-3.0;12.0
8279;12.126666666666667;12.0;15.0;-3.0;12.0
8289;12.123333333333333;12.0;15.0;-3.0;12.0
8299;12.07;12.0;15.0;-3.0;12.0
8309;12.123333333333333;12.0;15.0;-3.0;12.0
8319;12.136666666666667;12.0;15.0;-3.0;12.0
8329;12.086666666666666;12.0;15.0;-3.0;12.0
8339;12.093333333333334;12.0;15.0;-3.0;12.0
8349;12.113333333333333;12.0;15.0;-3.0;12.0
8359;12.146666666666667;12.0;15.0;-3.0;12.0
8369;12.1;12.0;15.0;-3.0;12.0
8379;12.12;12.0;15.0;-3.0;12.0
8389;12.116666666666667;12.0;15.0;-3.0;12.0
8399;12.09;12.0;15.0;-3.0;12.0
8409;12.146666666666667;12.0;15.0;-3.0;12.0
8419;12.106666666666667;12.0;15.0;-3.0;12.0
8429;12.126666666666667;12.0;15.0;-3.0;12.0
8439;12.056666666666667;12.0;15.0;-3.0;12.0
8449;12.163333333333334;12.0;15.0;-3.0;12.0
8459;12.1;12.0;15.0;-3.0;12.0
8469;12.06;12.0;15.0;-3.0;12.0
8479;12.09;12.0;15.0;-3.0;12.0
8489;12.12;12.0;15.0;-3.0;12.0
8499;12.103333333333333;12.0;15.0;-3.0;12.0
8509;12.143333333333333;12.0;15.0;-3.0;12.0
8519;12.14;12.0;15.0;-3.0;12.0
8529;12.12;12.0;15.0;-3.0;12.0
8539;12.163333333333334;12.0;15.0;-3.0;12.0
8549;12.113333333333333;12.0;15.0;-3.0;12.0
8559;12.093333333333334;12.0;15.0;-3.0;12.0
8569;12.146666666666667;12.0;15.0;-3.0;12.0
8579;12.1;12.0;15.0;-3.0;12.0
8589;12.056666666666667;12.0;15.0;-3.0;12.0
8599;12.123333333333333;12.0;15.0;-3.0;12.0
8609;12.156666666666666;12.0;15.0;-3.0;12.0
8619;12.173333333333334;12.0;15.0;-3.0;12.0
8629;12.073333333333334;12.0;15.0;-3.0;12.0
8639;12.116666666666667;12.0;15.0;-3.0;12.0
8649;12.116666666666667;12.0;15.0;-3.0;12.0
8659;12.066666666666666;12.0;15.0;-3.0;12.0
8669;12.09;12.0;15.0;-3.0;12.0
8679;12.11;12.0;15.0;-3.0;12.0
8689;12.043333333333333;12.0;15.0;-3.0;12.0
8699;12.06;12.0;15.0;-3.0;12.0
8709;12.14;12.0;15.0;-3.0;12.0
8719;12.1;12.0;15.0;-3.0;12.0
8729;12.13;12.0;15.0;-3.0;12.0
8739;12.096666666666666;12.0;15.0;-3.0;12.0
8749;12.126666666666667;12.0;15.0;-3.0;12.0
8759;12.083333333333334;12.0;15.0;-3.0;12.0
8769;12.086666666666666;12.0;15.0;-3.0;12.0
8779;12.08;12.0;15.0;-3.0;12.0
8789;12.05;12.0;15.0;-3.0;12.0
8799;12.133333333333333;12.0;15.0;-3.0;12.0
8809;12.156666666666666;12.0;15.0;-3.0;12.0
8819;12.096666666666666;12.0;15.0;-3.0;12.0
8829;12.063333333333333;12.0;15.0;-3.0;12.0
8839;12.08;12.0;15.0;-3.0;12.0
8849;12.09;12.0;15.0;-3.0;12.0
8859;12.133333333333333;12.0;15.0;-3.0;12.0
8869;12.093333333333334;12.0;15.0;-3.0;12.0
8879;12.14;12.0;15.0;-3.0;12.0
8889;12.146666666666667;12.0;15.0;-3.0;12.0
8899;12.203333333333333;12.0;15.0;-3.0;12.0
8909;12.09;12.0;15.0;-3.0;12.0
8919;12.086666666666666;12.0;15.0;-3.0;12.0
8929;12.176666666666666;12.0;15.0;-3.0;12.0
8939;12.133333333333333;12.0;15.0;-3.0;12.0
8949;12.136666666666667;12.0;15.0;-3.0;12.0
8959;12.11;12.0;15.0;-3.0;12.0
8969;12.113333333333333;12.0;15.0;-3.0;12.0
8979;12.116666666666667;12.0;15.0;-3.0;12.0
8989;12.126666666666667;12.0;15.0;-3.0;12.0
8999;12.106666666666667;12.0;15.0;-3.0;12.0
9009;12.086666666666666;12.0;15.0;-3.0;12.0
9019;12.1;12.0;15.0;-3.0;12.0
9029;12.103333333333333;12.0;15.0;-3.0;12.0
9039;12.143333333333333;12.0;15.0;-3.0;12.0
9049;12.09;12.0;15.0;-3.0;12.0
9059;12.14;12.0;15.0;-3.0;12.0
9069;12.123333333333333;12.0;15.0;-3.0;12.0
9079;12.093333333333334;12.0;15.0;-3.0;12.0
9089;12.14;12.0;15.0;-3.0;12.0
9099;12.1;12.0;15.0;-3.0;12.0
9109;12.106666666666667;12.0;15.0;-3.0;12.0
9119;12.096666666666666;12.0;15.0;-3.0;12.0
9129;12.163333333333334;12.0;15.0;-3.0;12.0
9139;12.163333333333334;12.0;15.0;-3.0;12.0
9149;12.14;12.0;15.0;-3.0;12.0
9159;12.133333333333333;12.0;15.0;-3.0;12.0
9169;12.13;12.0;15.0;-3.0;12.0
9179;12.066666666666666;12.0;15.0;-3.0;12.0
9189;12.086666666666666;12.0;15.0;-3.0;12.0
9199;12.083333333333334;12.0;15.0;-3.0;12.0
9209;12.076666666666666;12.0;15.0;-3.0;12.0
9219;12.14;12.0;15.0;-3.0;12.0
9229;12.11;12.0;15.0;-3.0;12.0
9239;12.123333333333333;12.0;15.0;-3.0;12.0
9249;12.146666666666667;12.0;15.0;-3.0;12.0
9259;12.126666666666667;12.0;15.0;-3.0;12.0
9269;12.073333333333334;12.0;15.0;-3.0;12.0
9279;12.09;12.0;15.0;-3.0;12.0
9289;12.053333333333333;12.0;15.0;-3.0;12.0
9299;12.133333333333333;12.0;15.0;-3.0;12.0
9309;12.1;12.0;15.0;-3.0;12.0
9319;12.126666666666667;12.0;15.0;-3.0;12.0
9329;12.06;12.0;15.0;-3.0;12.0
9339;12.113333333333333;12.0;15.0;-3.0;12.0
9349;12.086666666666666;12.0;15.0;-3.0;12.0
9359;12.14;12.0;15.0;-3.0;12.0
9369;12.17;12.0;15.0;-3.0;12.0
9379;12.06;12.0;15.0;-3.0;12.0
9389;12.12;12.0;15.0;-3.0;12.0
9399;12.066666666666666;12.0;15.0;-3.0;12.0
9409;12.1;12.0;15.0;-3.0;12.0
9419;12.096666666666666;12.0;15.0;-3.0;12.0
9429;12.146666666666667;12.0;15.0;-3.0;12.0
9439;12.056666666666667;12.0;15.0;-3.0;12.0
9449;12.146666666666667;12.0;15.0;-3.0;12.0
9459;12.096666666666666;12.0;15.0;-3.0;12.0
9469;12.13;12.0;15.0;-3.0;12.0
9479;12.143333333333333;12.0;15.0;-3.0;12.0
9489;12.133333333333333;12.0;15.0;-3.0;12.0
9499;12.13;12.0;15.0;-3.0;12.0
9509;12.09;12.0;15.0;-3.0;12.0
9519;12.066666666666666;12.0;15.0;-3.0;12.0
9529;12.1;12.0;15.0;-3.0;12.0
9539;12.133333333333333;12.0;15.0;-3.0;12.0
9549;12.096666666666666;12.0;15.0;-3.0;12.0
9559;12.126666666666667;12.0;15.0;-3.0;12.0
9569;12.103333333333333;12.0;15.0;-3.0;12.0
9579;12.126666666666667;12.0;15.0;-3.0;12.0
9589;12.07;12.0;15.0;-3.0;12.0
9599;12.09;12.0;15.0;-3.0;12.0
9609;12.07;12.0;15.0;-3.0;12.0
9619;12.07;12.0;15.0;-3.0;12.0
9629;12.12;12.0;15.0;-3.0;12.0
9639;12.096666666666666;12.0;15.0;-3.0;12.0
9649;12.146666666666667;12.0;15.0;-3.0;12.0
9659;12.13;12.0;15.0;-3.0;12.0
9669;12.1;12.0;15.0;-3.0;12.0
9679;12.083333333333334;12.0;15.0;-3.0;12.0
9689;12.13;12.0;15.0;-3.0;12.0
9699;12.183333333333334;12.0;15.0;-3.0;12.0
9709;12.116666666666667;12.0;15.0;-3.0;12.0
9719;12.116666666666667;12.0;15.0;-3.0;12.0
9729;12.076666666666666;12.0;15.0;-3.0;12.0
9739;12.15;12.0;15.0;-3.0;12.0
9749;12.156666666666666;12.0;15.0;-3.0;12.0
9759;12.093333333333334;12.0;15.0;-3.0;12.0
9769;12.13;12.0;15.0;-3.0;12.0
9779;12.123333333333333;12.0;15.0;-3.0;12.0
9789;12.08;12.0;15.0;-3.0;12.0
9799;12.15;12.0;15.0;-3.0;12.0
9809;12.086666666666666;12.0;15.0;-3.0;12.0
9819;12.096666666666666;12.0;15.0;-3.0;12.0
9829;12.103333333333333;12.0;15.0;-3.0;12.0
9839;12.07;12.0;15.0;-3.0;12.0
9849;12.15;12.0;15.0;-3.0;12.0
9859;12.113333333333333;12.0;15.0;-3.0;12.0
9869;12.113333333333333;12.0;15.0;-3.0;12.0
9879;12.056666666666667;12.0;15.0;-3.0;12.0
9889;12.096666666666666;12.0;15.0;-3.0;12.0
9899;12.106666666666667;12.0;15.0;-3.0;12.0
9909;12.12;12.0;15.0;-3.0;12.0
9919;12.16;12.0;15.0;-3.0;12.0
9929;12.16;12.0;15.0;-3.0;12.0
9939;12.12;12.0;15.0;-3.0;12.0
9949;12.096666666666666;12.0;15.0;-3.0;12.0
9959;12.043333333333333;12.0;15.0;-3.0;12.0
9969;12.096666666666666;12.0;15.0;-3.0;12.0
9979;12.133333333333333;12.0;15.0;-3.0;12.0
9989;12.1;12.0;15.0;-3.0;12.0
9999;12.103333333333333;12.0;15.0;-3.0;12.0
10009;12.086666666666666;12.0;15.0;-3.0;12.0
10019;12.153333333333334;12.0;15.0;-3.0;12.0
10029;12.123333333333333;12.0;15.0;-3.0;12.0
10039;12.13;12.0;15.0;-3.0;12.0
10049;12.076666666666666;12.0;15.0;-3.0;12.0
10059;12.116666666666667;12.0;15.0;-3.0;12.0
10069;12.126666666666667;12.0;15.0;-3.0;12.0
10079;12.08;12.0;15.0;-3.0;12.0
10089;12.083333333333334;12.0;15.0;-3.0;12.0
10099;12.113333333333333;12.0;15.0;-3.0;12.0
10109;12.08;12.0;15.0;-3.0;12.0
10119;12.056666666666667;12.0;15.0;-3.0;12.0
10129;12.126666666666667;12.0;15.0;-3.0;12.0
10139;12.156666666666666;12.0;15.0;-3.0;12.0
10149;12.08;12.0;15.0;-3.0;12.0
10159;12.033333333333333;12.0;15.0;-3.0;12.0
10169;12.12;12.0;15.0;-3.0;12.0
10179;12.113333333333333;12.0;15.0;-3.0;12.0
10189;12.1;12.0;15.0;-3.0;12.0
10199;12.12;12.0;15.0;-3.0;12.0
10209;12.09;12.0;15.0;-3.0;12.0
10219;12.103333333333333;12.0;15.0;-3.0;12.0
10229;12.066666666666666;12.0;15.0;-3.0;12.0
10239;12.056666666666667;12.0;15.0;-3.0;12.0
10249;12.163333333333334;12.0;15.0;-3.0;12.0
10259;12.14;12.0;15.0;-3.0;12.0
10269;12.096666666666666;12.0;15.0;-3.0;12.0
10279;12.12;12.0;15.0;-3.0;12.0
10289;12.123333333333333;12.0;15.0;-3.0;12.0
10299;12.123333333333333;12.0;15.0;-3.0;12.0
10309;12.113333333333333;12.0;15.0;-3.0;12.0
10319;12.11;12.0;15.0;-3.0;12.0
10329;12.1;12.0;15.0;-3.0;12.0
10339;12.083333333333334;12.0;15.0;-3.0;12.0
10349;12.173333333333334;12.0;15.0;-3.0;12.0
10359;12.17;12.0;15.0;-3.0;12.0
10369;12.113333333333333;12.0;15.0;-3.0;12.0
10379;12.063333333333333;12.0;15.0;-3.0;12.0
10389;12.15;12.0;15.0;-3.0;12.0
10399;12.11;12.0;15.0;-3.0;12.0
10409;12.11;12.0;15.0;-3.0;12.0
10419;12.093333333333334;12.0;15.0;-3.0;12.0
10429;12.073333333333334;12.0;15.0;-3.0;12.0
10439;12.09;12.0;15.0;-3.0;12.0
10449;12.076666666666666;12.0;15.0;-3.0;12.0
10459;12.133333333333333;12.0;15.0;-3.0;12.0
10469;12.083333333333334;12.0;15.0;-3.0;12.0
10479;12.086666666666666;12.0;15.0;-3.0;12.0
10489;12.126666666666667;12.0;15.0;-3.0;12.0
10499;12.086666666666666;12.0;15.0;-3.0;12.0
10509;12.08;12.0;15.0;-3.0;12.0
10519;12.15;12.0;15.0;-3.0;12.0
10529;12.17;12.0;15.0;-3.0;12.0
10539;12.12;12.0;15.0;-3.0;12.0
10549;12.12;12.0;15.0;-3.0;12.0
10559;12.153333333333334;12.0;15.0;-3.0;12.0
10569;12.14;12.0;15.0;-3.0;12.0
10579;12.13;12.0;15.0;-3.0;12.0
10589;12.143333333333333;12.0;15.0;-3.0;12.0
10599;12.073333333333334;12.0;15.0;-3.0;12.0
10609;12.11;12.0;15.0;-3.0;12.0
10619;12.133333333333333;12.0;15.0;-3.0;12.0
10629;12.07;12.0;15.0;-3.0;12.0
10639;12.093333333333334;12.0;15.0;-3.0;12.0
10649;12.093333333333334;12.0;15.0;-3.0;12.0
10659;12.09;12.0;15.0;-3.0;12.0
10669;12.13;12.0;15.0;-3.0;12.0
10679;12.133333333333333;12.0;15.0;-3.0;12.0
10689;12.09;12.0;15.0;-3.0;12.0
10699;12.076666666666666;12.0;15.0;-3.0;12.0
10709;12.133333333333333;12.0;15.0;-3.0;12.0
10719;12.12;12.0;15.0;-3.0;12.0
10729;12.08;12.0;15.0;-3.0;12.0
10739;12.143333333333333;12.0;15.0;-3.0;12.0
10749;12.13;12.0;15.0;-3.0;12.0
10759;12.126666666666667;12.0;15.0;-3.0;12.0
10769;12.11;12.0;15.0;-3.0;12.0
10779;12.123333333333333;12.0;15.0;-3.0;12.0
10789;12.106666666666667;12.0;15.0;-3.0;12.0
10799;12.083333333333334;12.0;15.0;-3.0;12.0
10809;12.15;12.0;15.0;-3.0;12.0
10819;12.12;12.0;15.0;-3.0;12.0
10829;12.15;12.0;15.0;-3.0;12.0
10839;12.106666666666667;12.0;15.0;-3.0;12.0
10849;12.126666666666667;12.0;15.0;-3.0;12.0
10859;12.11;12.0;15.0;-3.0;12.0
10869;12.126666666666667;12.0;15.0;-3.0;12.0
10879;12.203333333333333;12.0;15.0;-3.0;12.0
10889;12.113333333333333;12.0;15.0;-3.0;12.0
10899;12.13;12.0;15.0;-3.0;12.0
10909;12.113333333333333;12.0;15.0;-3.0;12.0
10919;12.07;12.0;15.0;-3.0;12.0
10929;12.083333333333334;12.0;15.0;-3.0;12.0
10939;12.13;12.0;15.0;-3.0;12.0
10949;12.106666666666667;12.0;15.0;-3.0;12.0
10959;12.126666666666667;12.0;15.0;-3.0;12.0
10969;12.06;12.0;15.0;-3.0;12.0
10979;12.103333333333333;12.0;15.0;-3.0;12.0
10989;12.153333333333334;12.0;15.0;-3.0;12.0
10999;12.166666666666666;12.0;15.0;-3.0;12.0
11009;12.143333333333333;12.0;15.0;-3.0;12.0
11019;12.126666666666667;12.0;15.0;-3.0;12.0
11029;12.116666666666667;12.0;15.0;-3.0;12.0
11039;12.173333333333334;12.0;15.0;-3.0;12.0
11049;12.113333333333333;12.0;15.0;-3.0;12.0
11059;12.093333333333334;12.0;15.0;-3.0;12.0
11069;12.126666666666667;12.0;15.0;-3.0;12.0
11079;12.093333333333334;12.0;15.0;-3.0;12.0
11089;12.093333333333334;12.0;15.0;-3.0;12.0
11099;12.13;12.0;15.0;-3.0;12.0
11109;12.1;12.0;15.0;-3.0;12.0
11119;12.09;12.0;15.0;-3.0;12.0
11129;12.103333333333333;12.0;15.0;-3.0;12.0
11139;12.123333333333333;12.0;15.0;-3.0;12.0
11149;12.133333333333333;12.0;15.0;-3.0;12.0
11159;12.12;12.0;15.0;-3.0;12.0
11169;12.166666666666666;12.0;15.0;-3.0;12.0
11179;12.103333333333333;12.0;15.0;-3.0;12.0
11189;12.08;12.0;15.0;-3.0;12.0
11199;12.13;12.0;15.0;-3.0;12.0
11209;12.12;12.0;15.0;-3.0;12.0
11219;12.113333333333333;12.0;15.0;-3.0;12.0
11229;12.16;12.0;15.0;-3.0;12.0
11239;12.096666666666666;12.0;15.0;-3.0;12.0
11249;12.17;12.0;15.0;-3.0;12.0
11259;12.09;12.0;15.0;-3.0;12.0
11269;12.103333333333333;12.0;15.0;-3.0;12.0
11279;12.11;12.0;15.0;-3.0;12.0
11289;12.16;12.0;15.0;-3.0;12.0
11299;12.096666666666666;12.0;15.0;-3.0;12.0
11309;12.096666666666666;12.0;15.0;-3.0;12.0
11319;12.086666666666666;12.0;15.0;-3.0;12.0
11329;12.1;12.0;15.0;-3.0;12.0
11339;12.09;12.0;15.0;-3.0;12.0
11349;12.12;12.0;15.0;-3.0;12.0
11359;12.103333333333333;12.0;15.0;-3.0;12.0
11369;12.093333333333334;12.0;15.0;-3.0;12.0
11379;12.083333333333334;12.0;15.0;-3.0;12.0
11389;12.163333333333334;12.0;15.0;-3.0;12.0
11399;12.106666666666667;12.0;15.0;-3.0;12.0
11409;12.103333333333333;12.0;15.0;-3.0;12.0
11419;12.116666666666667;12.0;15.0;-3.0;12.0
11429;12.063333333333333;12.0;15.0;-3.0;12.0
11439;12.12;12.0;15.0;-3.0;12.0
11449;12.093333333333334;12.0;15.0;-3.0;12.0
11459;12.113333333333333;12.0;15.0;-3.0;12.0
11469;12.126666666666667;12.0;15.0;-3.0;12.0
11479;12.073333333333334;12.0;15.0;-3.0;12.0
11489;12.106666666666667;12.0;15.0;-3.0;12.0
11499;12.136666666666667;12.0;15.0;-3.0;12.0
11509;12.096666666666666;12.0;15.0;-3.0;12.0
11519;12.16;12.0;15.0;-3.0;12.0
11529;12.146666666666667;12.0;15.0;-3.0;12.0
11539;12.106666666666667;12.0;15.0;-3.0;12.0
11549;12.103333333333333;12.0;15.0;-3.0;12.0
11559;12.093333333333334;12.0;15.0;-3.0;12.0
11569;12.113333333333333;12.0;15.0;-3.0;12.0
11579;12.133333333333333;12.0;15.0;-3.0;12.0
11589;12.106666666666667;12.0;15.0;-3.0;12.0
11599;12.103333333333333;12.0;15.0;-3.0;12.0
11609;12.096666666666666;12.0;15.0;-3.0;12.0
11619;12.086666666666666;12.0;15.0;-3.0;12.0
11629;12.153333333333334;12.0;15.0;-3.0;12.0
11639;12.093333333333334;12.0;15.0;-3.0;12.0
11649;12.136666666666667;12.0;15.0;-3.0;12.0
11659;12.066666666666666;12.0;15.0;-3.0;12.0
11669;12.153333333333334;12.0;15.0;-3.0;12.0
11679;12.076666666666666;12.0;15.0;-3.0;12.0
11689;12.086666666666666;12.0;15.0;-3.0;12.0
11699;12.126666666666667;12.0;15.0;-3.0;12.0
11709;12.066666666666666;12.0;15.0;-3.0;12.0
11719;12.113333333333333;12.0;15.0;-3.0;12.0
11729;12.066666666666666;12.0;15.0;-3.0;12.0
11739;12.083333333333334;12.0;15.0;-3.0;12.0
11749;12.13;12.0;15.0;-3.0;12.0
11759;12.103333333333333;12.0;15.0;-3.0;12.0
11769;12.133333333333333;12.0;15.0;-3.0;12.0
11779;12.07;12.0;15.0;-3.0;12.0
11789;12.08;12.0;15.0;-3.0;12.0
11799;12.14;12.0;15.0;-3.0;12.0
11809;12.103333333333333;12.0;15.0;-3.0;12.0
11819;12.09;12.0;15.0;-3.0;12.0
11829;12.126666666666667;12.0;15.0;-3.0;12.0
11839;12.103333333333333;12.0;15.0;-3.0;12.0
11849;12.13;12.0;15.0;-3.0;12.0
11859;12.073333333333334;12.0;15.0;-3.0;12.0
11869;12.113333333333333;12.0;15.0;-3.0;12.0
11879;12.086666666666666;12.0;15.0;-3.0;12.0
11889;12.12;12.0;15.0;-3.0;12.0
11899;12.083333333333334;12.0;15.0;-3.0;12.0
11909;12.093333333333334;12.0;15.0;-3.0;12.0
11919;12.133333333333333;12.0;15.0;-3.0;12.0
11929;12.1;12.0;15.0;-3.0;12.0
11939;12.13;12.0;15.0;-3.0;12.0
11949;12.146666666666667;12.0;15.0;-3.0;12.0
11959;12.1;12.0;15.0;-3.0;12.0
11969;12.123333333333333;12.0;15.0;-3.0;12.0
11979;12.076666666666666;12.0;15.0;-3.0;12.0
11989;12.12;12.0;15.0;-3.0;12.0
11999;12.13;12.0;15.0;-3.0;12.0
12009;12.05;12.0;15.0;-3.0;12.0
12019;12.103333333333333;12.0;15.0;-3.0;12.0
12029;12.14;12.0;15.0;-3.0;12.0
12039;12.083333333333334;12.0;15.0;-3.0;12.0
12049;12.113333333333333;12.0;15.0;-3.0;12.0
12059;12.1;12.0;15.0;-3.0;12.0
12069;12.113333333333333;12.0;15.0;-3.0;12.0
12079;12.143333333333333;12.0;15.0;-3.0;12.0
12089;12.056666666666667;12.0;15.0;-3.0;12.0
12099;12.106666666666667;12.0;15.0;-3.0;12.0
12109;12.096666666666666;12.0;15.0;-3.0;12.0
12119;12.1;12.0;15.0;-3.0;12.0
12129;12.146666666666667;12.0;15.0;-3.0;12.0
12139;12.12;12.0;15.0;-3.0;12.0
12149;12.156666666666666;12.0;15.0;-3.0;12.0
12159;12.083333333333334;12.0;15.0;-3.0;12.0
12169;12.076666666666666;12.0;15.0;-3.0;12.0
12179;12.173333333333334;12.0;15.0;-3.0;12.0
12189;12.126666666666667;12.0;15.0;-3.0;12.0
12199;12.106666666666667;12.0;15.0;-3.0;12.0
12209;12.083333333333334;12.0;15.0;-3.0;12.0
12219;12.126666666666667;12.0;15.0;-3.0;12.0
12229;12.063333333333333;12.0;15.0;-3.0;12.0
12239;12.106666666666667;12.0;15.0;-3.0;12.0
12249;12.1;12.0;15.0;-3.0;12.0
12259;12.1;12.0;15.0;-3.0;12.0
12269;12.12;12.0;15.0;-3.0;12.0
12279;12.113333333333333;12.0;15.0;-3.0;12.0
12289;12.093333333333334;12.0;15.0;-3.0;12.0
12299;12.13;12.0;15.0;-3.0;12.0
12309;12.09;12.0;15.0;-3.0;12.0
12319;12.096666666666666;12.0;15.0;-3.0;12.0
12329;12.06;12.0;15.0;-3.0;12.0
12339;12.11;12.0;15.0;-3.0;12.0
12349;12.08;12.0;15.0;-3.0;12.0
12359;12.176666666666666;12.0;15.0;-3.0;12.0
12369;12.12;12.0;15.0;-3.0;12.0
12379;12.133333333333333;12.0;15.0;-3.0;12.0
12389;12.133333333333333;12.0;15.0;-3.0;12.0
12399;12.103333333333333;12.0;15.0;-3.0;12.0
12409;12.086666666666666;12.0;15.0;-3.0;12.0
12419;12.093333333333334;12.0;15.0;-3.0;12.0
12429;12.096666666666666;12.0;15.0;-3.0;12.0
12439;12.09;12.0;15.0;-3.0;12.0
12449;12.16;12.0;15.0;-3.0;12.0
12459;12.083333333333334;12.0;15.0;-3.0;12.0
12469;12.073333333333334;12.0;15.0;-3.0;12.0
12479;12.116666666666667;12.0;15.0;-3.0;12.0
12489;12.18;12.0;15.0;-3.0;12.0
12499;12.12;12.0;15.0;-3.0;12.0
12509;12.14;12.0;15.0;-3.0;12.0
12519;12.103333333333333;12.0;15.0;-3.0;12.0
12529;12.12;12.0;15.0;-3.0;12.0
12539;12.1;12.0;15.0;-3.0;12.0
12549;12.11;12.0;15.0;-3.0;12.0
12559;12.123333333333333;12.0;15.0;-3.0;12.0
12569;12.066666666666666;12.0;15.0;-3.0;12.0
12579;12.106666666666667;12.0;15.0;-3.0;12.0
12589;12.056666666666667;12.0;15.0;-3.0;12.0
12599;12.103333333333333;12.0;15.0;-3.0;12.0
12609;12.166666666666666;12.0;15.0;-3.0;12.0
12619;12.08;12.0;15.0;-3.0;12.0
12629;12.116666666666667;12.0;15.0;-3.0;12.0
12639;12.176666666666666;12.0;15.0;-3.0;12.0
12649;12.116666666666667;12.0;15.0;-3.0;12.0
12659;12.07;12.0;15.0;-3.0;12.0
12669;12.14;12.0;15.0;-3.0;12.0
12679;12.136666666666667;12.0;15.0;-3.0;12.0
12689;12.06;12.0;15.0;-3.0;12.0
12699;12.08;12.0;15.0;-3.0;12.0
12709;12.133333333333333;12.0;15.0;-3.0;12.0
12719;12.08;12.0;15.0;-3.0;12.0
12729;12.086666666666666;12.0;15.0;-3.0;12.0
12739;12.113333333333333;12.0;15.0;-3.0;12.0
12749;12.073333333333334;12.0;15.0;-3.0;12.0
12759;12.103333333333333;12.0;15.0;-3.0;12.0
12769;12.116666666666667;12.0;15.0;-3.0;12.0
12779;12.1;12.0;15.0;-3.0;12.0
12789;12.116666666666667;12.0;15.0;-3.0;12.0
12799;12.103333333333333;12.0;15.0;-3.0;12.0
12809;12.123333333333333;12.0;15.0;-3.0;12.0
12819;12.146666666666667;12.0;15.0;-3.0;12.0
12829;12.166666666666666;12.0;15.0;-3.0;12.0
12839;12.136666666666667;12.0;15.0;-3.0;12.0
12849;12.156666666666666;12.0;15.0;-3.0;12.0
12859;12.153333333333334;12.0;15.0;-3.0;12.0
12869;12.16;12.0;15.0;-3.0;12.0
12879;12.13;12.0;15.0;-3.0;12.0
12889;12.116666666666667;12.0;15.0;-3.0;12.0
12899;12.043333333333333;12.0;15.0;-3.0;12.0
12909;12.086666666666666;12.0;15.0;-3.0;12.0
12919;12.076666666666666;12.0;15.0;-3.0;12.0
12929;12.07;12.0;15.0;-3.0;12.0
12939;12.096666666666666;12.0;15.0;-3.0;12.0
12949;12.14;12.0;15.0;-3.0;12.0
12959;12.063333333333333;12.0;15.0;-3.0;12.0
12969;12.116666666666667;12.0;15.0;-3.0;12.0
12979;12.106666666666667;12.0;15.0;-3.0;12.0
12989;12.113333333333333;12.0;15.0;-3.0;12.0
12999;12.1;12.0;15.0;-3.0;12.0
13009;12.17;12.0;15.0;-3.0;12.0
13019;12.06;12.0;15.0;-3.0;12.0
13029;12.15;12.0;15.0;-3.0;12.0
13039;12.1;12.0;15.0;-3.0;12.0
13049;12.106666666666667;12.0;15.0;-3.0;12.0
13059;12.14;12.0;15.0;-3.0;12.0
13069;12.136666666666667;12.0;15.0;-3.0;12.0
13079;12.046666666666667;12.0;15.0;-3.0;12.0
13089;12.113333333333333;12.0;15.0;-3.0;12.0
13099;12.05;12.0;15.0;-3.0;12.0
13109;12.09;12.0;15.0;-3.0;12.0
13119;12.166666666666666;12.0;15.0;-3.0;12.0
13129;12.15;12.0;15.0;-3.0;12.0
13139;12.113333333333333;12.0;15.0;-3.0;12.0
13149;12.126666666666667;12.0;15.0;-3.0;12.0
13159;12.126666666666667;12.0;15.0;-3.0;12.0
13169;12.066666666666666;12.0;15.0;-3.0;12.0
13179;12.07;12.0;15.0;-3.0;12.0
13189;12.056666666666667;12.0;15.0;-3.0;12.0
13199;12.116666666666667;12.0;15.0;-3.0;12.0
13209;12.083333333333334;12.0;15.0;-3.0;12.0
13219;12.076666666666666;12.0;15.0;-3.0;12.0
13229;12.15;12.0;15.0;-3.0;12.0
13239;12.106666666666667;12.0;15.0;-3.0;12.0
13249;12.106666666666667;12.0;15.0;-3.0;12.0
13259;12.15;12.0;15.0;-3.0;12.0
13269;12.123333333333333;12.0;15.0;-3.0;12.0
13279;12.086666666666666;12.0;15.0;-3.0;12.0
13289;12.18;12.0;15.0;-3.0;12.0
13299;12.143333333333333;12.0;15.0;-3.0;12.0
13309;12.08;12.0;15.0;-3.0;12.0
13319;12.066666666666666;12.0;15.0;-3.0;12.0
13329;12.12;12.0;15.0;-3.0;12.0
13339;12.16;12.0;15.0;-3.0;12.0
13349;12.096666666666666;12.0;15.0;-3.0;12.0
13359;12.126666666666667;12.0;15.0;-3.0;12.0
13369;12.11;12.0;15.0;-3.0;12.0
13379;12.123333333333333;12.0;15.0;-3.0;12.0
13389;12.116666666666667;12.0;15.0;-3.0;12.0
13399;12.123333333333333;12.0;15.0;-3.0;12.0
13409;12.05;12.0;15.0;-3.0;12.0
13419;12.086666666666666;12.0;15.0;-3.0;12.0
13429;12.083333333333334;12.0;15.0;-3.0;12.0
13439;12.14;12.0;15.0;-3.0;12.0
13449;12.093333333333334;12.0;15.0;-3.0;12.0
13459;12.08;12.0;15.0;-3.0;12.0
13469;12.06;12.0;15.0;-3.0;12.0
13479;12.093333333333334;12.0;15.0;-3.0;12.0
13489;12.09;12.0;15.0;-3.0;12.0
13499;12.126666666666667;12.0;15.0;-3.0;12.0
13509;12.11;12.0;15.0;-3.0;12.0
13519;12.096666666666666;12.0;15.0;-3.0;12.0
13529;12.07;12.0;15.0;-3.0;12.0
13539;12.1;12.0;15.0;-3.0;12.0
13549;12.1;12.0;15.0;-3.0;12.0
13559;12.136666666666667;12.0;15.0;-3.0;12.0
13569;12.053333333333333;12.0;15.0;-3.0;12.0
13579;12.09;12.0;15.0;-3.0;12.0
13589;12.106666666666667;12.0;15.0;-3.0;12.0
13599;12.103333333333333;12.0;15.0;-3.0;12.0
13609;12.093333333333334;12.0;15.0;-3.0;12.0
13619;12.126666666666667;12.0;15.0;-3.0;12.0
13629;12.103333333333333;12.0;15.0;-3.0;12.0
13639;12.143333333333333;12.0;15.0;-3.0;12.0
13649;12.113333333333333;12.0;15.0;-3.0;12.0
13659;12.12;12.0;15.0;-3.0;12.0
13669;12.13;12.0;15.0;-3.0;12.0
13679;12.1;12.0;15.0;-3.0;12.0
13689;12.076666666666666;12.0;15.0;-3.0;12.0
13699;12.136666666666667;12.0;15.0;-3.0;12.0
13709;12.046666666666667;12.0;15.0;-3.0;12.0
13719;12.093333333333334;12.0;15.0;-3.0;12.0
13729;12.096666666666666;12.0;15.0;-3.0;12.0
13739;12.136666666666667;12.0;15.0;-3.0;12.0
13749;12.176666666666666;12.0;15.0;-3.0;12.0
13759;12.096666666666666;12.0;15.0;-3.0;12.0
13769;12.13;12.0;15.0;-3.0;12.0
13779;12.083333333333334;12.0;15.0;-3.0;12.0
13789;12.116666666666667;12.0;15.0;-3.0;12.0
13799;12.123333333333333;12.0;15.0;-3.0;12.0
13809;12.176666666666666;12.0;15.0;-3.0;12.0
13819;12.103333333333333;12.0;15.0;-3.0;12.0
13829;12.036666666666667;12.0;15.0;-3.0;12.0
13839;12.096666666666666;12.0;15.0;-3.0;12.0
13849;12.073333333333334;12.0;15.0;-3.0;12.0
13859;12.05;12.0;15.0;-3.0;12.0
13869;12.173333333333334;12.0;15.0;-3.0;12.0
13879;12.193333333333333;12.0;15.0;-3.0;12.0
13889;12.11;12.0;15.0;-3.0;12.0
13899;12.053333333333333;12.0;15.0;-3.0;12.0
13909;12.106666666666667;12.0;15.0;-3.0;12.0
13919;12.11;12.0;15.0;-3.0;12.0
13929;12.076666666666666;12.0;15.0;-3.0;12.0
13939;12.1;12.0;15.0;-3.0;12.0
13949;12.113333333333333;12.0;15.0;-3.0;12.0
13959;12.053333333333333;12.0;15.0;-3.0;12.0
13969;12.11;12.0;15.0;-3.0;12.0
13979;12.15;12.0;15.0;-3.0;12.0
13989;12.113333333333333;12.0;15.0;-3.0;12.0
13999;12.08;12.0;15.0;-3.0;12.0
14009;12.15;12.0;15.0;-3.0;12.0
14019;12.113333333333333;12.0;15.0;-3.0;12.0
14029;12.116666666666667;12.0;15.0;-3.0;12.0
14039;12.13;12.0;15.0;-3.0;12.0
14049;12.096666666666666;12.0;15.0;-3.0;12.0
14059;12.106666666666667;12.0;15.0;-3.0;12.0
14069;12.056666666666667;12.0;15.0;-3.0;12.0
14079;12.14;12.0;15.0;-3.0;12.0
14089;12.136666666666667;12.0;15.0;-3.0;12.0
14099;12.076666666666666;12.0;15.0;-3.0;12.0
14109;12.076666666666666;12.0;15.0;-3.0;12.0
14119;12.08;12.0;15.0;-3.0;12.0
14129;12.053333333333333;12.0;15.0;-3.0;12.0
14139;12.106666666666667;12.0;15.0;-3.0;12.0
14149;12.203333333333333;12.0;15.0;-3.0;12.0
14159;12.123333333333333;12.0;15.0;-3.0;12.0
14169;12.076666666666666;12.0;15.0;-3.0;12.0
14179;12.076666666666666;12.0;15.0;-3.0;12.0
14189;12.096666666666666;12.0;15.0;-3.0;12.0
14199;12.156666666666666;12.0;15.0;-3.0;12.0
14209;12.136666666666667;12.0;15.0;-3.0;12.0
14219;12.123333333333333;12.0;15.0;-3.0;12.0
14229;12.1;12.0;15.0;-3.0;12.0
14239;12.09;12.0;15.0;-3.0;12.0
14249;12.1;12.0;15.0;-3.0;12.0
14259;12.12;12.0;15.0;-3.0;12.0
14269;12.056666666666667;12.0;15.0;-3.0;12.0
14279;12.1;12.0;15.0;-3.0;12.0
14289;12.116666666666667;12.0;15.0;-3.0;12.0
14299;12.09;12.0;15.0;-3.0;12.0
14309;12.143333333333333;12.0;15.0;-3.0;12.0
14319;12.08;12.0;15.0;-3.0;12.0
14329;12.06;12.0;15.0;-3.0;12.0
14339;12.1;12.0;15.0;-3.0;12.0
14349;12.19;12.0;15.0;-3.0;12.0
14359;12.086666666666666;12.0;15.0;-3.0;12.0
14369;12.133333333333333;12.0;15.0;-3.0;12.0
14379;12.146666666666667;12.0;15.0;-3.0;12.0
14389;12.116666666666667;12.0;15.0;-3.0;12.0
14399;12.1;12.0;15.0;-3.0;12.0
14409;12.183333333333334;12.0;15.0;-3.0;12.0
14419;12.096666666666666;12.0;15.0;-3.0;12.0
14429;12.106666666666667;12.0;15.0;-3.0;12.0
14439;12.073333333333334;12.0;15.0;-3.0;12.0
14449;12.096666666666666;12.0;15.0;-3.0;12.0
14459;12.19;12.0;15.0;-3.0;12.0
14469;12.096666666666666;12.0;15.0;-3.0;12.0
14479;12.096666666666666;12.0;15.0;-3.0;12.0
14489;12.086666666666666;12.0;15.0;-3.0;12.0
14499;12.083333333333334;12.0;15.0;-3.0;12.0
14509;12.133333333333333;12.0;15.0;-3.0;12.0
14519;12.093333333333334;12.0;15.0;-3.0;12.0
14529;12.123333333333333;12.0;15.0;-3.0;12.0
14539;12.136666666666667;12.0;15.0;-3.0;12.0
14549;12.103333333333333;12.0;15.0;-3.0;12.0
14559;12.04;12.0;15.0;-3.0;12.0
14569;12.116666666666667;12.0;15.0;-3.0;12.0
14579;12.093333333333334;12.0;15.0;-3.0;12.0
14589;12.126666666666667;12.0;15.0;-3.0;12.0
14599;12.103333333333333;12.0;15.0;-3.0;12.0
14609;12.17;12.0;15.0;-3.0;12.0
14619;12.113333333333333;12.0;15.0;-3.0;12.0
14629;12.133333333333333;12.0;15.0;-3.0;12.0
14639;12.103333333333333;12.0;15.0;-3.0;12.0
14649;12.156666666666666;12.0;15.0;-3.0;12.0
14659;12.116666666666667;12.0;15.0;-3.0;12.0
14669;12.113333333333333;12.0;15.0;-3.0;12.0
14679;12.16;12.0;15.0;-3.0;12.0
14689;12.123333333333333;12.0;15.0;-3.0;12.0
14699;12.13;12.0;15.0;-3.0;12.0
14709;12.086666666666666;12.0;15.0;-3.0;12.0
14719;12.073333333333334;12.0;15.0;-3.0;12.0
14729;12.11;12.0;15.0;-3.0;12.0
14739;12.126666666666667;12.0;15.0;-3.0;12.0
14749;12.11;12.0;15.0;-3.0;12.0
14759;12.116666666666667;12.0;15.0;-3.0;12.0
14769;12.11;12.0;15.0;-3.0;12.0
14779;12.113333333333333;12.0;15.0;-3.0;12.0
14789;12.106666666666667;12.0;15.0;-3.0;12.0
14799;12.113333333333333;12.0;15.0;-3.0;12.0
14809;12.153333333333334;12.0;15.0;-3.0;12.0
14819;12.143333333333333;12.0;15.0;-3.0;12.0
14829;12.143333333333333;12.0;15.0;-3.0;12.0
14839;12.13;12.0;15.0;-3.0;12.0
14849;12.08;12.0;15.0;-3.0;12.0
14859;12.066666666666666;12.0;15.0;-3.0;12.0
14869;12.083333333333334;12.0;15.0;-3.0;12.0
14879;12.09;12.0;15.0;-3.0;12.0
14889;12.156666666666666;12.0;15.0;-3.0;12.0
14899;12.156666666666666;12.0;15.0;-3.0;12.0
14909;12.046666666666667;12.0;15.0;-3.0;12.0
14919;12.106666666666667;12.0;15.0;-3.0;12.0
14929;12.133333333333333;12.0;15.0;-3.0;12.0
14939;12.166666666666666;12.0;15.0;-3.0;12.0
14949;12.146666666666667;12.0;15.0;-3.0;12.0
14959;12.116666666666667;12.0;15.0;-3.0;12.0
14969;12.123333333333333;12.0;15.0;-3.0;12.0
14979;12.11;12.0;15.0;-3.0;12.0
14989;12.143333333333333;12.0;15.0;-3.0;12.0
14999;12.116666666666667;12.0;15.0;-3.0;12.0
