geracao;media da geracao;fitness do melhor da geracao;fitness do pior da geracao;relacao entre melhor e pior;fitness do melhor da run
Probabilidade Recombinação: 0.7
Probabilidade Mutação: 0.049999999999999996
Tipo de Selecção: Torneio
Tipo de Mutação: Simples Al.
Tamanho População: 300
Máximo de Gerações: 15000
0;76.64;63.0;96.0;-33.0;63.0
0;67.65;58.0;77.0;-19.0;58.0
9;48.11666666666667;46.0;51.0;-5.0;46.0
19;42.84;41.0;46.0;-5.0;41.0
29;36.06333333333333;35.0;39.0;-4.0;35.0
39;33.06333333333333;33.0;36.0;-3.0;33.0
49;32.236666666666665;31.0;36.0;-5.0;31.0
59;30.04;30.0;33.0;-3.0;30.0
69;29.01;28.0;32.0;-4.0;28.0
79;27.006666666666668;26.0;30.0;-4.0;26.0
89;25.093333333333334;25.0;28.0;-3.0;25.0
99;24.076666666666668;24.0;27.0;-3.0;24.0
109;23.116666666666667;22.0;26.0;-4.0;22.0
119;21.043333333333333;21.0;24.0;-3.0;21.0
129;21.076666666666668;21.0;24.0;-3.0;21.0
139;21.073333333333334;21.0;24.0;-3.0;21.0
149;19.41;19.0;23.0;-4.0;19.0
159;19.113333333333333;19.0;22.0;-3.0;19.0
169;19.116666666666667;19.0;22.0;-3.0;19.0
179;19.1;19.0;22.0;-3.0;19.0
189;19.123333333333335;19.0;22.0;-3.0;19.0
199;19.126666666666665;19.0;22.0;-3.0;19.0
209;19.086666666666666;19.0;22.0;-3.0;19.0
219;19.12;19.0;22.0;-3.0;19.0
229;19.126666666666665;19.0;22.0;-3.0;19.0
239;19.066666666666666;19.0;22.0;-3.0;19.0
249;19.143333333333334;19.0;22.0;-3.0;19.0
259;19.11;19.0;22.0;-3.0;19.0
269;19.153333333333332;19.0;22.0;-3.0;19.0
279;19.153333333333332;19.0;22.0;-3.0;19.0
289;19.046666666666667;19.0;22.0;-3.0;19.0
299;19.116666666666667;19.0;22.0;-3.0;19.0
309;18.10333333333333;18.0;21.0;-3.0;18.0
319;18.11;18.0;21.0;-3.0;18.0
329;17.093333333333334;17.0;20.0;-3.0;17.0
339;17.16;17.0;20.0;-3.0;17.0
349;17.143333333333334;17.0;20.0;-3.0;17.0
359;16.87;15.0;20.0;-5.0;15.0
369;15.15;15.0;18.0;-3.0;15.0
379;15.093333333333334;15.0;18.0;-3.0;15.0
389;15.15;15.0;18.0;-3.0;15.0
399;15.11;15.0;18.0;-3.0;15.0
409;15.106666666666667;15.0;18.0;-3.0;15.0
419;15.09;15.0;18.0;-3.0;15.0
429;15.12;15.0;18.0;-3.0;15.0
439;15.05;15.0;18.0;-3.0;15.0
449;15.11;15.0;18.0;-3.0;15.0
459;15.1;15.0;18.0;-3.0;15.0
469;15.123333333333333;15.0;18.0;-3.0;15.0
479;15.1;15.0;18.0;-3.0;15.0
489;15.12;15.0;18.0;-3.0;15.0
499;15.116666666666667;15.0;18.0;-3.0;15.0
509;15.143333333333333;15.0;18.0;-3.0;15.0
519;15.133333333333333;15.0;18.0;-3.0;15.0
529;15.136666666666667;15.0;18.0;-3.0;15.0
539;15.12;15.0;18.0;-3.0;15.0
549;15.193333333333333;15.0;18.0;-3.0;15.0
559;15.126666666666667;15.0;18.0;-3.0;15.0
569;15.116666666666667;15.0;18.0;-3.0;15.0
579;15.11;15.0;18.0;-3.0;15.0
589;15.1;15.0;18.0;-3.0;15.0
599;15.083333333333334;15.0;18.0;-3.0;15.0
609;15.123333333333333;15.0;18.0;-3.0;15.0
619;15.143333333333333;15.0;18.0;-3.0;15.0
629;15.15;15.0;18.0;-3.0;15.0
639;15.103333333333333;15.0;18.0;-3.0;15.0
649;15.12;15.0;18.0;-3.0;15.0
659;15.09;15.0;18.0;-3.0;15.0
669;15.093333333333334;15.0;18.0;-3.0;15.0
679;15.13;15.0;18.0;-3.0;15.0
689;15.046666666666667;15.0;18.0;-3.0;15.0
699;15.113333333333333;15.0;18.0;-3.0;15.0
709;15.126666666666667;15.0;18.0;-3.0;15.0
719;15.113333333333333;15.0;18.0;-3.0;15.0
729;15.096666666666666;15.0;18.0;-3.0;15.0
739;15.13;15.0;18.0;-3.0;15.0
749;15.173333333333334;15.0;18.0;-3.0;15.0
759;15.12;15.0;18.0;-3.0;15.0
769;15.053333333333333;15.0;18.0;-3.0;15.0
779;15.143333333333333;15.0;18.0;-3.0;15.0
789;15.096666666666666;15.0;18.0;-3.0;15.0
799;15.113333333333333;15.0;18.0;-3.0;15.0
809;15.113333333333333;15.0;18.0;-3.0;15.0
819;15.01;14.0;18.0;-4.0;14.0
829;14.123333333333333;14.0;17.0;-3.0;14.0
839;14.106666666666667;14.0;17.0;-3.0;14.0
849;14.146666666666667;14.0;17.0;-3.0;14.0
859;14.103333333333333;14.0;17.0;-3.0;14.0
869;14.106666666666667;14.0;17.0;-3.0;14.0
879;14.136666666666667;14.0;17.0;-3.0;14.0
889;14.14;14.0;17.0;-3.0;14.0
899;14.066666666666666;14.0;17.0;-3.0;14.0
909;14.11;14.0;17.0;-3.0;14.0
919;14.08;14.0;17.0;-3.0;14.0
929;14.073333333333334;14.0;17.0;-3.0;14.0
939;14.103333333333333;14.0;17.0;-3.0;14.0
949;14.1;14.0;17.0;-3.0;14.0
959;14.12;14.0;17.0;-3.0;14.0
969;14.166666666666666;14.0;17.0;-3.0;14.0
979;14.09;14.0;17.0;-3.0;14.0
989;14.116666666666667;14.0;17.0;-3.0;14.0
999;14.156666666666666;14.0;17.0;-3.0;14.0
1009;14.123333333333333;14.0;17.0;-3.0;14.0
1019;14.043333333333333;14.0;17.0;-3.0;14.0
1029;14.123333333333333;14.0;17.0;-3.0;14.0
1039;14.126666666666667;14.0;17.0;-3.0;14.0
1049;14.113333333333333;14.0;17.0;-3.0;14.0
1059;14.103333333333333;14.0;17.0;-3.0;14.0
1069;14.176666666666666;14.0;17.0;-3.0;14.0
1079;14.106666666666667;14.0;17.0;-3.0;14.0
1089;14.113333333333333;14.0;17.0;-3.0;14.0
1099;14.116666666666667;14.0;17.0;-3.0;14.0
1109;14.11;14.0;17.0;-3.0;14.0
1119;14.08;14.0;17.0;-3.0;14.0
1129;14.076666666666666;14.0;17.0;-3.0;14.0
1139;14.14;14.0;17.0;-3.0;14.0
1149;14.18;14.0;17.0;-3.0;14.0
1159;14.063333333333333;14.0;17.0;-3.0;14.0
1169;14.17;14.0;17.0;-3.0;14.0
1179;14.09;14.0;17.0;-3.0;14.0
1189;14.066666666666666;14.0;17.0;-3.0;14.0
1199;14.123333333333333;14.0;17.0;-3.0;14.0
1209;14.033333333333333;14.0;17.0;-3.0;14.0
1219;13.123333333333333;13.0;16.0;-3.0;13.0
1229;13.163333333333334;13.0;16.0;-3.0;13.0
1239;13.056666666666667;13.0;16.0;-3.0;13.0
1249;13.113333333333333;13.0;16.0;-3.0;13.0
1259;13.123333333333333;13.0;16.0;-3.0;13.0
1269;13.12;13.0;16.0;-3.0;13.0
1279;13.14;13.0;16.0;-3.0;13.0
1289;13.076666666666666;13.0;16.0;-3.0;13.0
1299;13.103333333333333;13.0;16.0;-3.0;13.0
1309;13.09;13.0;16.0;-3.0;13.0
1319;13.153333333333334;13.0;16.0;-3.0;13.0
1329;13.146666666666667;13.0;16.0;-3.0;13.0
1339;13.193333333333333;13.0;16.0;-3.0;13.0
1349;13.13;13.0;16.0;-3.0;13.0
1359;13.1;13.0;16.0;-3.0;13.0
1369;13.046666666666667;13.0;16.0;-3.0;13.0
1379;13.06;13.0;16.0;-3.0;13.0
1389;13.096666666666666;13.0;16.0;-3.0;13.0
1399;13.08;13.0;16.0;-3.0;13.0
1409;13.186666666666667;13.0;16.0;-3.0;13.0
1419;13.1;13.0;16.0;-3.0;13.0
1429;13.143333333333333;13.0;16.0;-3.0;13.0
1439;13.176666666666666;13.0;16.0;-3.0;13.0
1449;13.103333333333333;13.0;16.0;-3.0;13.0
1459;13.13;13.0;16.0;-3.0;13.0
1469;13.11;13.0;16.0;-3.0;13.0
1479;13.106666666666667;13.0;16.0;-3.0;13.0
1489;13.09;13.0;16.0;-3.0;13.0
1499;13.15;13.0;16.0;-3.0;13.0
1509;13.12;13.0;16.0;-3.0;13.0
1519;13.12;13.0;16.0;-3.0;13.0
1529;13.073333333333334;13.0;16.0;-3.0;13.0
1539;13.103333333333333;13.0;16.0;-3.0;13.0
1549;13.093333333333334;13.0;16.0;-3.0;13.0
1559;13.1;13.0;16.0;-3.0;13.0
1569;13.12;13.0;16.0;-3.0;13.0
1579;13.073333333333334;13.0;16.0;-3.0;13.0
1589;13.073333333333334;13.0;16.0;-3.0;13.0
1599;13.123333333333333;13.0;16.0;-3.0;13.0
1609;13.143333333333333;13.0;16.0;-3.0;13.0
1619;13.09;13.0;16.0;-3.0;13.0
1629;13.143333333333333;13.0;16.0;-3.0;13.0
1639;13.14;13.0;16.0;-3.0;13.0
1649;13.033333333333333;13.0;16.0;-3.0;13.0
1659;13.126666666666667;13.0;16.0;-3.0;13.0
1669;13.096666666666666;13.0;16.0;-3.0;13.0
1679;13.083333333333334;13.0;16.0;-3.0;13.0
1689;13.083333333333334;13.0;16.0;-3.0;13.0
1699;13.12;13.0;16.0;-3.0;13.0
1709;13.153333333333334;13.0;16.0;-3.0;13.0
1719;13.14;13.0;16.0;-3.0;13.0
1729;13.133333333333333;13.0;16.0;-3.0;13.0
1739;13.12;13.0;16.0;-3.0;13.0
1749;13.12;13.0;16.0;-3.0;13.0
1759;13.093333333333334;13.0;16.0;-3.0;13.0
1769;13.163333333333334;13.0;16.0;-3.0;13.0
1779;13.166666666666666;13.0;16.0;-3.0;13.0
1789;13.093333333333334;13.0;16.0;-3.0;13.0
1799;13.123333333333333;13.0;16.0;-3.0;13.0
1809;13.103333333333333;13.0;16.0;-3.0;13.0
1819;13.06;13.0;16.0;-3.0;13.0
1829;13.08;13.0;16.0;-3.0;13.0
1839;13.09;13.0;16.0;-3.0;13.0
1849;13.056666666666667;13.0;16.0;-3.0;13.0
1859;13.146666666666667;13.0;16.0;-3.0;13.0
1869;13.153333333333334;13.0;16.0;-3.0;13.0
1879;13.08;13.0;16.0;-3.0;13.0
1889;13.113333333333333;13.0;16.0;-3.0;13.0
1899;13.103333333333333;13.0;16.0;-3.0;13.0
1909;13.1;13.0;16.0;-3.0;13.0
1919;13.143333333333333;13.0;16.0;-3.0;13.0
1929;13.146666666666667;13.0;16.0;-3.0;13.0
1939;13.13;13.0;16.0;-3.0;13.0
1949;13.146666666666667;13.0;16.0;-3.0;13.0
1959;13.046666666666667;13.0;16.0;-3.0;13.0
1969;13.126666666666667;13.0;16.0;-3.0;13.0
1979;13.15;13.0;16.0;-3.0;13.0
1989;13.096666666666666;13.0;16.0;-3.0;13.0
1999;13.08;13.0;16.0;-3.0;13.0
2009;13.096666666666666;13.0;16.0;-3.0;13.0
2019;13.146666666666667;13.0;16.0;-3.0;13.0
2029;13.113333333333333;13.0;16.0;-3.0;13.0
2039;13.146666666666667;13.0;16.0;-3.0;13.0
2049;13.136666666666667;13.0;16.0;-3.0;13.0
2059;13.19;13.0;16.0;-3.0;13.0
2069;13.103333333333333;13.0;16.0;-3.0;13.0
2079;13.07;13.0;16.0;-3.0;13.0
2089;13.123333333333333;13.0;16.0;-3.0;13.0
2099;13.07;13.0;16.0;-3.0;13.0
2109;13.093333333333334;13.0;16.0;-3.0;13.0
2119;13.136666666666667;13.0;16.0;-3.0;13.0
2129;13.136666666666667;13.0;16.0;-3.0;13.0
2139;13.183333333333334;13.0;16.0;-3.0;13.0
2149;13.15;13.0;16.0;-3.0;13.0
2159;13.11;13.0;16.0;-3.0;13.0
2169;13.136666666666667;13.0;16.0;-3.0;13.0
2179;13.086666666666666;13.0;16.0;-3.0;13.0
2189;13.086666666666666;13.0;16.0;-3.0;13.0
2199;13.153333333333334;13.0;16.0;-3.0;13.0
2209;13.07;13.0;16.0;-3.0;13.0
2219;13.08;13.0;16.0;-3.0;13.0
2229;13.066666666666666;13.0;16.0;-3.0;13.0
2239;13.136666666666667;13.0;16.0;-3.0;13.0
2249;13.06;13.0;16.0;-3.0;13.0
2259;13.13;13.0;16.0;-3.0;13.0
2269;13.066666666666666;13.0;16.0;-3.0;13.0
2279;13.1;13.0;16.0;-3.0;13.0
2289;13.08;13.0;16.0;-3.0;13.0
2299;13.03;13.0;16.0;-3.0;13.0
2309;13.113333333333333;13.0;16.0;-3.0;13.0
2319;13.14;13.0;16.0;-3.0;13.0
2329;13.083333333333334;13.0;16.0;-3.0;13.0
2339;13.08;13.0;16.0;-3.0;13.0
2349;13.133333333333333;13.0;16.0;-3.0;13.0
2359;13.053333333333333;13.0;16.0;-3.0;13.0
2369;13.096666666666666;13.0;16.0;-3.0;13.0
2379;13.106666666666667;13.0;16.0;-3.0;13.0
2389;13.146666666666667;13.0;16.0;-3.0;13.0
2399;13.12;13.0;16.0;-3.0;13.0
2409;13.076666666666666;13.0;16.0;-3.0;13.0
2419;13.086666666666666;13.0;16.0;-3.0;13.0
2429;13.083333333333334;13.0;16.0;-3.0;13.0
2439;13.133333333333333;13.0;16.0;-3.0;13.0
2449;13.04;13.0;16.0;-3.0;13.0
2459;13.16;12.0;16.0;-4.0;12.0
2469;12.09;12.0;15.0;-3.0;12.0
2479;12.09;12.0;15.0;-3.0;12.0
2489;12.153333333333334;12.0;15.0;-3.0;12.0
2499;11.103333333333333;11.0;14.0;-3.0;11.0
2509;11.06;11.0;14.0;-3.0;11.0
2519;11.16;11.0;14.0;-3.0;11.0
2529;11.063333333333333;11.0;14.0;-3.0;11.0
2539;11.13;11.0;14.0;-3.0;11.0
2549;11.09;11.0;14.0;-3.0;11.0
2559;11.17;11.0;14.0;-3.0;11.0
2569;11.116666666666667;11.0;14.0;-3.0;11.0
2579;11.143333333333333;11.0;14.0;-3.0;11.0
2589;10.106666666666667;10.0;13.0;-3.0;10.0
2599;10.123333333333333;10.0;13.0;-3.0;10.0
2609;10.146666666666667;10.0;13.0;-3.0;10.0
2619;10.086666666666666;10.0;13.0;-3.0;10.0
2629;10.076666666666666;10.0;13.0;-3.0;10.0
2639;10.086666666666666;10.0;13.0;-3.0;10.0
2649;10.07;10.0;13.0;-3.0;10.0
2659;10.123333333333333;10.0;13.0;-3.0;10.0
2669;10.14;10.0;13.0;-3.0;10.0
2679;10.1;10.0;13.0;-3.0;10.0
2689;10.123333333333333;10.0;13.0;-3.0;10.0
2699;10.113333333333333;10.0;13.0;-3.0;10.0
2709;10.096666666666666;10.0;13.0;-3.0;10.0
2719;10.09;10.0;13.0;-3.0;10.0
2729;10.116666666666667;10.0;13.0;-3.0;10.0
2739;10.06;10.0;13.0;-3.0;10.0
2749;10.113333333333333;10.0;13.0;-3.0;10.0
2759;10.113333333333333;10.0;13.0;-3.0;10.0
2769;10.156666666666666;10.0;13.0;-3.0;10.0
2779;9.166666666666666;9.0;12.0;-3.0;9.0
2789;9.066666666666666;9.0;12.0;-3.0;9.0
2799;9.083333333333334;9.0;12.0;-3.0;9.0
2809;9.096666666666666;9.0;12.0;-3.0;9.0
2819;9.173333333333334;9.0;12.0;-3.0;9.0
2829;9.113333333333333;9.0;12.0;-3.0;9.0
2839;9.126666666666667;9.0;12.0;-3.0;9.0
2849;9.106666666666667;9.0;12.0;-3.0;9.0
2859;9.11;9.0;12.0;-3.0;9.0
2869;9.11;9.0;12.0;-3.0;9.0
2879;9.13;9.0;12.0;-3.0;9.0
2889;9.083333333333334;9.0;12.0;-3.0;9.0
2899;9.17;9.0;12.0;-3.0;9.0
2909;9.11;9.0;12.0;-3.0;9.0
2919;9.126666666666667;9.0;12.0;-3.0;9.0
2929;9.183333333333334;9.0;12.0;-3.0;9.0
2939;9.106666666666667;9.0;12.0;-3.0;9.0
2949;9.086666666666666;9.0;12.0;-3.0;9.0
2959;9.16;9.0;12.0;-3.0;9.0
2969;9.08;9.0;12.0;-3.0;9.0
2979;9.106666666666667;9.0;12.0;-3.0;9.0
2989;9.076666666666666;9.0;12.0;-3.0;9.0
2999;9.116666666666667;9.0;12.0;-3.0;9.0
3009;9.153333333333334;9.0;12.0;-3.0;9.0
3019;9.13;9.0;12.0;-3.0;9.0
3029;9.093333333333334;9.0;12.0;-3.0;9.0
3039;9.106666666666667;9.0;12.0;-3.0;9.0
3049;9.15;9.0;12.0;-3.0;9.0
3059;9.13;9.0;12.0;-3.0;9.0
3069;9.136666666666667;9.0;12.0;-3.0;9.0
3079;9.12;9.0;12.0;-3.0;9.0
3089;9.093333333333334;9.0;12.0;-3.0;9.0
3099;9.14;9.0;12.0;-3.0;9.0
3109;9.09;9.0;12.0;-3.0;9.0
3119;9.136666666666667;9.0;12.0;-3.0;9.0
3129;9.106666666666667;9.0;12.0;-3.0;9.0
3139;9.113333333333333;9.0;12.0;-3.0;9.0
3149;9.103333333333333;9.0;12.0;-3.0;9.0
3159;9.173333333333334;9.0;12.0;-3.0;9.0
3169;9.093333333333334;9.0;12.0;-3.0;9.0
3179;9.176666666666666;9.0;12.0;-3.0;9.0
3189;9.1;9.0;12.0;-3.0;9.0
3199;9.08;9.0;12.0;-3.0;9.0
3209;9.143333333333333;9.0;12.0;-3.0;9.0
3219;9.176666666666666;9.0;12.0;-3.0;9.0
3229;9.09;9.0;12.0;-3.0;9.0
3239;9.063333333333333;9.0;12.0;-3.0;9.0
3249;9.133333333333333;9.0;12.0;-3.0;9.0
3259;9.103333333333333;9.0;12.0;-3.0;9.0
3269;9.106666666666667;9.0;12.0;-3.0;9.0
3279;9.143333333333333;9.0;12.0;-3.0;9.0
3289;9.156666666666666;9.0;12.0;-3.0;9.0
3299;9.106666666666667;9.0;12.0;-3.0;9.0
3309;9.086666666666666;9.0;12.0;-3.0;9.0
3319;9.12;9.0;12.0;-3.0;9.0
3329;9.143333333333333;9.0;12.0;-3.0;9.0
3339;9.106666666666667;9.0;12.0;-3.0;9.0
3349;9.103333333333333;9.0;12.0;-3.0;9.0
3359;9.113333333333333;9.0;12.0;-3.0;9.0
3369;9.13;9.0;12.0;-3.0;9.0
3379;9.143333333333333;9.0;12.0;-3.0;9.0
3389;9.153333333333334;9.0;12.0;-3.0;9.0
3399;9.083333333333334;9.0;12.0;-3.0;9.0
3409;9.09;9.0;12.0;-3.0;9.0
3419;9.13;9.0;12.0;-3.0;9.0
3429;9.12;9.0;12.0;-3.0;9.0
3439;9.13;9.0;12.0;-3.0;9.0
3449;9.143333333333333;9.0;12.0;-3.0;9.0
3459;9.076666666666666;9.0;12.0;-3.0;9.0
3469;9.083333333333334;9.0;12.0;-3.0;9.0
3479;9.186666666666667;9.0;12.0;-3.0;9.0
3489;9.146666666666667;9.0;12.0;-3.0;9.0
3499;9.103333333333333;9.0;12.0;-3.0;9.0
3509;9.143333333333333;9.0;12.0;-3.0;9.0
3519;9.126666666666667;9.0;12.0;-3.0;9.0
3529;9.116666666666667;9.0;12.0;-3.0;9.0
3539;9.12;9.0;12.0;-3.0;9.0
3549;9.143333333333333;9.0;12.0;-3.0;9.0
3559;9.076666666666666;9.0;12.0;-3.0;9.0
3569;9.1;9.0;12.0;-3.0;9.0
3579;9.196666666666667;9.0;12.0;-3.0;9.0
3589;9.08;9.0;12.0;-3.0;9.0
3599;9.086666666666666;9.0;12.0;-3.0;9.0
3609;9.086666666666666;9.0;12.0;-3.0;9.0
3619;9.113333333333333;9.0;12.0;-3.0;9.0
3629;9.163333333333334;9.0;12.0;-3.0;9.0
3639;9.103333333333333;9.0;12.0;-3.0;9.0
3649;9.1;9.0;12.0;-3.0;9.0
3659;9.193333333333333;9.0;12.0;-3.0;9.0
3669;9.1;9.0;12.0;-3.0;9.0
3679;9.146666666666667;9.0;12.0;-3.0;9.0
3689;9.12;9.0;12.0;-3.0;9.0
3699;9.12;9.0;12.0;-3.0;9.0
3709;9.156666666666666;9.0;12.0;-3.0;9.0
3719;9.11;9.0;12.0;-3.0;9.0
3729;9.126666666666667;9.0;12.0;-3.0;9.0
3739;9.103333333333333;9.0;12.0;-3.0;9.0
3749;9.196666666666667;9.0;12.0;-3.0;9.0
3759;9.093333333333334;9.0;12.0;-3.0;9.0
3769;9.126666666666667;9.0;12.0;-3.0;9.0
3779;9.08;9.0;12.0;-3.0;9.0
3789;9.1;9.0;12.0;-3.0;9.0
3799;9.093333333333334;9.0;12.0;-3.0;9.0
3809;9.096666666666666;9.0;12.0;-3.0;9.0
3819;9.163333333333334;9.0;12.0;-3.0;9.0
3829;9.116666666666667;9.0;12.0;-3.0;9.0
3839;9.106666666666667;9.0;12.0;-3.0;9.0
3849;9.13;9.0;12.0;-3.0;9.0
3859;9.133333333333333;9.0;12.0;-3.0;9.0
3869;9.116666666666667;9.0;12.0;-3.0;9.0
3879;9.05;9.0;12.0;-3.0;9.0
3889;9.113333333333333;9.0;12.0;-3.0;9.0
3899;9.04;9.0;12.0;-3.0;9.0
3909;9.093333333333334;9.0;12.0;-3.0;9.0
3919;9.063333333333333;9.0;12.0;-3.0;9.0
3929;9.076666666666666;9.0;12.0;-3.0;9.0
3939;9.176666666666666;9.0;12.0;-3.0;9.0
3949;9.136666666666667;9.0;12.0;-3.0;9.0
3959;9.17;9.0;12.0;-3.0;9.0
3969;9.123333333333333;9.0;12.0;-3.0;9.0
3979;9.066666666666666;9.0;12.0;-3.0;9.0
3989;9.153333333333334;9.0;12.0;-3.0;9.0
3999;9.086666666666666;9.0;12.0;-3.0;9.0
4009;9.15;9.0;12.0;-3.0;9.0
4019;9.086666666666666;9.0;12.0;-3.0;9.0
4029;9.06;9.0;12.0;-3.0;9.0
4039;9.146666666666667;9.0;12.0;-3.0;9.0
4049;9.146666666666667;9.0;12.0;-3.0;9.0
4059;9.083333333333334;9.0;12.0;-3.0;9.0
4069;9.066666666666666;9.0;12.0;-3.0;9.0
4079;9.086666666666666;9.0;12.0;-3.0;9.0
4089;9.063333333333333;9.0;12.0;-3.0;9.0
4099;9.12;9.0;12.0;-3.0;9.0
4109;9.15;9.0;12.0;-3.0;9.0
4119;9.156666666666666;9.0;12.0;-3.0;9.0
4129;9.123333333333333;9.0;12.0;-3.0;9.0
4139;9.103333333333333;9.0;12.0;-3.0;9.0
4149;9.106666666666667;9.0;12.0;-3.0;9.0
4159;9.12;9.0;12.0;-3.0;9.0
4169;9.153333333333334;9.0;12.0;-3.0;9.0
4179;9.13;9.0;12.0;-3.0;9.0
4189;9.07;9.0;12.0;-3.0;9.0
4199;9.136666666666667;9.0;12.0;-3.0;9.0
4209;9.063333333333333;9.0;12.0;-3.0;9.0
4219;9.133333333333333;9.0;12.0;-3.0;9.0
4229;9.146666666666667;9.0;12.0;-3.0;9.0
4239;9.096666666666666;9.0;12.0;-3.0;9.0
4249;9.1;9.0;12.0;-3.0;9.0
4259;9.073333333333334;9.0;12.0;-3.0;9.0
4269;9.096666666666666;9.0;12.0;-3.0;9.0
4279;9.063333333333333;9.0;12.0;-3.0;9.0
4289;9.13;9.0;12.0;-3.0;9.0
4299;9.106666666666667;9.0;12.0;-3.0;9.0
4309;9.08;9.0;12.0;-3.0;9.0
4319;9.143333333333333;9.0;12.0;-3.0;9.0
4329;9.076666666666666;9.0;12.0;-3.0;9.0
4339;9.093333333333334;9.0;12.0;-3.0;9.0
4349;9.11;9.0;12.0;-3.0;9.0
4359;9.1;9.0;12.0;-3.0;9.0
4369;9.106666666666667;9.0;12.0;-3.0;9.0
4379;9.093333333333334;9.0;12.0;-3.0;9.0
4389;9.153333333333334;9.0;12.0;-3.0;9.0
4399;9.21;9.0;12.0;-3.0;9.0
4409;9.136666666666667;9.0;12.0;-3.0;9.0
4419;9.116666666666667;9.0;12.0;-3.0;9.0
4429;9.156666666666666;9.0;12.0;-3.0;9.0
4439;9.133333333333333;9.0;12.0;-3.0;9.0
4449;9.13;9.0;12.0;-3.0;9.0
4459;9.076666666666666;9.0;12.0;-3.0;9.0
4469;9.186666666666667;9.0;12.0;-3.0;9.0
4479;9.15;9.0;12.0;-3.0;9.0
4489;9.13;9.0;12.0;-3.0;9.0
4499;9.09;9.0;12.0;-3.0;9.0
4509;9.146666666666667;9.0;12.0;-3.0;9.0
4519;9.136666666666667;9.0;12.0;-3.0;9.0
4529;9.1;9.0;12.0;-3.0;9.0
4539;9.11;9.0;12.0;-3.0;9.0
4549;9.156666666666666;9.0;12.0;-3.0;9.0
4559;9.096666666666666;9.0;12.0;-3.0;9.0
4569;9.08;9.0;12.0;-3.0;9.0
4579;9.123333333333333;9.0;12.0;-3.0;9.0
4589;9.096666666666666;9.0;12.0;-3.0;9.0
4599;9.123333333333333;9.0;12.0;-3.0;9.0
4609;9.113333333333333;9.0;12.0;-3.0;9.0
4619;9.11;9.0;12.0;-3.0;9.0
4629;9.126666666666667;9.0;12.0;-3.0;9.0
4639;9.123333333333333;9.0;12.0;-3.0;9.0
4649;9.103333333333333;9.0;12.0;-3.0;9.0
4659;9.126666666666667;9.0;12.0;-3.0;9.0
4669;9.096666666666666;9.0;12.0;-3.0;9.0
4679;9.11;9.0;12.0;-3.0;9.0
4689;9.05;9.0;12.0;-3.0;9.0
4699;9.223333333333333;9.0;12.0;-3.0;9.0
4709;9.156666666666666;9.0;12.0;-3.0;9.0
4719;9.156666666666666;9.0;12.0;-3.0;9.0
4729;9.123333333333333;9.0;12.0;-3.0;9.0
4739;9.08;9.0;12.0;-3.0;9.0
4749;9.116666666666667;9.0;12.0;-3.0;9.0
4759;9.236666666666666;9.0;12.0;-3.0;9.0
4769;9.213333333333333;9.0;12.0;-3.0;9.0
4779;9.083333333333334;9.0;12.0;-3.0;9.0
4789;9.093333333333334;9.0;12.0;-3.0;9.0
4799;9.13;9.0;12.0;-3.0;9.0
4809;9.11;9.0;12.0;-3.0;9.0
4819;9.14;9.0;12.0;-3.0;9.0
4829;9.113333333333333;9.0;12.0;-3.0;9.0
4839;9.096666666666666;9.0;12.0;-3.0;9.0
4849;9.15;9.0;12.0;-3.0;9.0
4859;9.11;9.0;12.0;-3.0;9.0
4869;9.133333333333333;9.0;12.0;-3.0;9.0
4879;9.136666666666667;9.0;12.0;-3.0;9.0
4889;9.103333333333333;9.0;12.0;-3.0;9.0
4899;9.126666666666667;9.0;12.0;-3.0;9.0
4909;9.143333333333333;9.0;12.0;-3.0;9.0
4919;9.126666666666667;9.0;12.0;-3.0;9.0
4929;9.123333333333333;9.0;12.0;-3.0;9.0
4939;9.17;9.0;12.0;-3.0;9.0
4949;9.146666666666667;9.0;12.0;-3.0;9.0
4959;9.11;9.0;12.0;-3.0;9.0
4969;9.153333333333334;9.0;12.0;-3.0;9.0
4979;9.053333333333333;9.0;12.0;-3.0;9.0
4989;9.173333333333334;9.0;12.0;-3.0;9.0
4999;9.083333333333334;9.0;12.0;-3.0;9.0
5009;9.103333333333333;9.0;12.0;-3.0;9.0
5019;9.126666666666667;9.0;12.0;-3.0;9.0
5029;9.086666666666666;9.0;12.0;-3.0;9.0
5039;9.083333333333334;9.0;12.0;-3.0;9.0
5049;9.123333333333333;9.0;12.0;-3.0;9.0
5059;9.123333333333333;9.0;12.0;-3.0;9.0
5069;9.116666666666667;9.0;12.0;-3.0;9.0
5079;9.113333333333333;9.0;12.0;-3.0;9.0
5089;9.073333333333334;9.0;12.0;-3.0;9.0
5099;9.136666666666667;9.0;12.0;-3.0;9.0
5109;9.116666666666667;9.0;12.0;-3.0;9.0
5119;9.106666666666667;9.0;12.0;-3.0;9.0
5129;9.073333333333334;9.0;12.0;-3.0;9.0
5139;9.16;9.0;12.0;-3.0;9.0
5149;9.116666666666667;9.0;12.0;-3.0;9.0
5159;9.08;9.0;12.0;-3.0;9.0
5169;9.133333333333333;9.0;12.0;-3.0;9.0
5179;9.146666666666667;9.0;12.0;-3.0;9.0
5189;9.17;9.0;12.0;-3.0;9.0
5199;9.116666666666667;9.0;12.0;-3.0;9.0
5209;9.083333333333334;9.0;12.0;-3.0;9.0
5219;9.11;9.0;12.0;-3.0;9.0
5229;9.083333333333334;9.0;12.0;-3.0;9.0
5239;9.126666666666667;9.0;12.0;-3.0;9.0
5249;9.123333333333333;9.0;12.0;-3.0;9.0
5259;9.086666666666666;9.0;12.0;-3.0;9.0
5269;9.153333333333334;9.0;12.0;-3.0;9.0
5279;9.106666666666667;9.0;12.0;-3.0;9.0
5289;9.153333333333334;9.0;12.0;-3.0;9.0
5299;9.056666666666667;9.0;12.0;-3.0;9.0
5309;9.15;9.0;12.0;-3.0;9.0
5319;9.126666666666667;9.0;12.0;-3.0;9.0
5329;9.15;9.0;12.0;-3.0;9.0
5339;9.096666666666666;9.0;12.0;-3.0;9.0
5349;9.083333333333334;9.0;12.0;-3.0;9.0
5359;9.11;9.0;12.0;-3.0;9.0
5369;9.123333333333333;9.0;12.0;-3.0;9.0
5379;9.143333333333333;9.0;12.0;-3.0;9.0
5389;9.113333333333333;9.0;12.0;-3.0;9.0
5399;9.07;9.0;12.0;-3.0;9.0
5409;9.233333333333333;9.0;12.0;-3.0;9.0
5419;9.136666666666667;9.0;12.0;-3.0;9.0
5429;9.09;9.0;12.0;-3.0;9.0
5439;9.106666666666667;9.0;12.0;-3.0;9.0
5449;9.11;9.0;12.0;-3.0;9.0
5459;9.13;9.0;12.0;-3.0;9.0
5469;9.106666666666667;9.0;12.0;-3.0;9.0
5479;9.126666666666667;9.0;12.0;-3.0;9.0
5489;9.093333333333334;9.0;12.0;-3.0;9.0
5499;9.096666666666666;9.0;12.0;-3.0;9.0
5509;9.14;9.0;12.0;-3.0;9.0
5519;9.09;9.0;12.0;-3.0;9.0
5529;9.103333333333333;9.0;12.0;-3.0;9.0
5539;9.073333333333334;9.0;12.0;-3.0;9.0
5549;9.133333333333333;9.0;12.0;-3.0;9.0
5559;9.13;9.0;12.0;-3.0;9.0
5569;9.183333333333334;9.0;12.0;-3.0;9.0
5579;9.11;9.0;12.0;-3.0;9.0
5589;9.106666666666667;9.0;12.0;-3.0;9.0
5599;9.133333333333333;9.0;12.0;-3.0;9.0
5609;9.11;9.0;12.0;-3.0;9.0
5619;9.08;9.0;12.0;-3.0;9.0
5629;9.173333333333334;9.0;12.0;-3.0;9.0
5639;9.153333333333334;9.0;12.0;-3.0;9.0
5649;9.11;9.0;12.0;-3.0;9.0
5659;9.16;9.0;12.0;-3.0;9.0
5669;9.166666666666666;9.0;12.0;-3.0;9.0
5679;9.083333333333334;9.0;12.0;-3.0;9.0
5689;9.16;9.0;12.0;-3.0;9.0
5699;9.096666666666666;9.0;12.0;-3.0;9.0
5709;9.09;9.0;12.0;-3.0;9.0
5719;9.066666666666666;9.0;12.0;-3.0;9.0
5729;9.106666666666667;9.0;12.0;-3.0;9.0
5739;9.07;9.0;12.0;-3.0;9.0
5749;9.143333333333333;9.0;12.0;-3.0;9.0
5759;9.16;9.0;12.0;-3.0;9.0
5769;9.13;9.0;12.0;-3.0;9.0
5779;9.096666666666666;9.0;12.0;-3.0;9.0
5789;9.146666666666667;9.0;12.0;-3.0;9.0
5799;9.136666666666667;9.0;12.0;-3.0;9.0
5809;9.12;9.0;12.0;-3.0;9.0
5819;9.096666666666666;9.0;12.0;-3.0;9.0
5829;9.146666666666667;9.0;12.0;-3.0;9.0
5839;9.15;9.0;12.0;-3.0;9.0
5849;9.083333333333334;9.0;12.0;-3.0;9.0
5859;9.123333333333333;9.0;12.0;-3.0;9.0
5869;9.126666666666667;9.0;12.0;-3.0;9.0
5879;9.133333333333333;9.0;12.0;-3.0;9.0
5889;9.093333333333334;9.0;12.0;-3.0;9.0
5899;9.086666666666666;9.0;12.0;-3.0;9.0
5909;9.096666666666666;9.0;12.0;-3.0;9.0
5919;9.126666666666667;9.0;12.0;-3.0;9.0
5929;9.08;9.0;12.0;-3.0;9.0
5939;9.103333333333333;9.0;12.0;-3.0;9.0
5949;9.093333333333334;9.0;12.0;-3.0;9.0
5959;9.103333333333333;9.0;12.0;-3.0;9.0
5969;9.1;9.0;12.0;-3.0;9.0
5979;9.116666666666667;9.0;12.0;-3.0;9.0
5989;9.073333333333334;9.0;12.0;-3.0;9.0
5999;9.093333333333334;9.0;12.0;-3.0;9.0
6009;9.153333333333334;9.0;12.0;-3.0;9.0
6019;9.133333333333333;9.0;12.0;-3.0;9.0
6029;9.1;9.0;12.0;-3.0;9.0
6039;9.143333333333333;9.0;12.0;-3.0;9.0
6049;9.056666666666667;9.0;12.0;-3.0;9.0
6059;9.053333333333333;9.0;12.0;-3.0;9.0
6069;9.133333333333333;9.0;12.0;-3.0;9.0
6079;9.123333333333333;9.0;12.0;-3.0;9.0
6089;9.093333333333334;9.0;12.0;-3.0;9.0
6099;9.153333333333334;9.0;12.0;-3.0;9.0
6109;9.12;9.0;12.0;-3.0;9.0
6119;9.173333333333334;9.0;12.0;-3.0;9.0
6129;9.106666666666667;9.0;12.0;-3.0;9.0
6139;9.1;9.0;12.0;-3.0;9.0
6149;9.076666666666666;9.0;12.0;-3.0;9.0
6159;9.116666666666667;9.0;12.0;-3.0;9.0
6169;9.03;9.0;12.0;-3.0;9.0
6179;9.183333333333334;9.0;12.0;-3.0;9.0
6189;9.173333333333334;9.0;12.0;-3.0;9.0
6199;9.073333333333334;9.0;12.0;-3.0;9.0
6209;9.1;9.0;12.0;-3.0;9.0
6219;9.086666666666666;9.0;12.0;-3.0;9.0
6229;9.106666666666667;9.0;12.0;-3.0;9.0
6239;9.073333333333334;9.0;12.0;-3.0;9.0
6249;9.1;9.0;12.0;-3.0;9.0
6259;9.08;9.0;12.0;-3.0;9.0
6269;9.133333333333333;9.0;12.0;-3.0;9.0
6279;9.136666666666667;9.0;12.0;-3.0;9.0
6289;9.083333333333334;9.0;12.0;-3.0;9.0
6299;9.08;9.0;12.0;-3.0;9.0
6309;9.086666666666666;9.0;12.0;-3.0;9.0
6319;9.166666666666666;9.0;12.0;-3.0;9.0
6329;9.13;9.0;12.0;-3.0;9.0
6339;9.083333333333334;9.0;12.0;-3.0;9.0
6349;9.11;9.0;12.0;-3.0;9.0
6359;9.116666666666667;9.0;12.0;-3.0;9.0
6369;9.18;9.0;12.0;-3.0;9.0
6379;9.106666666666667;9.0;12.0;-3.0;9.0
6389;9.116666666666667;9.0;12.0;-3.0;9.0
6399;9.133333333333333;9.0;12.0;-3.0;9.0
6409;9.083333333333334;9.0;12.0;-3.0;9.0
6419;9.126666666666667;9.0;12.0;-3.0;9.0
6429;9.1;9.0;12.0;-3.0;9.0
6439;9.163333333333334;9.0;12.0;-3.0;9.0
6449;9.18;9.0;12.0;-3.0;9.0
6459;9.113333333333333;9.0;12.0;-3.0;9.0
6469;9.086666666666666;9.0;12.0;-3.0;9.0
6479;9.103333333333333;9.0;12.0;-3.0;9.0
6489;9.083333333333334;9.0;12.0;-3.0;9.0
6499;9.176666666666666;9.0;12.0;-3.0;9.0
6509;9.143333333333333;9.0;12.0;-3.0;9.0
6519;9.08;9.0;12.0;-3.0;9.0
6529;9.11;9.0;12.0;-3.0;9.0
6539;9.13;9.0;12.0;-3.0;9.0
6549;9.136666666666667;9.0;12.0;-3.0;9.0
6559;9.17;9.0;12.0;-3.0;9.0
6569;9.096666666666666;9.0;12.0;-3.0;9.0
6579;9.19;9.0;12.0;-3.0;9.0
6589;9.09;9.0;12.0;-3.0;9.0
6599;9.16;9.0;12.0;-3.0;9.0
6609;9.09;9.0;12.0;-3.0;9.0
6619;9.11;9.0;12.0;-3.0;9.0
6629;9.19;9.0;12.0;-3.0;9.0
6639;9.103333333333333;9.0;12.0;-3.0;9.0
6649;9.083333333333334;9.0;12.0;-3.0;9.0
6659;9.123333333333333;9.0;12.0;-3.0;9.0
6669;9.08;9.0;12.0;-3.0;9.0
6679;9.116666666666667;9.0;12.0;-3.0;9.0
6689;9.093333333333334;9.0;12.0;-3.0;9.0
6699;9.126666666666667;9.0;12.0;-3.0;9.0
6709;9.06;9.0;12.0;-3.0;9.0
6719;9.1;9.0;12.0;-3.0;9.0
6729;9.113333333333333;9.0;12.0;-3.0;9.0
6739;9.143333333333333;9.0;12.0;-3.0;9.0
6749;9.14;9.0;12.0;-3.0;9.0
6759;9.126666666666667;9.0;12.0;-3.0;9.0
6769;9.11;9.0;12.0;-3.0;9.0
6779;9.1;9.0;12.0;-3.0;9.0
6789;9.103333333333333;9.0;12.0;-3.0;9.0
6799;9.133333333333333;9.0;12.0;-3.0;9.0
6809;9.15;9.0;12.0;-3.0;9.0
6819;9.14;9.0;12.0;-3.0;9.0
6829;9.1;9.0;12.0;-3.0;9.0
6839;9.063333333333333;9.0;12.0;-3.0;9.0
6849;9.086666666666666;9.0;12.0;-3.0;9.0
6859;9.1;9.0;12.0;-3.0;9.0
6869;9.16;9.0;12.0;-3.0;9.0
6879;9.086666666666666;9.0;12.0;-3.0;9.0
6889;9.143333333333333;9.0;12.0;-3.0;9.0
6899;9.18;9.0;12.0;-3.0;9.0
6909;9.086666666666666;9.0;12.0;-3.0;9.0
6919;9.196666666666667;9.0;12.0;-3.0;9.0
6929;9.126666666666667;9.0;12.0;-3.0;9.0
6939;9.116666666666667;9.0;12.0;-3.0;9.0
6949;9.18;9.0;12.0;-3.0;9.0
6959;9.086666666666666;9.0;12.0;-3.0;9.0
6969;9.09;9.0;12.0;-3.0;9.0
6979;9.163333333333334;9.0;12.0;-3.0;9.0
6989;9.093333333333334;9.0;12.0;-3.0;9.0
6999;9.146666666666667;9.0;12.0;-3.0;9.0
7009;9.123333333333333;9.0;12.0;-3.0;9.0
7019;9.11;9.0;12.0;-3.0;9.0
7029;9.12;9.0;12.0;-3.0;9.0
7039;9.203333333333333;9.0;12.0;-3.0;9.0
7049;9.113333333333333;9.0;12.0;-3.0;9.0
7059;9.176666666666666;9.0;12.0;-3.0;9.0
7069;9.08;9.0;12.0;-3.0;9.0
7079;9.116666666666667;9.0;12.0;-3.0;9.0
7089;9.1;9.0;12.0;-3.0;9.0
7099;9.14;9.0;12.0;-3.0;9.0
7109;9.153333333333334;9.0;12.0;-3.0;9.0
7119;9.15;9.0;12.0;-3.0;9.0
7129;9.153333333333334;9.0;12.0;-3.0;9.0
7139;9.156666666666666;9.0;12.0;-3.0;9.0
7149;9.12;9.0;12.0;-3.0;9.0
7159;9.166666666666666;9.0;12.0;-3.0;9.0
7169;9.103333333333333;9.0;12.0;-3.0;9.0
7179;9.106666666666667;9.0;12.0;-3.0;9.0
7189;9.163333333333334;9.0;12.0;-3.0;9.0
7199;9.063333333333333;9.0;12.0;-3.0;9.0
7209;9.196666666666667;9.0;12.0;-3.0;9.0
7219;9.076666666666666;9.0;12.0;-3.0;9.0
7229;9.133333333333333;9.0;12.0;-3.0;9.0
7239;9.07;9.0;12.0;-3.0;9.0
7249;9.15;9.0;12.0;-3.0;9.0
7259;9.196666666666667;9.0;12.0;-3.0;9.0
7269;9.16;9.0;12.0;-3.0;9.0
7279;9.07;9.0;12.0;-3.0;9.0
7289;9.096666666666666;9.0;12.0;-3.0;9.0
7299;9.086666666666666;9.0;12.0;-3.0;9.0
7309;9.066666666666666;9.0;12.0;-3.0;9.0
7319;9.166666666666666;9.0;12.0;-3.0;9.0
7329;9.143333333333333;9.0;12.0;-3.0;9.0
7339;9.086666666666666;9.0;12.0;-3.0;9.0
7349;9.103333333333333;9.0;12.0;-3.0;9.0
7359;9.07;9.0;12.0;-3.0;9.0
7369;9.123333333333333;9.0;12.0;-3.0;9.0
7379;9.14;9.0;12.0;-3.0;9.0
7389;9.07;9.0;12.0;-3.0;9.0
7399;9.126666666666667;9.0;12.0;-3.0;9.0
7409;9.143333333333333;9.0;12.0;-3.0;9.0
7419;9.183333333333334;9.0;12.0;-3.0;9.0
7429;9.17;9.0;12.0;-3.0;9.0
7439;9.13;9.0;12.0;-3.0;9.0
7449;9.16;9.0;12.0;-3.0;9.0
7459;9.143333333333333;9.0;12.0;-3.0;9.0
7469;9.11;9.0;12.0;-3.0;9.0
7479;9.1;9.0;12.0;-3.0;9.0
7489;9.163333333333334;9.0;12.0;-3.0;9.0
7499;9.11;9.0;12.0;-3.0;9.0
7509;9.046666666666667;9.0;12.0;-3.0;9.0
7519;9.056666666666667;9.0;12.0;-3.0;9.0
7529;9.1;9.0;12.0;-3.0;9.0
7539;9.153333333333334;9.0;12.0;-3.0;9.0
7549;9.093333333333334;9.0;12.0;-3.0;9.0
7559;9.13;9.0;12.0;-3.0;9.0
7569;9.15;9.0;12.0;-3.0;9.0
7579;9.12;9.0;12.0;-3.0;9.0
7589;9.113333333333333;9.0;12.0;-3.0;9.0
7599;9.093333333333334;9.0;12.0;-3.0;9.0
7609;9.166666666666666;9.0;12.0;-3.0;9.0
7619;9.116666666666667;9.0;12.0;-3.0;9.0
7629;9.133333333333333;9.0;12.0;-3.0;9.0
7639;9.1;9.0;12.0;-3.0;9.0
7649;9.073333333333334;9.0;12.0;-3.0;9.0
7659;9.116666666666667;9.0;12.0;-3.0;9.0
7669;9.136666666666667;9.0;12.0;-3.0;9.0
7679;9.136666666666667;9.0;12.0;-3.0;9.0
7689;9.146666666666667;9.0;12.0;-3.0;9.0
7699;9.173333333333334;9.0;12.0;-3.0;9.0
7709;9.15;9.0;12.0;-3.0;9.0
7719;9.083333333333334;9.0;12.0;-3.0;9.0
7729;9.093333333333334;9.0;12.0;-3.0;9.0
7739;9.2;9.0;12.0;-3.0;9.0
7749;9.126666666666667;9.0;12.0;-3.0;9.0
7759;9.086666666666666;9.0;12.0;-3.0;9.0
7769;9.186666666666667;9.0;12.0;-3.0;9.0
7779;9.15;9.0;12.0;-3.0;9.0
7789;9.123333333333333;9.0;12.0;-3.0;9.0
7799;9.106666666666667;9.0;12.0;-3.0;9.0
7809;9.126666666666667;9.0;12.0;-3.0;9.0
7819;9.053333333333333;9.0;12.0;-3.0;9.0
7829;9.123333333333333;9.0;12.0;-3.0;9.0
7839;9.09;9.0;12.0;-3.0;9.0
7849;9.12;9.0;12.0;-3.0;9.0
7859;9.176666666666666;9.0;12.0;-3.0;9.0
7869;9.066666666666666;9.0;12.0;-3.0;9.0
7879;9.18;9.0;12.0;-3.0;9.0
7889;9.106666666666667;9.0;12.0;-3.0;9.0
7899;9.086666666666666;9.0;12.0;-3.0;9.0
7909;9.073333333333334;9.0;12.0;-3.0;9.0
7919;9.173333333333334;9.0;12.0;-3.0;9.0
7929;9.113333333333333;9.0;12.0;-3.0;9.0
7939;9.086666666666666;9.0;12.0;-3.0;9.0
7949;9.113333333333333;9.0;12.0;-3.0;9.0
7959;9.1;9.0;12.0;-3.0;9.0
7969;9.09;9.0;12.0;-3.0;9.0
7979;9.15;9.0;12.0;-3.0;9.0
7989;9.136666666666667;9.0;12.0;-3.0;9.0
7999;9.093333333333334;9.0;12.0;-3.0;9.0
8009;9.123333333333333;9.0;12.0;-3.0;9.0
8019;9.08;9.0;12.0;-3.0;9.0
8029;9.113333333333333;9.0;12.0;-3.0;9.0
8039;9.073333333333334;9.0;12.0;-3.0;9.0
8049;9.126666666666667;9.0;12.0;-3.0;9.0
8059;9.076666666666666;9.0;12.0;-3.0;9.0
8069;9.143333333333333;9.0;12.0;-3.0;9.0
8079;9.086666666666666;9.0;12.0;-3.0;9.0
8089;9.1;9.0;12.0;-3.0;9.0
8099;9.106666666666667;9.0;12.0;-3.0;9.0
8109;9.076666666666666;9.0;12.0;-3.0;9.0
8119;9.073333333333334;9.0;12.0;-3.0;9.0
8129;9.076666666666666;9.0;12.0;-3.0;9.0
8139;9.193333333333333;9.0;12.0;-3.0;9.0
8149;9.083333333333334;9.0;12.0;-3.0;9.0
8159;9.14;9.0;12.0;-3.0;9.0
8169;9.116666666666667;9.0;12.0;-3.0;9.0
8179;9.166666666666666;9.0;12.0;-3.0;9.0
8189;9.11;9.0;12.0;-3.0;9.0
8199;9.123333333333333;9.0;12.0;-3.0;9.0
8209;9.1;9.0;12.0;-3.0;9.0
8219;9.1;9.0;12.0;-3.0;9.0
8229;9.126666666666667;9.0;12.0;-3.0;9.0
8239;9.136666666666667;9.0;12.0;-3.0;9.0
8249;9.116666666666667;9.0;12.0;-3.0;9.0
8259;9.126666666666667;9.0;12.0;-3.0;9.0
8269;9.156666666666666;9.0;12.0;-3.0;9.0
8279;9.12;9.0;12.0;-3.0;9.0
8289;9.143333333333333;9.0;12.0;-3.0;9.0
8299;9.043333333333333;9.0;12.0;-3.0;9.0
8309;9.126666666666667;9.0;12.0;-3.0;9.0
8319;9.143333333333333;9.0;12.0;-3.0;9.0
8329;9.096666666666666;9.0;12.0;-3.0;9.0
8339;9.11;9.0;12.0;-3.0;9.0
8349;9.126666666666667;9.0;12.0;-3.0;9.0
8359;9.173333333333334;9.0;12.0;-3.0;9.0
8369;9.096666666666666;9.0;12.0;-3.0;9.0
8379;9.143333333333333;9.0;12.0;-3.0;9.0
8389;9.1;9.0;12.0;-3.0;9.0
8399;9.096666666666666;9.0;12.0;-3.0;9.0
8409;9.133333333333333;9.0;12.0;-3.0;9.0
8419;9.106666666666667;9.0;12.0;-3.0;9.0
8429;9.146666666666667;9.0;12.0;-3.0;9.0
8439;9.076666666666666;9.0;12.0;-3.0;9.0
8449;9.166666666666666;9.0;12.0;-3.0;9.0
8459;9.116666666666667;9.0;12.0;-3.0;9.0
8469;9.06;9.0;12.0;-3.0;9.0
8479;9.106666666666667;9.0;12.0;-3.0;9.0
8489;9.126666666666667;9.0;12.0;-3.0;9.0
8499;9.103333333333333;9.0;12.0;-3.0;9.0
8509;9.146666666666667;9.0;12.0;-3.0;9.0
8519;9.113333333333333;9.0;12.0;-3.0;9.0
8529;9.146666666666667;9.0;12.0;-3.0;9.0
8539;9.16;9.0;12.0;-3.0;9.0
8549;9.13;9.0;12.0;-3.0;9.0
8559;9.133333333333333;9.0;12.0;-3.0;9.0
8569;9.116666666666667;9.0;12.0;-3.0;9.0
8579;9.113333333333333;9.0;12.0;-3.0;9.0
8589;9.063333333333333;9.0;12.0;-3.0;9.0
8599;9.093333333333334;9.0;12.0;-3.0;9.0
8609;9.183333333333334;9.0;12.0;-3.0;9.0
8619;9.146666666666667;9.0;12.0;-3.0;9.0
8629;9.086666666666666;9.0;12.0;-3.0;9.0
8639;9.13;9.0;12.0;-3.0;9.0
8649;9.12;9.0;12.0;-3.0;9.0
8659;9.056666666666667;9.0;12.0;-3.0;9.0
8669;9.113333333333333;9.0;12.0;-3.0;9.0
8679;9.116666666666667;9.0;12.0;-3.0;9.0
8689;9.03;9.0;12.0;-3.0;9.0
8699;9.076666666666666;9.0;12.0;-3.0;9.0
8709;9.19;9.0;12.0;-3.0;9.0
8719;9.093333333333334;9.0;12.0;-3.0;9.0
8729;9.106666666666667;9.0;12.0;-3.0;9.0
8739;9.116666666666667;9.0;12.0;-3.0;9.0
8749;9.146666666666667;9.0;12.0;-3.0;9.0
8759;9.15;9.0;12.0;-3.0;9.0
8769;9.093333333333334;9.0;12.0;-3.0;9.0
8779;9.08;9.0;12.0;-3.0;9.0
8789;9.056666666666667;9.0;12.0;-3.0;9.0
8799;9.15;9.0;12.0;-3.0;9.0
8809;9.2;9.0;12.0;-3.0;9.0
8819;9.11;9.0;12.0;-3.0;9.0
8829;9.086666666666666;9.0;12.0;-3.0;9.0
8839;9.1;9.0;12.0;-3.0;9.0
8849;9.11;9.0;12.0;-3.0;9.0
8859;9.136666666666667;9.0;12.0;-3.0;9.0
8869;9.073333333333334;9.0;12.0;-3.0;9.0
8879;9.153333333333334;9.0;12.0;-3.0;9.0
8889;9.143333333333333;9.0;12.0;-3.0;9.0
8899;9.2;9.0;12.0;-3.0;9.0
8909;9.11;9.0;12.0;-3.0;9.0
8919;9.09;9.0;12.0;-3.0;9.0
8929;9.153333333333334;9.0;12.0;-3.0;9.0
8939;9.186666666666667;9.0;12.0;-3.0;9.0
8949;9.136666666666667;9.0;12.0;-3.0;9.0
8959;9.13;9.0;12.0;-3.0;9.0
8969;9.136666666666667;9.0;12.0;-3.0;9.0
8979;9.12;9.0;12.0;-3.0;9.0
8989;9.096666666666666;9.0;12.0;-3.0;9.0
8999;9.083333333333334;9.0;12.0;-3.0;9.0
9009;9.08;9.0;12.0;-3.0;9.0
9019;9.093333333333334;9.0;12.0;-3.0;9.0
9029;9.113333333333333;9.0;12.0;-3.0;9.0
9039;9.173333333333334;9.0;12.0;-3.0;9.0
9049;9.083333333333334;9.0;12.0;-3.0;9.0
9059;9.096666666666666;9.0;12.0;-3.0;9.0
9069;9.13;9.0;12.0;-3.0;9.0
9079;9.126666666666667;9.0;12.0;-3.0;9.0
9089;9.12;9.0;12.0;-3.0;9.0
9099;9.086666666666666;9.0;12.0;-3.0;9.0
9109;9.153333333333334;9.0;12.0;-3.0;9.0
9119;9.1;9.0;12.0;-3.0;9.0
9129;9.176666666666666;9.0;12.0;-3.0;9.0
9139;9.146666666666667;9.0;12.0;-3.0;9.0
9149;9.136666666666667;9.0;12.0;-3.0;9.0
9159;9.15;9.0;12.0;-3.0;9.0
9169;9.13;9.0;12.0;-3.0;9.0
9179;9.11;9.0;12.0;-3.0;9.0
9189;9.08;9.0;12.0;-3.0;9.0
9199;9.113333333333333;9.0;12.0;-3.0;9.0
9209;9.103333333333333;9.0;12.0;-3.0;9.0
9219;9.15;9.0;12.0;-3.0;9.0
9229;9.133333333333333;9.0;12.0;-3.0;9.0
9239;9.136666666666667;9.0;12.0;-3.0;9.0
9249;9.123333333333333;9.0;12.0;-3.0;9.0
9259;9.116666666666667;9.0;12.0;-3.0;9.0
9269;9.086666666666666;9.0;12.0;-3.0;9.0
9279;9.1;9.0;12.0;-3.0;9.0
9289;9.066666666666666;9.0;12.0;-3.0;9.0
9299;9.123333333333333;9.0;12.0;-3.0;9.0
9309;9.126666666666667;9.0;12.0;-3.0;9.0
9319;9.12;9.0;12.0;-3.0;9.0
9329;9.083333333333334;9.0;12.0;-3.0;9.0
9339;9.093333333333334;9.0;12.0;-3.0;9.0
9349;9.066666666666666;9.0;12.0;-3.0;9.0
9359;9.176666666666666;9.0;12.0;-3.0;9.0
9369;9.16;9.0;12.0;-3.0;9.0
9379;9.083333333333334;9.0;12.0;-3.0;9.0
9389;9.106666666666667;9.0;12.0;-3.0;9.0
9399;9.06;9.0;12.0;-3.0;9.0
9409;9.11;9.0;12.0;-3.0;9.0
9419;9.11;9.0;12.0;-3.0;9.0
9429;9.14;9.0;12.0;-3.0;9.0
9439;9.066666666666666;9.0;12.0;-3.0;9.0
9449;9.116666666666667;9.0;12.0;-3.0;9.0
9459;9.103333333333333;9.0;12.0;-3.0;9.0
9469;9.133333333333333;9.0;12.0;-3.0;9.0
9479;9.15;9.0;12.0;-3.0;9.0
9489;9.133333333333333;9.0;12.0;-3.0;9.0
9499;9.143333333333333;9.0;12.0;-3.0;9.0
9509;9.09;9.0;12.0;-3.0;9.0
9519;9.096666666666666;9.0;12.0;-3.0;9.0
9529;9.08;9.0;12.0;-3.0;9.0
9539;9.146666666666667;9.0;12.0;-3.0;9.0
9549;9.093333333333334;9.0;12.0;-3.0;9.0
9559;9.116666666666667;9.0;12.0;-3.0;9.0
9569;9.11;9.0;12.0;-3.0;9.0
9579;9.136666666666667;9.0;12.0;-3.0;9.0
9589;9.09;9.0;12.0;-3.0;9.0
9599;9.113333333333333;9.0;12.0;-3.0;9.0
9609;9.076666666666666;9.0;12.0;-3.0;9.0
9619;9.076666666666666;9.0;12.0;-3.0;9.0
9629;9.106666666666667;9.0;12.0;-3.0;9.0
9639;9.1;9.0;12.0;-3.0;9.0
9649;9.136666666666667;9.0;12.0;-3.0;9.0
9659;9.193333333333333;9.0;12.0;-3.0;9.0
9669;9.093333333333334;9.0;12.0;-3.0;9.0
9679;9.09;9.0;12.0;-3.0;9.0
9689;9.15;9.0;12.0;-3.0;9.0
9699;9.176666666666666;9.0;12.0;-3.0;9.0
9709;9.12;9.0;12.0;-3.0;9.0
9719;9.143333333333333;9.0;12.0;-3.0;9.0
9729;9.08;9.0;12.0;-3.0;9.0
9739;9.156666666666666;9.0;12.0;-3.0;9.0
9749;9.156666666666666;9.0;12.0;-3.0;9.0
9759;9.123333333333333;9.0;12.0;-3.0;9.0
9769;9.126666666666667;9.0;12.0;-3.0;9.0
9779;9.103333333333333;9.0;12.0;-3.0;9.0
9789;9.113333333333333;9.0;12.0;-3.0;9.0
9799;9.166666666666666;9.0;12.0;-3.0;9.0
9809;9.07;9.0;12.0;-3.0;9.0
9819;9.103333333333333;9.0;12.0;-3.0;9.0
9829;9.096666666666666;9.0;12.0;-3.0;9.0
9839;9.086666666666666;9.0;12.0;-3.0;9.0
9849;9.153333333333334;9.0;12.0;-3.0;9.0
9859;9.106666666666667;9.0;12.0;-3.0;9.0
9869;9.126666666666667;9.0;12.0;-3.0;9.0
9879;9.06;9.0;12.0;-3.0;9.0
9889;9.116666666666667;9.0;12.0;-3.0;9.0
9899;9.106666666666667;9.0;12.0;-3.0;9.0
9909;9.14;9.0;12.0;-3.0;9.0
9919;9.176666666666666;9.0;12.0;-3.0;9.0
9929;9.143333333333333;9.0;12.0;-3.0;9.0
9939;9.116666666666667;9.0;12.0;-3.0;9.0
9949;9.08;9.0;12.0;-3.0;9.0
9959;9.05;9.0;12.0;-3.0;9.0
9969;9.106666666666667;9.0;12.0;-3.0;9.0
9979;9.126666666666667;9.0;12.0;-3.0;9.0
9989;9.12;9.0;12.0;-3.0;9.0
9999;9.113333333333333;9.0;12.0;-3.0;9.0
10009;9.083333333333334;9.0;12.0;-3.0;9.0
10019;9.13;9.0;12.0;-3.0;9.0
10029;9.166666666666666;9.0;12.0;-3.0;9.0
10039;9.136666666666667;9.0;12.0;-3.0;9.0
10049;9.083333333333334;9.0;12.0;-3.0;9.0
10059;9.11;9.0;12.0;-3.0;9.0
10069;9.143333333333333;9.0;12.0;-3.0;9.0
10079;9.083333333333334;9.0;12.0;-3.0;9.0
10089;9.096666666666666;9.0;12.0;-3.0;9.0
10099;9.103333333333333;9.0;12.0;-3.0;9.0
10109;9.056666666666667;9.0;12.0;-3.0;9.0
10119;9.06;9.0;12.0;-3.0;9.0
10129;9.156666666666666;9.0;12.0;-3.0;9.0
10139;9.143333333333333;9.0;12.0;-3.0;9.0
10149;9.08;9.0;12.0;-3.0;9.0
10159;9.063333333333333;9.0;12.0;-3.0;9.0
10169;9.14;9.0;12.0;-3.0;9.0
10179;9.116666666666667;9.0;12.0;-3.0;9.0
10189;9.083333333333334;9.0;12.0;-3.0;9.0
10199;9.126666666666667;9.0;12.0;-3.0;9.0
10209;9.08;9.0;12.0;-3.0;9.0
10219;9.126666666666667;9.0;12.0;-3.0;9.0
10229;9.11;9.0;12.0;-3.0;9.0
10239;9.066666666666666;9.0;12.0;-3.0;9.0
10249;9.14;9.0;12.0;-3.0;9.0
10259;9.146666666666667;9.0;12.0;-3.0;9.0
10269;9.093333333333334;9.0;12.0;-3.0;9.0
10279;9.133333333333333;9.0;12.0;-3.0;9.0
10289;9.106666666666667;9.0;12.0;-3.0;9.0
10299;9.126666666666667;9.0;12.0;-3.0;9.0
10309;9.106666666666667;9.0;12.0;-3.0;9.0
10319;9.113333333333333;9.0;12.0;-3.0;9.0
10329;9.106666666666667;9.0;12.0;-3.0;9.0
10339;9.09;9.0;12.0;-3.0;9.0
10349;9.153333333333334;9.0;12.0;-3.0;9.0
10359;9.223333333333333;9.0;12.0;-3.0;9.0
10369;9.13;9.0;12.0;-3.0;9.0
10379;9.063333333333333;9.0;12.0;-3.0;9.0
10389;9.12;9.0;12.0;-3.0;9.0
10399;9.09;9.0;12.0;-3.0;9.0
10409;9.11;9.0;12.0;-3.0;9.0
10419;9.086666666666666;9.0;12.0;-3.0;9.0
10429;9.06;9.0;12.0;-3.0;9.0
10439;9.116666666666667;9.0;12.0;-3.0;9.0
10449;9.093333333333334;9.0;12.0;-3.0;9.0
10459;9.136666666666667;9.0;12.0;-3.0;9.0
10469;9.093333333333334;9.0;12.0;-3.0;9.0
10479;9.07;9.0;12.0;-3.0;9.0
10489;9.13;9.0;12.0;-3.0;9.0
10499;9.096666666666666;9.0;12.0;-3.0;9.0
10509;9.106666666666667;9.0;12.0;-3.0;9.0
10519;9.186666666666667;9.0;12.0;-3.0;9.0
10529;9.16;9.0;12.0;-3.0;9.0
10539;9.14;9.0;12.0;-3.0;9.0
10549;9.12;9.0;12.0;-3.0;9.0
10559;9.136666666666667;9.0;12.0;-3.0;9.0
10569;9.133333333333333;9.0;12.0;-3.0;9.0
10579;9.133333333333333;9.0;12.0;-3.0;9.0
10589;9.16;9.0;12.0;-3.0;9.0
10599;9.073333333333334;9.0;12.0;-3.0;9.0
10609;9.103333333333333;9.0;12.0;-3.0;9.0
10619;9.123333333333333;9.0;12.0;-3.0;9.0
10629;9.086666666666666;9.0;12.0;-3.0;9.0
10639;9.103333333333333;9.0;12.0;-3.0;9.0
10649;9.08;9.0;12.0;-3.0;9.0
10659;9.113333333333333;9.0;12.0;-3.0;9.0
10669;9.11;9.0;12.0;-3.0;9.0
10679;9.146666666666667;9.0;12.0;-3.0;9.0
10689;9.083333333333334;9.0;12.0;-3.0;9.0
10699;9.09;9.0;12.0;-3.0;9.0
10709;9.116666666666667;9.0;12.0;-3.0;9.0
10719;9.136666666666667;9.0;12.0;-3.0;9.0
10729;9.113333333333333;9.0;12.0;-3.0;9.0
10739;9.126666666666667;9.0;12.0;-3.0;9.0
10749;9.143333333333333;9.0;12.0;-3.0;9.0
10759;9.13;9.0;12.0;-3.0;9.0
10769;9.123333333333333;9.0;12.0;-3.0;9.0
10779;9.16;9.0;12.0;-3.0;9.0
10789;9.113333333333333;9.0;12.0;-3.0;9.0
10799;9.093333333333334;9.0;12.0;-3.0;9.0
10809;9.18;9.0;12.0;-3.0;9.0
10819;9.146666666666667;9.0;12.0;-3.0;9.0
10829;9.153333333333334;9.0;12.0;-3.0;9.0
10839;9.146666666666667;9.0;12.0;-3.0;9.0
10849;9.13;9.0;12.0;-3.0;9.0
10859;9.096666666666666;9.0;12.0;-3.0;9.0
10869;9.113333333333333;9.0;12.0;-3.0;9.0
10879;9.2;9.0;12.0;-3.0;9.0
10889;9.13;9.0;12.0;-3.0;9.0
10899;9.14;9.0;12.0;-3.0;9.0
10909;9.14;9.0;12.0;-3.0;9.0
10919;9.083333333333334;9.0;12.0;-3.0;9.0
10929;9.1;9.0;12.0;-3.0;9.0
10939;9.116666666666667;9.0;12.0;-3.0;9.0
10949;9.073333333333334;9.0;12.0;-3.0;9.0
10959;9.116666666666667;9.0;12.0;-3.0;9.0
10969;9.093333333333334;9.0;12.0;-3.0;9.0
10979;9.103333333333333;9.0;12.0;-3.0;9.0
10989;9.156666666666666;9.0;12.0;-3.0;9.0
10999;9.16;9.0;12.0;-3.0;9.0
11009;9.156666666666666;9.0;12.0;-3.0;9.0
11019;9.123333333333333;9.0;12.0;-3.0;9.0
11029;9.106666666666667;9.0;12.0;-3.0;9.0
11039;9.226666666666667;9.0;12.0;-3.0;9.0
11049;9.113333333333333;9.0;12.0;-3.0;9.0
11059;9.126666666666667;9.0;12.0;-3.0;9.0
11069;9.123333333333333;9.0;12.0;-3.0;9.0
11079;9.1;9.0;12.0;-3.0;9.0
11089;9.096666666666666;9.0;12.0;-3.0;9.0
11099;9.126666666666667;9.0;12.0;-3.0;9.0
11109;9.136666666666667;9.0;12.0;-3.0;9.0
11119;9.093333333333334;9.0;12.0;-3.0;9.0
11129;9.083333333333334;9.0;12.0;-3.0;9.0
11139;9.11;9.0;12.0;-3.0;9.0
11149;9.12;9.0;12.0;-3.0;9.0
11159;9.126666666666667;9.0;12.0;-3.0;9.0
11169;9.18;9.0;12.0;-3.0;9.0
11179;9.11;9.0;12.0;-3.0;9.0
11189;9.106666666666667;9.0;12.0;-3.0;9.0
11199;9.12;9.0;12.0;-3.0;9.0
11209;9.12;9.0;12.0;-3.0;9.0
11219;9.113333333333333;9.0;12.0;-3.0;9.0
11229;9.166666666666666;9.0;12.0;-3.0;9.0
11239;9.12;9.0;12.0;-3.0;9.0
11249;9.193333333333333;9.0;12.0;-3.0;9.0
11259;9.11;9.0;12.0;-3.0;9.0
11269;9.126666666666667;9.0;12.0;-3.0;9.0
11279;9.14;9.0;12.0;-3.0;9.0
11289;9.173333333333334;9.0;12.0;-3.0;9.0
11299;9.113333333333333;9.0;12.0;-3.0;9.0
11309;9.106666666666667;9.0;12.0;-3.0;9.0
11319;9.07;9.0;12.0;-3.0;9.0
11329;9.096666666666666;9.0;12.0;-3.0;9.0
11339;9.106666666666667;9.0;12.0;-3.0;9.0
11349;9.123333333333333;9.0;12.0;-3.0;9.0
11359;9.11;9.0;12.0;-3.0;9.0
11369;9.116666666666667;9.0;12.0;-3.0;9.0
11379;9.096666666666666;9.0;12.0;-3.0;9.0
11389;9.16;9.0;12.0;-3.0;9.0
11399;9.083333333333334;9.0;12.0;-3.0;9.0
11409;9.136666666666667;9.0;12.0;-3.0;9.0
11419;9.106666666666667;9.0;12.0;-3.0;9.0
11429;9.066666666666666;9.0;12.0;-3.0;9.0
11439;9.133333333333333;9.0;12.0;-3.0;9.0
11449;9.086666666666666;9.0;12.0;-3.0;9.0
11459;9.143333333333333;9.0;12.0;-3.0;9.0
11469;9.123333333333333;9.0;12.0;-3.0;9.0
11479;9.083333333333334;9.0;12.0;-3.0;9.0
11489;9.103333333333333;9.0;12.0;-3.0;9.0
11499;9.156666666666666;9.0;12.0;-3.0;9.0
11509;9.11;9.0;12.0;-3.0;9.0
11519;9.173333333333334;9.0;12.0;-3.0;9.0
11529;9.143333333333333;9.0;12.0;-3.0;9.0
11539;9.12;9.0;12.0;-3.0;9.0
11549;9.113333333333333;9.0;12.0;-3.0;9.0
11559;9.12;9.0;12.0;-3.0;9.0
11569;9.12;9.0;12.0;-3.0;9.0
11579;9.133333333333333;9.0;12.0;-3.0;9.0
11589;9.11;9.0;12.0;-3.0;9.0
11599;9.116666666666667;9.0;12.0;-3.0;9.0
11609;9.12;9.0;12.0;-3.0;9.0
11619;9.083333333333334;9.0;12.0;-3.0;9.0
11629;9.16;9.0;12.0;-3.0;9.0
11639;9.136666666666667;9.0;12.0;-3.0;9.0
11649;9.163333333333334;9.0;12.0;-3.0;9.0
11659;9.09;9.0;12.0;-3.0;9.0
11669;9.173333333333334;9.0;12.0;-3.0;9.0
11679;9.086666666666666;9.0;12.0;-3.0;9.0
11689;9.1;9.0;12.0;-3.0;9.0
11699;9.146666666666667;9.0;12.0;-3.0;9.0
11709;9.08;9.0;12.0;-3.0;9.0
11719;9.123333333333333;9.0;12.0;-3.0;9.0
11729;9.08;9.0;12.0;-3.0;9.0
11739;9.07;9.0;12.0;-3.0;9.0
11749;9.13;9.0;12.0;-3.0;9.0
11759;9.096666666666666;9.0;12.0;-3.0;9.0
11769;9.113333333333333;9.0;12.0;-3.0;9.0
11779;9.08;9.0;12.0;-3.0;9.0
11789;9.106666666666667;9.0;12.0;-3.0;9.0
11799;9.133333333333333;9.0;12.0;-3.0;9.0
11809;9.183333333333334;9.0;12.0;-3.0;9.0
11819;9.113333333333333;9.0;12.0;-3.0;9.0
11829;9.153333333333334;9.0;12.0;-3.0;9.0
11839;9.096666666666666;9.0;12.0;-3.0;9.0
11849;9.13;9.0;12.0;-3.0;9.0
11859;9.09;9.0;12.0;-3.0;9.0
11869;9.123333333333333;9.0;12.0;-3.0;9.0
11879;9.11;9.0;12.0;-3.0;9.0
11889;9.106666666666667;9.0;12.0;-3.0;9.0
11899;9.08;9.0;12.0;-3.0;9.0
11909;9.1;9.0;12.0;-3.0;9.0
11919;9.123333333333333;9.0;12.0;-3.0;9.0
11929;9.13;9.0;12.0;-3.0;9.0
11939;9.156666666666666;9.0;12.0;-3.0;9.0
11949;9.126666666666667;9.0;12.0;-3.0;9.0
11959;9.093333333333334;9.0;12.0;-3.0;9.0
11969;9.103333333333333;9.0;12.0;-3.0;9.0
11979;9.09;9.0;12.0;-3.0;9.0
11989;9.14;9.0;12.0;-3.0;9.0
11999;9.15;9.0;12.0;-3.0;9.0
12009;9.04;9.0;12.0;-3.0;9.0
12019;9.123333333333333;9.0;12.0;-3.0;9.0
12029;9.156666666666666;9.0;12.0;-3.0;9.0
12039;9.1;9.0;12.0;-3.0;9.0
12049;9.13;9.0;12.0;-3.0;9.0
12059;9.113333333333333;9.0;12.0;-3.0;9.0
12069;9.123333333333333;9.0;12.0;-3.0;9.0
12079;9.146666666666667;9.0;12.0;-3.0;9.0
12089;9.083333333333334;9.0;12.0;-3.0;9.0
12099;9.133333333333333;9.0;12.0;-3.0;9.0
12109;9.106666666666667;9.0;12.0;-3.0;9.0
12119;9.093333333333334;9.0;12.0;-3.0;9.0
12129;9.17;9.0;12.0;-3.0;9.0
12139;9.113333333333333;9.0;12.0;-3.0;9.0
12149;9.143333333333333;9.0;12.0;-3.0;9.0
12159;9.073333333333334;9.0;12.0;-3.0;9.0
12169;9.1;9.0;12.0;-3.0;9.0
12179;9.176666666666666;9.0;12.0;-3.0;9.0
12189;9.1;9.0;12.0;-3.0;9.0
12199;9.093333333333334;9.0;12.0;-3.0;9.0
12209;9.093333333333334;9.0;12.0;-3.0;9.0
12219;9.136666666666667;9.0;12.0;-3.0;9.0
12229;9.096666666666666;9.0;12.0;-3.0;9.0
12239;9.143333333333333;9.0;12.0;-3.0;9.0
12249;9.086666666666666;9.0;12.0;-3.0;9.0
12259;9.07;9.0;12.0;-3.0;9.0
12269;9.116666666666667;9.0;12.0;-3.0;9.0
12279;9.116666666666667;9.0;12.0;-3.0;9.0
12289;9.123333333333333;9.0;12.0;-3.0;9.0
12299;9.133333333333333;9.0;12.0;-3.0;9.0
12309;9.113333333333333;9.0;12.0;-3.0;9.0
12319;9.1;9.0;12.0;-3.0;9.0
12329;9.073333333333334;9.0;12.0;-3.0;9.0
12339;9.13;9.0;12.0;-3.0;9.0
12349;9.093333333333334;9.0;12.0;-3.0;9.0
12359;9.193333333333333;9.0;12.0;-3.0;9.0
12369;9.116666666666667;9.0;12.0;-3.0;9.0
12379;9.146666666666667;9.0;12.0;-3.0;9.0
12389;9.113333333333333;9.0;12.0;-3.0;9.0
12399;9.09;9.0;12.0;-3.0;9.0
12409;9.09;9.0;12.0;-3.0;9.0
12419;9.113333333333333;9.0;12.0;-3.0;9.0
12429;9.09;9.0;12.0;-3.0;9.0
12439;9.12;9.0;12.0;-3.0;9.0
12449;9.186666666666667;9.0;12.0;-3.0;9.0
12459;9.113333333333333;9.0;12.0;-3.0;9.0
12469;9.073333333333334;9.0;12.0;-3.0;9.0
12479;9.12;9.0;12.0;-3.0;9.0
12489;9.163333333333334;9.0;12.0;-3.0;9.0
12499;9.11;9.0;12.0;-3.0;9.0
12509;9.12;9.0;12.0;-3.0;9.0
12519;9.11;9.0;12.0;-3.0;9.0
12529;9.14;9.0;12.0;-3.0;9.0
12539;9.1;9.0;12.0;-3.0;9.0
12549;9.123333333333333;9.0;12.0;-3.0;9.0
12559;9.14;9.0;12.0;-3.0;9.0
12569;9.076666666666666;9.0;12.0;-3.0;9.0
12579;9.086666666666666;9.0;12.0;-3.0;9.0
12589;9.05;9.0;12.0;-3.0;9.0
12599;9.11;9.0;12.0;-3.0;9.0
12609;9.136666666666667;9.0;12.0;-3.0;9.0
12619;9.1;9.0;12.0;-3.0;9.0
12629;9.126666666666667;9.0;12.0;-3.0;9.0
12639;9.21;9.0;12.0;-3.0;9.0
12649;9.123333333333333;9.0;12.0;-3.0;9.0
12659;9.086666666666666;9.0;12.0;-3.0;9.0
12669;9.133333333333333;9.0;12.0;-3.0;9.0
12679;9.13;9.0;12.0;-3.0;9.0
12689;9.07;9.0;12.0;-3.0;9.0
12699;9.096666666666666;9.0;12.0;-3.0;9.0
12709;9.14;9.0;12.0;-3.0;9.0
12719;9.116666666666667;9.0;12.0;-3.0;9.0
12729;9.073333333333334;9.0;12.0;-3.0;9.0
12739;9.113333333333333;9.0;12.0;-3.0;9.0
12749;9.083333333333334;9.0;12.0;-3.0;9.0
12759;9.12;9.0;12.0;-3.0;9.0
12769;9.12;9.0;12.0;-3.0;9.0
12779;9.113333333333333;9.0;12.0;-3.0;9.0
12789;9.116666666666667;9.0;12.0;-3.0;9.0
12799;9.11;9.0;12.0;-3.0;9.0
12809;9.133333333333333;9.0;12.0;-3.0;9.0
12819;9.126666666666667;9.0;12.0;-3.0;9.0
12829;9.16;9.0;12.0;-3.0;9.0
12839;9.153333333333334;9.0;12.0;-3.0;9.0
12849;9.18;9.0;12.0;-3.0;9.0
12859;9.176666666666666;9.0;12.0;-3.0;9.0
12869;9.166666666666666;9.0;12.0;-3.0;9.0
12879;9.156666666666666;9.0;12.0;-3.0;9.0
12889;9.13;9.0;12.0;-3.0;9.0
12899;9.05;9.0;12.0;-3.0;9.0
12909;9.113333333333333;9.0;12.0;-3.0;9.0
12919;9.103333333333333;9.0;12.0;-3.0;9.0
12929;9.106666666666667;9.0;12.0;-3.0;9.0
12939;9.12;9.0;12.0;-3.0;9.0
12949;9.15;9.0;12.0;-3.0;9.0
12959;9.063333333333333;9.0;12.0;-3.0;9.0
12969;9.16;9.0;12.0;-3.0;9.0
12979;9.123333333333333;9.0;12.0;-3.0;9.0
12989;9.12;9.0;12.0;-3.0;9.0
12999;9.11;9.0;12.0;-3.0;9.0
13009;9.19;9.0;12.0;-3.0;9.0
13019;9.04;9.0;12.0;-3.0;9.0
13029;9.16;9.0;12.0;-3.0;9.0
13039;9.116666666666667;9.0;12.0;-3.0;9.0
13049;9.12;9.0;12.0;-3.0;9.0
13059;9.12;9.0;12.0;-3.0;9.0
13069;9.15;9.0;12.0;-3.0;9.0
13079;9.063333333333333;9.0;12.0;-3.0;9.0
13089;9.13;9.0;12.0;-3.0;9.0
13099;9.056666666666667;9.0;12.0;-3.0;9.0
13109;9.116666666666667;9.0;12.0;-3.0;9.0
13119;9.123333333333333;9.0;12.0;-3.0;9.0
13129;9.166666666666666;9.0;12.0;-3.0;9.0
13139;9.123333333333333;9.0;12.0;-3.0;9.0
13149;9.146666666666667;9.0;12.0;-3.0;9.0
13159;9.143333333333333;9.0;12.0;-3.0;9.0
13169;9.073333333333334;9.0;12.0;-3.0;9.0
13179;9.1;9.0;12.0;-3.0;9.0
13189;9.053333333333333;9.0;12.0;-3.0;9.0
13199;9.133333333333333;9.0;12.0;-3.0;9.0
13209;9.083333333333334;9.0;12.0;-3.0;9.0
13219;9.1;9.0;12.0;-3.0;9.0
13229;9.16;9.0;12.0;-3.0;9.0
13239;9.113333333333333;9.0;12.0;-3.0;9.0
13249;9.15;9.0;12.0;-3.0;9.0
13259;9.103333333333333;9.0;12.0;-3.0;9.0
13269;9.126666666666667;9.0;12.0;-3.0;9.0
13279;9.086666666666666;9.0;12.0;-3.0;9.0
13289;9.183333333333334;9.0;12.0;-3.0;9.0
13299;9.156666666666666;9.0;12.0;-3.0;9.0
13309;9.096666666666666;9.0;12.0;-3.0;9.0
13319;9.096666666666666;9.0;12.0;-3.0;9.0
13329;9.126666666666667;9.0;12.0;-3.0;9.0
13339;9.15;9.0;12.0;-3.0;9.0
13349;9.13;9.0;12.0;-3.0;9.0
13359;9.126666666666667;9.0;12.0;-3.0;9.0
13369;9.113333333333333;9.0;12.0;-3.0;9.0
13379;9.146666666666667;9.0;12.0;-3.0;9.0
13389;9.093333333333334;9.0;12.0;-3.0;9.0
13399;9.116666666666667;9.0;12.0;-3.0;9.0
13409;9.076666666666666;9.0;12.0;-3.0;9.0
13419;9.126666666666667;9.0;12.0;-3.0;9.0
13429;9.07;9.0;12.0;-3.0;9.0
13439;9.136666666666667;9.0;12.0;-3.0;9.0
13449;9.08;9.0;12.0;-3.0;9.0
13459;9.083333333333334;9.0;12.0;-3.0;9.0
13469;9.06;9.0;12.0;-3.0;9.0
13479;9.123333333333333;9.0;12.0;-3.0;9.0
13489;9.086666666666666;9.0;12.0;-3.0;9.0
13499;9.146666666666667;9.0;12.0;-3.0;9.0
13509;9.11;9.0;12.0;-3.0;9.0
13519;9.093333333333334;9.0;12.0;-3.0;9.0
13529;9.1;9.0;12.0;-3.0;9.0
13539;9.16;9.0;12.0;-3.0;9.0
13549;9.133333333333333;9.0;12.0;-3.0;9.0
13559;9.12;9.0;12.0;-3.0;9.0
13569;9.063333333333333;9.0;12.0;-3.0;9.0
13579;9.1;9.0;12.0;-3.0;9.0
13589;9.11;9.0;12.0;-3.0;9.0
13599;9.103333333333333;9.0;12.0;-3.0;9.0
13609;9.11;9.0;12.0;-3.0;9.0
13619;9.12;9.0;12.0;-3.0;9.0
13629;9.11;9.0;12.0;-3.0;9.0
13639;9.153333333333334;9.0;12.0;-3.0;9.0
13649;9.103333333333333;9.0;12.0;-3.0;9.0
13659;9.12;9.0;12.0;-3.0;9.0
13669;9.136666666666667;9.0;12.0;-3.0;9.0
13679;9.1;9.0;12.0;-3.0;9.0
13689;9.096666666666666;9.0;12.0;-3.0;9.0
13699;9.146666666666667;9.0;12.0;-3.0;9.0
13709;9.046666666666667;9.0;12.0;-3.0;9.0
13719;9.116666666666667;9.0;12.0;-3.0;9.0
13729;9.14;9.0;12.0;-3.0;9.0
13739;9.15;9.0;12.0;-3.0;9.0
13749;9.19;9.0;12.0;-3.0;9.0
13759;9.136666666666667;9.0;12.0;-3.0;9.0
13769;9.103333333333333;9.0;12.0;-3.0;9.0
13779;9.07;9.0;12.0;-3.0;9.0
13789;9.12;9.0;12.0;-3.0;9.0
13799;9.126666666666667;9.0;12.0;-3.0;9.0
13809;9.183333333333334;9.0;12.0;-3.0;9.0
13819;9.103333333333333;9.0;12.0;-3.0;9.0
13829;9.066666666666666;9.0;12.0;-3.0;9.0
13839;9.093333333333334;9.0;12.0;-3.0;9.0
13849;9.093333333333334;9.0;12.0;-3.0;9.0
13859;9.073333333333334;9.0;12.0;-3.0;9.0
13869;9.173333333333334;9.0;12.0;-3.0;9.0
13879;9.213333333333333;9.0;12.0;-3.0;9.0
13889;9.17;9.0;12.0;-3.0;9.0
13899;9.056666666666667;9.0;12.0;-3.0;9.0
13909;9.15;9.0;12.0;-3.0;9.0
13919;9.12;9.0;12.0;-3.0;9.0
13929;9.073333333333334;9.0;12.0;-3.0;9.0
13939;9.096666666666666;9.0;12.0;-3.0;9.0
13949;9.083333333333334;9.0;12.0;-3.0;9.0
13959;9.05;9.0;12.0;-3.0;9.0
13969;9.096666666666666;9.0;12.0;-3.0;9.0
13979;9.153333333333334;9.0;12.0;-3.0;9.0
13989;9.116666666666667;9.0;12.0;-3.0;9.0
13999;9.07;9.0;12.0;-3.0;9.0
14009;9.136666666666667;9.0;12.0;-3.0;9.0
14019;9.113333333333333;9.0;12.0;-3.0;9.0
14029;9.113333333333333;9.0;12.0;-3.0;9.0
14039;9.15;9.0;12.0;-3.0;9.0
14049;9.113333333333333;9.0;12.0;-3.0;9.0
14059;9.14;9.0;12.0;-3.0;9.0
14069;9.08;9.0;12.0;-3.0;9.0
14079;9.143333333333333;9.0;12.0;-3.0;9.0
14089;9.136666666666667;9.0;12.0;-3.0;9.0
14099;9.09;9.0;12.0;-3.0;9.0
14109;9.106666666666667;9.0;12.0;-3.0;9.0
14119;9.116666666666667;9.0;12.0;-3.0;9.0
14129;9.08;9.0;12.0;-3.0;9.0
14139;9.123333333333333;9.0;12.0;-3.0;9.0
14149;9.216666666666667;9.0;12.0;-3.0;9.0
14159;9.126666666666667;9.0;12.0;-3.0;9.0
14169;9.093333333333334;9.0;12.0;-3.0;9.0
14179;9.09;9.0;12.0;-3.0;9.0
14189;9.116666666666667;9.0;12.0;-3.0;9.0
14199;9.146666666666667;9.0;12.0;-3.0;9.0
14209;9.146666666666667;9.0;12.0;-3.0;9.0
14219;9.133333333333333;9.0;12.0;-3.0;9.0
14229;9.106666666666667;9.0;12.0;-3.0;9.0
14239;9.08;9.0;12.0;-3.0;9.0
14249;9.11;9.0;12.0;-3.0;9.0
14259;9.16;9.0;12.0;-3.0;9.0
14269;9.036666666666667;9.0;12.0;-3.0;9.0
14279;9.096666666666666;9.0;12.0;-3.0;9.0
14289;9.126666666666667;9.0;12.0;-3.0;9.0
14299;9.12;9.0;12.0;-3.0;9.0
14309;9.156666666666666;9.0;12.0;-3.0;9.0
14319;9.11;9.0;12.0;-3.0;9.0
14329;9.103333333333333;9.0;12.0;-3.0;9.0
14339;9.103333333333333;9.0;12.0;-3.0;9.0
14349;9.173333333333334;9.0;12.0;-3.0;9.0
14359;9.083333333333334;9.0;12.0;-3.0;9.0
14369;9.136666666666667;9.0;12.0;-3.0;9.0
14379;9.143333333333333;9.0;12.0;-3.0;9.0
14389;9.106666666666667;9.0;12.0;-3.0;9.0
14399;9.126666666666667;9.0;12.0;-3.0;9.0
14409;9.16;9.0;12.0;-3.0;9.0
14419;9.093333333333334;9.0;12.0;-3.0;9.0
14429;9.086666666666666;9.0;12.0;-3.0;9.0
14439;9.063333333333333;9.0;12.0;-3.0;9.0
14449;9.103333333333333;9.0;12.0;-3.0;9.0
14459;9.2;9.0;12.0;-3.0;9.0
14469;9.133333333333333;9.0;12.0;-3.0;9.0
14479;9.09;9.0;12.0;-3.0;9.0
14489;9.1;9.0;12.0;-3.0;9.0
14499;9.086666666666666;9.0;12.0;-3.0;9.0
14509;9.123333333333333;9.0;12.0;-3.0;9.0
14519;9.106666666666667;9.0;12.0;-3.0;9.0
14529;9.09;9.0;12.0;-3.0;9.0
14539;9.16;9.0;12.0;-3.0;9.0
14549;9.1;9.0;12.0;-3.0;9.0
14559;9.06;9.0;12.0;-3.0;9.0
14569;9.13;9.0;12.0;-3.0;9.0
14579;9.11;9.0;12.0;-3.0;9.0
14589;9.14;9.0;12.0;-3.0;9.0
14599;9.106666666666667;9.0;12.0;-3.0;9.0
14609;9.193333333333333;9.0;12.0;-3.0;9.0
14619;9.12;9.0;12.0;-3.0;9.0
14629;9.133333333333333;9.0;12.0;-3.0;9.0
14639;9.11;9.0;12.0;-3.0;9.0
14649;9.173333333333334;9.0;12.0;-3.0;9.0
14659;9.143333333333333;9.0;12.0;-3.0;9.0
14669;9.1;9.0;12.0;-3.0;9.0
14679;9.193333333333333;9.0;12.0;-3.0;9.0
14689;9.153333333333334;9.0;12.0;-3.0;9.0
14699;9.143333333333333;9.0;12.0;-3.0;9.0
14709;9.076666666666666;9.0;12.0;-3.0;9.0
14719;9.086666666666666;9.0;12.0;-3.0;9.0
14729;9.153333333333334;9.0;12.0;-3.0;9.0
14739;9.126666666666667;9.0;12.0;-3.0;9.0
14749;9.123333333333333;9.0;12.0;-3.0;9.0
14759;9.11;9.0;12.0;-3.0;9.0
14769;9.11;9.0;12.0;-3.0;9.0
14779;9.136666666666667;9.0;12.0;-3.0;9.0
14789;9.103333333333333;9.0;12.0;-3.0;9.0
14799;9.123333333333333;9.0;12.0;-3.0;9.0
14809;9.15;9.0;12.0;-3.0;9.0
14819;9.16;9.0;12.0;-3.0;9.0
14829;9.193333333333333;9.0;12.0;-3.0;9.0
14839;9.126666666666667;9.0;12.0;-3.0;9.0
14849;9.136666666666667;9.0;12.0;-3.0;9.0
14859;9.12;9.0;12.0;-3.0;9.0
14869;9.09;9.0;12.0;-3.0;9.0
14879;9.096666666666666;9.0;12.0;-3.0;9.0
14889;9.11;9.0;12.0;-3.0;9.0
14899;9.163333333333334;9.0;12.0;-3.0;9.0
14909;9.04;9.0;12.0;-3.0;9.0
14919;9.133333333333333;9.0;12.0;-3.0;9.0
14929;9.146666666666667;9.0;12.0;-3.0;9.0
14939;9.13;9.0;12.0;-3.0;9.0
14949;9.126666666666667;9.0;12.0;-3.0;9.0
14959;9.113333333333333;9.0;12.0;-3.0;9.0
14969;9.136666666666667;9.0;12.0;-3.0;9.0
14979;9.116666666666667;9.0;12.0;-3.0;9.0
14989;9.12;9.0;12.0;-3.0;9.0
14999;9.136666666666667;9.0;12.0;-3.0;9.0
