geracao;media da geracao;fitness do melhor da geracao;fitness do pior da geracao;relacao entre melhor e pior;fitness do melhor da run
Probabilidade Recombinação: 0.7
Probabilidade Mutação: 0.05
Tipo de Selecção: Torneio
Tipo de Mutação: Simples Al.
Tamanho População: 300
Máximo de Gerações: 15000
0;76.64;63.0;96.0;-33.0;63.0
0;67.64666666666666;58.0;77.0;-19.0;58.0
9;51.97;50.0;55.0;-5.0;50.0
19;42.94;41.0;46.0;-5.0;41.0
29;38.11333333333334;38.0;41.0;-3.0;38.0
39;32.983333333333334;32.0;35.0;-3.0;32.0
49;29.053333333333335;29.0;32.0;-3.0;29.0
59;27.27;26.0;29.0;-3.0;26.0
69;23.076666666666668;23.0;26.0;-3.0;23.0
79;21.37;19.0;25.0;-6.0;19.0
89;18.08;18.0;21.0;-3.0;18.0
99;18.076666666666668;18.0;21.0;-3.0;18.0
109;17.14;17.0;20.0;-3.0;17.0
119;16.046666666666667;16.0;19.0;-3.0;16.0
129;16.09;16.0;19.0;-3.0;16.0
139;16.11;16.0;19.0;-3.0;16.0
149;16.053333333333335;16.0;19.0;-3.0;16.0
159;16.116666666666667;16.0;19.0;-3.0;16.0
169;16.106666666666666;16.0;19.0;-3.0;16.0
179;16.1;16.0;19.0;-3.0;16.0
189;16.096666666666668;16.0;19.0;-3.0;16.0
199;16.166666666666668;16.0;19.0;-3.0;16.0
209;16.07;16.0;19.0;-3.0;16.0
219;16.116666666666667;16.0;19.0;-3.0;16.0
229;16.126666666666665;16.0;19.0;-3.0;16.0
239;16.076666666666668;16.0;19.0;-3.0;16.0
249;16.163333333333334;16.0;19.0;-3.0;16.0
259;16.116666666666667;16.0;19.0;-3.0;16.0
269;16.13;16.0;19.0;-3.0;16.0
279;16.15;16.0;19.0;-3.0;16.0
289;16.066666666666666;16.0;19.0;-3.0;16.0
299;16.106666666666666;16.0;19.0;-3.0;16.0
309;16.093333333333334;16.0;19.0;-3.0;16.0
319;16.076666666666668;16.0;19.0;-3.0;16.0
329;16.073333333333334;16.0;19.0;-3.0;16.0
339;16.14;16.0;19.0;-3.0;16.0
349;16.13;16.0;19.0;-3.0;16.0
359;16.063333333333333;16.0;19.0;-3.0;16.0
369;16.15;16.0;19.0;-3.0;16.0
379;16.086666666666666;16.0;19.0;-3.0;16.0
389;16.166666666666668;16.0;19.0;-3.0;16.0
399;16.113333333333333;16.0;19.0;-3.0;16.0
409;16.086666666666666;16.0;19.0;-3.0;16.0
419;16.10333333333333;16.0;19.0;-3.0;16.0
429;16.123333333333335;16.0;19.0;-3.0;16.0
439;16.083333333333332;16.0;19.0;-3.0;16.0
449;16.116666666666667;16.0;19.0;-3.0;16.0
459;16.096666666666668;16.0;19.0;-3.0;16.0
469;16.106666666666666;16.0;19.0;-3.0;16.0
479;16.07;16.0;19.0;-3.0;16.0
489;16.106666666666666;16.0;19.0;-3.0;16.0
499;16.093333333333334;16.0;19.0;-3.0;16.0
509;16.14666666666667;16.0;19.0;-3.0;16.0
519;16.12;16.0;19.0;-3.0;16.0
529;16.156666666666666;16.0;19.0;-3.0;16.0
539;16.086666666666666;16.0;19.0;-3.0;16.0
549;16.15;16.0;19.0;-3.0;16.0
559;16.096666666666668;16.0;19.0;-3.0;16.0
569;16.11;16.0;19.0;-3.0;16.0
579;16.14;16.0;19.0;-3.0;16.0
589;16.09;16.0;19.0;-3.0;16.0
599;16.076666666666668;16.0;19.0;-3.0;16.0
609;16.11;16.0;19.0;-3.0;16.0
619;16.166666666666668;16.0;19.0;-3.0;16.0
629;16.14;16.0;19.0;-3.0;16.0
639;16.11;16.0;19.0;-3.0;16.0
649;16.11;16.0;19.0;-3.0;16.0
659;16.1;16.0;19.0;-3.0;16.0
669;16.07;16.0;19.0;-3.0;16.0
679;16.116666666666667;16.0;19.0;-3.0;16.0
689;16.043333333333333;16.0;19.0;-3.0;16.0
699;16.106666666666666;16.0;19.0;-3.0;16.0
709;16.116666666666667;16.0;19.0;-3.0;16.0
719;16.106666666666666;16.0;19.0;-3.0;16.0
729;16.106666666666666;16.0;19.0;-3.0;16.0
739;16.143333333333334;16.0;19.0;-3.0;16.0
749;16.17;16.0;19.0;-3.0;16.0
759;16.123333333333335;16.0;19.0;-3.0;16.0
769;16.083333333333332;16.0;19.0;-3.0;16.0
779;16.123333333333335;16.0;19.0;-3.0;16.0
789;16.08;16.0;19.0;-3.0;16.0
799;16.086666666666666;16.0;19.0;-3.0;16.0
809;16.12;16.0;19.0;-3.0;16.0
819;16.043333333333333;16.0;18.0;-2.0;16.0
829;16.1;16.0;19.0;-3.0;16.0
839;16.086666666666666;16.0;19.0;-3.0;16.0
849;16.116666666666667;16.0;19.0;-3.0;16.0
859;16.13;16.0;19.0;-3.0;16.0
869;16.116666666666667;16.0;19.0;-3.0;16.0
879;16.093333333333334;16.0;19.0;-3.0;16.0
889;16.126666666666665;16.0;19.0;-3.0;16.0
899;16.07;16.0;19.0;-3.0;16.0
909;16.093333333333334;16.0;19.0;-3.0;16.0
919;16.083333333333332;16.0;19.0;-3.0;16.0
929;16.086666666666666;16.0;19.0;-3.0;16.0
939;16.10333333333333;16.0;19.0;-3.0;16.0
949;16.126666666666665;16.0;19.0;-3.0;16.0
959;16.116666666666667;16.0;19.0;-3.0;16.0
969;16.143333333333334;16.0;19.0;-3.0;16.0
979;16.093333333333334;16.0;19.0;-3.0;16.0
989;16.083333333333332;16.0;19.0;-3.0;16.0
999;16.15;16.0;19.0;-3.0;16.0
1009;16.11;16.0;19.0;-3.0;16.0
1019;16.04;16.0;19.0;-3.0;16.0
1029;16.13;16.0;19.0;-3.0;16.0
1039;15.123333333333333;15.0;18.0;-3.0;15.0
1049;15.1;15.0;18.0;-3.0;15.0
1059;15.11;15.0;18.0;-3.0;15.0
1069;15.183333333333334;15.0;18.0;-3.0;15.0
1079;15.093333333333334;15.0;18.0;-3.0;15.0
1089;15.096666666666666;15.0;18.0;-3.0;15.0
1099;14.163333333333334;14.0;18.0;-4.0;14.0
1109;14.12;14.0;17.0;-3.0;14.0
1119;14.093333333333334;14.0;17.0;-3.0;14.0
1129;14.043333333333333;14.0;17.0;-3.0;14.0
1139;14.153333333333334;14.0;17.0;-3.0;14.0
1149;14.153333333333334;14.0;17.0;-3.0;14.0
1159;14.07;14.0;17.0;-3.0;14.0
1169;14.18;14.0;17.0;-3.0;14.0
1179;14.093333333333334;14.0;17.0;-3.0;14.0
1189;14.063333333333333;14.0;17.0;-3.0;14.0
1199;14.126666666666667;14.0;17.0;-3.0;14.0
1209;14.05;14.0;17.0;-3.0;14.0
1219;14.086666666666666;14.0;17.0;-3.0;14.0
1229;14.153333333333334;14.0;17.0;-3.0;14.0
1239;14.053333333333333;14.0;17.0;-3.0;14.0
1249;14.11;14.0;17.0;-3.0;14.0
1259;14.093333333333334;14.0;17.0;-3.0;14.0
1269;14.143333333333333;14.0;17.0;-3.0;14.0
1279;14.106666666666667;14.0;17.0;-3.0;14.0
1289;14.053333333333333;14.0;17.0;-3.0;14.0
1299;14.076666666666666;14.0;17.0;-3.0;14.0
1309;14.083333333333334;14.0;17.0;-3.0;14.0
1319;14.11;14.0;17.0;-3.0;14.0
1329;14.12;14.0;17.0;-3.0;14.0
1339;14.193333333333333;14.0;17.0;-3.0;14.0
1349;14.093333333333334;14.0;17.0;-3.0;14.0
1359;14.12;14.0;17.0;-3.0;14.0
1369;14.04;14.0;17.0;-3.0;14.0
1379;14.06;14.0;17.0;-3.0;14.0
1389;14.103333333333333;14.0;17.0;-3.0;14.0
1399;14.086666666666666;14.0;17.0;-3.0;14.0
1409;14.186666666666667;14.0;17.0;-3.0;14.0
1419;14.12;14.0;17.0;-3.0;14.0
1429;14.126666666666667;14.0;17.0;-3.0;14.0
1439;14.166666666666666;14.0;17.0;-3.0;14.0
1449;14.143333333333333;14.0;17.0;-3.0;14.0
1459;14.096666666666666;14.0;17.0;-3.0;14.0
1469;14.103333333333333;14.0;17.0;-3.0;14.0
1479;14.11;14.0;17.0;-3.0;14.0
1489;14.073333333333334;14.0;17.0;-3.0;14.0
1499;14.113333333333333;14.0;17.0;-3.0;14.0
1509;14.126666666666667;14.0;17.0;-3.0;14.0
1519;14.09;14.0;17.0;-3.0;14.0
1529;14.07;14.0;17.0;-3.0;14.0
1539;14.083333333333334;14.0;17.0;-3.0;14.0
1549;14.083333333333334;14.0;17.0;-3.0;14.0
1559;14.12;14.0;17.0;-3.0;14.0
1569;14.123333333333333;14.0;17.0;-3.0;14.0
1579;14.083333333333334;14.0;17.0;-3.0;14.0
1589;14.096666666666666;14.0;17.0;-3.0;14.0
1599;14.096666666666666;14.0;17.0;-3.0;14.0
1609;14.146666666666667;14.0;17.0;-3.0;14.0
1619;14.086666666666666;14.0;17.0;-3.0;14.0
1629;14.146666666666667;14.0;17.0;-3.0;14.0
1639;14.143333333333333;14.0;17.0;-3.0;14.0
1649;14.04;14.0;17.0;-3.0;14.0
1659;14.083333333333334;14.0;17.0;-3.0;14.0
1669;14.113333333333333;14.0;17.0;-3.0;14.0
1679;14.113333333333333;14.0;17.0;-3.0;14.0
1689;14.116666666666667;14.0;17.0;-3.0;14.0
1699;14.133333333333333;14.0;17.0;-3.0;14.0
1709;14.156666666666666;14.0;17.0;-3.0;14.0
1719;14.113333333333333;14.0;17.0;-3.0;14.0
1729;14.13;14.0;17.0;-3.0;14.0
1739;14.113333333333333;14.0;17.0;-3.0;14.0
1749;14.14;14.0;17.0;-3.0;14.0
1759;14.09;14.0;17.0;-3.0;14.0
1769;14.163333333333334;14.0;17.0;-3.0;14.0
1779;14.16;14.0;17.0;-3.0;14.0
1789;14.083333333333334;14.0;17.0;-3.0;14.0
1799;14.11;14.0;17.0;-3.0;14.0
1809;14.093333333333334;14.0;17.0;-3.0;14.0
1819;14.056666666666667;14.0;17.0;-3.0;14.0
1829;14.076666666666666;14.0;17.0;-3.0;14.0
1839;14.12;14.0;17.0;-3.0;14.0
1849;14.06;14.0;17.0;-3.0;14.0
1859;14.143333333333333;14.0;17.0;-3.0;14.0
1869;14.163333333333334;14.0;17.0;-3.0;14.0
1879;14.1;14.0;17.0;-3.0;14.0
1889;14.136666666666667;14.0;17.0;-3.0;14.0
1899;14.093333333333334;14.0;17.0;-3.0;14.0
1909;14.093333333333334;14.0;17.0;-3.0;14.0
1919;14.17;14.0;17.0;-3.0;14.0
1929;14.18;14.0;17.0;-3.0;14.0
1939;14.143333333333333;14.0;17.0;-3.0;14.0
1949;14.163333333333334;14.0;17.0;-3.0;14.0
1959;14.05;14.0;17.0;-3.0;14.0
1969;14.116666666666667;14.0;17.0;-3.0;14.0
1979;14.12;14.0;17.0;-3.0;14.0
1989;14.106666666666667;14.0;17.0;-3.0;14.0
1999;14.076666666666666;14.0;17.0;-3.0;14.0
2009;14.083333333333334;14.0;17.0;-3.0;14.0
2019;14.13;14.0;17.0;-3.0;14.0
2029;14.153333333333334;14.0;17.0;-3.0;14.0
2039;14.12;14.0;17.0;-3.0;14.0
2049;14.113333333333333;14.0;17.0;-3.0;14.0
2059;14.133333333333333;14.0;17.0;-3.0;14.0
2069;14.13;14.0;17.0;-3.0;14.0
2079;14.073333333333334;14.0;17.0;-3.0;14.0
2089;14.113333333333333;14.0;17.0;-3.0;14.0
2099;14.116666666666667;14.0;17.0;-3.0;14.0
2109;14.1;14.0;17.0;-3.0;14.0
2119;14.113333333333333;14.0;17.0;-3.0;14.0
2129;14.143333333333333;14.0;17.0;-3.0;14.0
2139;14.153333333333334;14.0;17.0;-3.0;14.0
2149;14.173333333333334;14.0;17.0;-3.0;14.0
2159;14.15;14.0;17.0;-3.0;14.0
2169;14.14;14.0;17.0;-3.0;14.0
2179;14.066666666666666;14.0;17.0;-3.0;14.0
2189;14.106666666666667;14.0;17.0;-3.0;14.0
2199;14.166666666666666;14.0;17.0;-3.0;14.0
2209;14.086666666666666;14.0;17.0;-3.0;14.0
2219;14.103333333333333;14.0;17.0;-3.0;14.0
2229;14.083333333333334;14.0;17.0;-3.0;14.0
2239;14.176666666666666;14.0;17.0;-3.0;14.0
2249;14.066666666666666;14.0;17.0;-3.0;14.0
2259;14.11;14.0;17.0;-3.0;14.0
2269;14.07;14.0;17.0;-3.0;14.0
2279;14.136666666666667;14.0;17.0;-3.0;14.0
2289;14.11;14.0;17.0;-3.0;14.0
2299;14.036666666666667;14.0;17.0;-3.0;14.0
2309;14.1;14.0;17.0;-3.0;14.0
2319;14.146666666666667;14.0;17.0;-3.0;14.0
2329;14.083333333333334;14.0;17.0;-3.0;14.0
2339;14.076666666666666;14.0;17.0;-3.0;14.0
2349;14.146666666666667;14.0;17.0;-3.0;14.0
2359;14.1;14.0;17.0;-3.0;14.0
2369;14.103333333333333;14.0;17.0;-3.0;14.0
2379;14.126666666666667;14.0;17.0;-3.0;14.0
2389;14.136666666666667;14.0;17.0;-3.0;14.0
2399;14.093333333333334;14.0;17.0;-3.0;14.0
2409;14.08;14.0;17.0;-3.0;14.0
2419;14.08;14.0;17.0;-3.0;14.0
2429;14.096666666666666;14.0;17.0;-3.0;14.0
2439;14.106666666666667;14.0;17.0;-3.0;14.0
2449;14.04;14.0;17.0;-3.0;14.0
2459;14.146666666666667;14.0;17.0;-3.0;14.0
2469;14.086666666666666;14.0;17.0;-3.0;14.0
2479;14.08;14.0;17.0;-3.0;14.0
2489;14.13;14.0;17.0;-3.0;14.0
2499;14.123333333333333;14.0;17.0;-3.0;14.0
2509;14.056666666666667;14.0;17.0;-3.0;14.0
2519;14.176666666666666;14.0;17.0;-3.0;14.0
2529;14.08;14.0;17.0;-3.0;14.0
2539;14.116666666666667;14.0;17.0;-3.0;14.0
2549;14.083333333333334;14.0;17.0;-3.0;14.0
2559;14.17;14.0;17.0;-3.0;14.0
2569;14.136666666666667;14.0;17.0;-3.0;14.0
2579;14.11;14.0;17.0;-3.0;14.0
2589;14.093333333333334;14.0;17.0;-3.0;14.0
2599;14.106666666666667;14.0;17.0;-3.0;14.0
2609;14.123333333333333;14.0;17.0;-3.0;14.0
2619;14.09;14.0;17.0;-3.0;14.0
2629;14.116666666666667;14.0;17.0;-3.0;14.0
2639;14.086666666666666;14.0;17.0;-3.0;14.0
2649;14.08;14.0;17.0;-3.0;14.0
2659;14.113333333333333;14.0;17.0;-3.0;14.0
2669;14.133333333333333;14.0;17.0;-3.0;14.0
2679;14.1;14.0;17.0;-3.0;14.0
2689;14.126666666666667;14.0;17.0;-3.0;14.0
2699;14.123333333333333;14.0;17.0;-3.0;14.0
2709;14.1;14.0;17.0;-3.0;14.0
2719;14.11;14.0;17.0;-3.0;14.0
2729;14.13;14.0;17.0;-3.0;14.0
2739;14.06;14.0;17.0;-3.0;14.0
2749;14.13;14.0;17.0;-3.0;14.0
2759;14.136666666666667;14.0;17.0;-3.0;14.0
2769;14.14;14.0;17.0;-3.0;14.0
2779;14.173333333333334;14.0;17.0;-3.0;14.0
2789;14.06;14.0;17.0;-3.0;14.0
2799;14.073333333333334;14.0;17.0;-3.0;14.0
2809;14.1;14.0;17.0;-3.0;14.0
2819;14.16;14.0;17.0;-3.0;14.0
2829;14.113333333333333;14.0;17.0;-3.0;14.0
2839;14.11;14.0;17.0;-3.0;14.0
2849;14.096666666666666;14.0;17.0;-3.0;14.0
2859;14.103333333333333;14.0;17.0;-3.0;14.0
2869;14.096666666666666;14.0;17.0;-3.0;14.0
2879;14.113333333333333;14.0;17.0;-3.0;14.0
2889;14.11;14.0;17.0;-3.0;14.0
2899;14.126666666666667;14.0;17.0;-3.0;14.0
2909;14.103333333333333;14.0;17.0;-3.0;14.0
2919;14.1;14.0;17.0;-3.0;14.0
2929;14.103333333333333;14.0;17.0;-3.0;14.0
2939;14.103333333333333;14.0;17.0;-3.0;14.0
2949;14.053333333333333;14.0;17.0;-3.0;14.0
2959;14.146666666666667;14.0;17.0;-3.0;14.0
2969;14.066666666666666;14.0;17.0;-3.0;14.0
2979;14.103333333333333;14.0;17.0;-3.0;14.0
2989;14.043333333333333;14.0;17.0;-3.0;14.0
2999;14.066666666666666;14.0;17.0;-3.0;14.0
3009;14.17;14.0;17.0;-3.0;14.0
3019;14.106666666666667;14.0;17.0;-3.0;14.0
3029;14.093333333333334;14.0;17.0;-3.0;14.0
3039;14.093333333333334;14.0;17.0;-3.0;14.0
3049;14.15;14.0;17.0;-3.0;14.0
3059;14.1;14.0;17.0;-3.0;14.0
3069;14.133333333333333;14.0;17.0;-3.0;14.0
3079;14.096666666666666;14.0;17.0;-3.0;14.0
3089;14.103333333333333;14.0;17.0;-3.0;14.0
3099;14.13;14.0;17.0;-3.0;14.0
3109;14.093333333333334;14.0;17.0;-3.0;14.0
3119;14.153333333333334;14.0;17.0;-3.0;14.0
3129;14.093333333333334;14.0;17.0;-3.0;14.0
3139;14.136666666666667;14.0;17.0;-3.0;14.0
3149;14.08;14.0;17.0;-3.0;14.0
3159;14.176666666666666;14.0;17.0;-3.0;14.0
3169;14.086666666666666;14.0;17.0;-3.0;14.0
3179;14.143333333333333;14.0;17.0;-3.0;14.0
3189;14.086666666666666;14.0;17.0;-3.0;14.0
3199;14.086666666666666;14.0;17.0;-3.0;14.0
3209;14.136666666666667;14.0;17.0;-3.0;14.0
3219;14.163333333333334;14.0;17.0;-3.0;14.0
3229;14.086666666666666;14.0;17.0;-3.0;14.0
3239;14.056666666666667;14.0;17.0;-3.0;14.0
3249;14.153333333333334;14.0;17.0;-3.0;14.0
3259;14.1;14.0;17.0;-3.0;14.0
3269;14.11;14.0;17.0;-3.0;14.0
3279;14.126666666666667;14.0;17.0;-3.0;14.0
3289;14.12;14.0;17.0;-3.0;14.0
3299;14.09;14.0;17.0;-3.0;14.0
3309;14.093333333333334;14.0;17.0;-3.0;14.0
3319;14.12;14.0;17.0;-3.0;14.0
3329;14.106666666666667;14.0;17.0;-3.0;14.0
3339;14.096666666666666;14.0;17.0;-3.0;14.0
3349;14.09;14.0;17.0;-3.0;14.0
3359;14.143333333333333;14.0;17.0;-3.0;14.0
3369;14.14;14.0;17.0;-3.0;14.0
3379;14.12;14.0;17.0;-3.0;14.0
3389;14.153333333333334;14.0;17.0;-3.0;14.0
3399;14.11;14.0;17.0;-3.0;14.0
3409;14.093333333333334;14.0;17.0;-3.0;14.0
3419;14.096666666666666;14.0;17.0;-3.0;14.0
3429;14.1;14.0;17.0;-3.0;14.0
3439;14.113333333333333;14.0;17.0;-3.0;14.0
3449;14.13;14.0;17.0;-3.0;14.0
3459;14.076666666666666;14.0;17.0;-3.0;14.0
3469;14.083333333333334;14.0;17.0;-3.0;14.0
3479;14.15;14.0;17.0;-3.0;14.0
3489;14.136666666666667;14.0;17.0;-3.0;14.0
3499;14.133333333333333;14.0;17.0;-3.0;14.0
3509;14.13;14.0;17.0;-3.0;14.0
3519;14.096666666666666;14.0;17.0;-3.0;14.0
3529;14.11;14.0;17.0;-3.0;14.0
3539;14.11;14.0;17.0;-3.0;14.0
3549;14.14;14.0;17.0;-3.0;14.0
3559;14.083333333333334;14.0;17.0;-3.0;14.0
3569;14.113333333333333;14.0;17.0;-3.0;14.0
3579;14.15;14.0;17.0;-3.0;14.0
3589;14.07;14.0;17.0;-3.0;14.0
3599;14.063333333333333;14.0;17.0;-3.0;14.0
3609;14.113333333333333;14.0;17.0;-3.0;14.0
3619;14.09;14.0;17.0;-3.0;14.0
3629;14.15;14.0;17.0;-3.0;14.0
3639;14.126666666666667;14.0;17.0;-3.0;14.0
3649;14.093333333333334;14.0;17.0;-3.0;14.0
3659;14.203333333333333;14.0;17.0;-3.0;14.0
3669;14.12;14.0;17.0;-3.0;14.0
3679;14.143333333333333;14.0;17.0;-3.0;14.0
3689;14.133333333333333;14.0;17.0;-3.0;14.0
3699;14.096666666666666;14.0;17.0;-3.0;14.0
3709;14.136666666666667;14.0;17.0;-3.0;14.0
3719;14.11;14.0;17.0;-3.0;14.0
3729;14.116666666666667;14.0;17.0;-3.0;14.0
3739;14.1;14.0;17.0;-3.0;14.0
3749;14.12;14.0;17.0;-3.0;14.0
3759;14.093333333333334;14.0;17.0;-3.0;14.0
3769;14.106666666666667;14.0;17.0;-3.0;14.0
3779;14.083333333333334;14.0;17.0;-3.0;14.0
3789;14.103333333333333;14.0;17.0;-3.0;14.0
3799;14.086666666666666;14.0;17.0;-3.0;14.0
3809;14.106666666666667;14.0;17.0;-3.0;14.0
3819;14.146666666666667;14.0;17.0;-3.0;14.0
3829;14.11;14.0;17.0;-3.0;14.0
3839;14.096666666666666;14.0;17.0;-3.0;14.0
3849;14.126666666666667;14.0;17.0;-3.0;14.0
3859;14.12;14.0;17.0;-3.0;14.0
3869;14.113333333333333;14.0;17.0;-3.0;14.0
3879;14.056666666666667;14.0;17.0;-3.0;14.0
3889;14.103333333333333;14.0;17.0;-3.0;14.0
3899;14.04;14.0;17.0;-3.0;14.0
3909;14.086666666666666;14.0;17.0;-3.0;14.0
3919;14.066666666666666;14.0;17.0;-3.0;14.0
3929;14.066666666666666;14.0;17.0;-3.0;14.0
3939;14.19;14.0;17.0;-3.0;14.0
3949;14.14;14.0;17.0;-3.0;14.0
3959;14.16;14.0;17.0;-3.0;14.0
3969;14.123333333333333;14.0;17.0;-3.0;14.0
3979;14.073333333333334;14.0;17.0;-3.0;14.0
3989;14.13;14.0;17.0;-3.0;14.0
3999;14.063333333333333;14.0;17.0;-3.0;14.0
4009;14.176666666666666;14.0;17.0;-3.0;14.0
4019;14.083333333333334;14.0;17.0;-3.0;14.0
4029;14.073333333333334;14.0;17.0;-3.0;14.0
4039;14.146666666666667;14.0;17.0;-3.0;14.0
4049;14.15;14.0;17.0;-3.0;14.0
4059;14.08;14.0;17.0;-3.0;14.0
4069;14.053333333333333;14.0;17.0;-3.0;14.0
4079;14.086666666666666;14.0;17.0;-3.0;14.0
4089;14.06;14.0;17.0;-3.0;14.0
4099;14.1;14.0;17.0;-3.0;14.0
4109;14.12;14.0;17.0;-3.0;14.0
4119;14.14;14.0;17.0;-3.0;14.0
4129;14.086666666666666;14.0;17.0;-3.0;14.0
4139;14.12;14.0;17.0;-3.0;14.0
4149;14.096666666666666;14.0;17.0;-3.0;14.0
4159;14.113333333333333;14.0;17.0;-3.0;14.0
4169;14.126666666666667;14.0;17.0;-3.0;14.0
4179;14.106666666666667;14.0;17.0;-3.0;14.0
4189;14.096666666666666;14.0;17.0;-3.0;14.0
4199;14.12;14.0;17.0;-3.0;14.0
4209;14.043333333333333;14.0;17.0;-3.0;14.0
4219;14.143333333333333;14.0;17.0;-3.0;14.0
4229;14.136666666666667;14.0;17.0;-3.0;14.0
4239;14.08;14.0;17.0;-3.0;14.0
4249;14.08;14.0;17.0;-3.0;14.0
4259;14.093333333333334;14.0;17.0;-3.0;14.0
4269;14.09;14.0;17.0;-3.0;14.0
4279;14.07;14.0;17.0;-3.0;14.0
4289;14.1;14.0;17.0;-3.0;14.0
4299;14.103333333333333;14.0;17.0;-3.0;14.0
4309;14.106666666666667;14.0;17.0;-3.0;14.0
4319;14.136666666666667;14.0;17.0;-3.0;14.0
4329;14.073333333333334;14.0;17.0;-3.0;14.0
4339;14.076666666666666;14.0;17.0;-3.0;14.0
4349;14.116666666666667;14.0;17.0;-3.0;14.0
4359;14.113333333333333;14.0;17.0;-3.0;14.0
4369;14.126666666666667;14.0;17.0;-3.0;14.0
4379;14.11;14.0;17.0;-3.0;14.0
4389;14.123333333333333;14.0;17.0;-3.0;14.0
4399;14.206666666666667;14.0;17.0;-3.0;14.0
4409;14.146666666666667;14.0;17.0;-3.0;14.0
4419;14.083333333333334;14.0;17.0;-3.0;14.0
4429;14.153333333333334;14.0;17.0;-3.0;14.0
4439;14.136666666666667;14.0;17.0;-3.0;14.0
4449;14.153333333333334;14.0;17.0;-3.0;14.0
4459;14.076666666666666;14.0;17.0;-3.0;14.0
4469;14.156666666666666;14.0;17.0;-3.0;14.0
4479;14.133333333333333;14.0;17.0;-3.0;14.0
4489;14.096666666666666;14.0;17.0;-3.0;14.0
4499;14.066666666666666;14.0;17.0;-3.0;14.0
4509;14.133333333333333;14.0;17.0;-3.0;14.0
4519;14.153333333333334;14.0;17.0;-3.0;14.0
4529;14.09;14.0;17.0;-3.0;14.0
4539;14.123333333333333;14.0;17.0;-3.0;14.0
4549;14.156666666666666;14.0;17.0;-3.0;14.0
4559;14.133333333333333;14.0;17.0;-3.0;14.0
4569;14.083333333333334;14.0;17.0;-3.0;14.0
4579;14.146666666666667;14.0;17.0;-3.0;14.0
4589;14.083333333333334;14.0;17.0;-3.0;14.0
4599;14.136666666666667;14.0;17.0;-3.0;14.0
4609;14.1;14.0;17.0;-3.0;14.0
4619;14.066666666666666;14.0;17.0;-3.0;14.0
4629;14.143333333333333;14.0;17.0;-3.0;14.0
4639;14.126666666666667;14.0;17.0;-3.0;14.0
4649;14.116666666666667;14.0;17.0;-3.0;14.0
4659;14.093333333333334;14.0;17.0;-3.0;14.0
4669;14.1;14.0;17.0;-3.0;14.0
4679;14.106666666666667;14.0;17.0;-3.0;14.0
4689;14.063333333333333;14.0;17.0;-3.0;14.0
4699;14.193333333333333;14.0;17.0;-3.0;14.0
4709;14.153333333333334;14.0;17.0;-3.0;14.0
4719;14.136666666666667;14.0;17.0;-3.0;14.0
4729;14.086666666666666;14.0;17.0;-3.0;14.0
4739;14.076666666666666;14.0;17.0;-3.0;14.0
4749;14.12;14.0;17.0;-3.0;14.0
4759;14.216666666666667;14.0;17.0;-3.0;14.0
4769;14.193333333333333;14.0;17.0;-3.0;14.0
4779;14.096666666666666;14.0;17.0;-3.0;14.0
4789;14.103333333333333;14.0;17.0;-3.0;14.0
4799;14.126666666666667;14.0;17.0;-3.0;14.0
4809;14.1;14.0;17.0;-3.0;14.0
4819;14.156666666666666;14.0;17.0;-3.0;14.0
4829;14.113333333333333;14.0;17.0;-3.0;14.0
4839;14.063333333333333;14.0;17.0;-3.0;14.0
4849;14.17;14.0;17.0;-3.0;14.0
4859;14.116666666666667;14.0;17.0;-3.0;14.0
4869;14.136666666666667;14.0;17.0;-3.0;14.0
4879;14.126666666666667;14.0;17.0;-3.0;14.0
4889;14.12;14.0;17.0;-3.0;14.0
4899;14.113333333333333;14.0;17.0;-3.0;14.0
4909;14.126666666666667;14.0;17.0;-3.0;14.0
4919;14.123333333333333;14.0;17.0;-3.0;14.0
4929;14.136666666666667;14.0;17.0;-3.0;14.0
4939;14.156666666666666;14.0;17.0;-3.0;14.0
4949;14.123333333333333;14.0;17.0;-3.0;14.0
4959;14.106666666666667;14.0;17.0;-3.0;14.0
4969;14.13;14.0;17.0;-3.0;14.0
4979;14.07;14.0;17.0;-3.0;14.0
4989;14.133333333333333;14.0;17.0;-3.0;14.0
4999;14.076666666666666;14.0;17.0;-3.0;14.0
5009;14.12;14.0;17.0;-3.0;14.0
5019;14.103333333333333;14.0;17.0;-3.0;14.0
5029;14.09;14.0;17.0;-3.0;14.0
5039;14.096666666666666;14.0;17.0;-3.0;14.0
5049;14.106666666666667;14.0;17.0;-3.0;14.0
5059;14.103333333333333;14.0;17.0;-3.0;14.0
5069;14.096666666666666;14.0;17.0;-3.0;14.0
5079;14.093333333333334;14.0;17.0;-3.0;14.0
5089;14.083333333333334;14.0;17.0;-3.0;14.0
5099;14.126666666666667;14.0;17.0;-3.0;14.0
5109;14.11;14.0;17.0;-3.0;14.0
5119;14.093333333333334;14.0;17.0;-3.0;14.0
5129;14.066666666666666;14.0;17.0;-3.0;14.0
5139;14.143333333333333;14.0;17.0;-3.0;14.0
5149;14.11;14.0;17.0;-3.0;14.0
5159;14.09;14.0;17.0;-3.0;14.0
5169;14.126666666666667;14.0;17.0;-3.0;14.0
5179;14.14;14.0;17.0;-3.0;14.0
5189;14.14;14.0;17.0;-3.0;14.0
5199;14.126666666666667;14.0;17.0;-3.0;14.0
5209;14.09;14.0;17.0;-3.0;14.0
5219;14.086666666666666;14.0;17.0;-3.0;14.0
5229;14.106666666666667;14.0;17.0;-3.0;14.0
5239;14.123333333333333;14.0;17.0;-3.0;14.0
5249;14.113333333333333;14.0;17.0;-3.0;14.0
5259;14.083333333333334;14.0;17.0;-3.0;14.0
5269;14.17;14.0;17.0;-3.0;14.0
5279;14.083333333333334;14.0;17.0;-3.0;14.0
5289;14.123333333333333;14.0;17.0;-3.0;14.0
5299;14.063333333333333;14.0;17.0;-3.0;14.0
5309;14.133333333333333;14.0;17.0;-3.0;14.0
5319;14.143333333333333;14.0;17.0;-3.0;14.0
5329;14.166666666666666;14.0;17.0;-3.0;14.0
5339;14.126666666666667;14.0;17.0;-3.0;14.0
5349;14.086666666666666;14.0;17.0;-3.0;14.0
5359;14.13;14.0;17.0;-3.0;14.0
5369;14.09;14.0;17.0;-3.0;14.0
5379;14.123333333333333;14.0;17.0;-3.0;14.0
5389;14.086666666666666;14.0;17.0;-3.0;14.0
5399;14.066666666666666;14.0;17.0;-3.0;14.0
5409;14.22;14.0;17.0;-3.0;14.0
5419;14.11;14.0;17.0;-3.0;14.0
5429;14.08;14.0;17.0;-3.0;14.0
5439;14.096666666666666;14.0;17.0;-3.0;14.0
5449;14.09;14.0;17.0;-3.0;14.0
5459;14.13;14.0;17.0;-3.0;14.0
5469;14.086666666666666;14.0;17.0;-3.0;14.0
5479;14.153333333333334;14.0;17.0;-3.0;14.0
5489;14.083333333333334;14.0;17.0;-3.0;14.0
5499;14.083333333333334;14.0;17.0;-3.0;14.0
5509;14.096666666666666;14.0;17.0;-3.0;14.0
5519;14.076666666666666;14.0;17.0;-3.0;14.0
5529;14.093333333333334;14.0;17.0;-3.0;14.0
5539;14.06;14.0;17.0;-3.0;14.0
5549;14.123333333333333;14.0;17.0;-3.0;14.0
5559;14.116666666666667;14.0;17.0;-3.0;14.0
5569;14.146666666666667;14.0;17.0;-3.0;14.0
5579;14.083333333333334;14.0;17.0;-3.0;14.0
5589;14.08;14.0;17.0;-3.0;14.0
5599;14.12;14.0;17.0;-3.0;14.0
5609;14.116666666666667;14.0;17.0;-3.0;14.0
5619;14.083333333333334;14.0;17.0;-3.0;14.0
5629;14.18;14.0;17.0;-3.0;14.0
5639;14.11;14.0;17.0;-3.0;14.0
5649;14.103333333333333;14.0;17.0;-3.0;14.0
5659;14.143333333333333;14.0;17.0;-3.0;14.0
5669;14.14;14.0;17.0;-3.0;14.0
5679;14.086666666666666;14.0;17.0;-3.0;14.0
5689;14.146666666666667;14.0;17.0;-3.0;14.0
5699;14.086666666666666;14.0;17.0;-3.0;14.0
5709;14.096666666666666;14.0;17.0;-3.0;14.0
5719;14.093333333333334;14.0;17.0;-3.0;14.0
5729;14.103333333333333;14.0;17.0;-3.0;14.0
5739;14.08;14.0;17.0;-3.0;14.0
5749;14.133333333333333;14.0;17.0;-3.0;14.0
5759;14.126666666666667;14.0;17.0;-3.0;14.0
5769;14.133333333333333;14.0;17.0;-3.0;14.0
5779;14.103333333333333;14.0;17.0;-3.0;14.0
5789;14.106666666666667;14.0;17.0;-3.0;14.0
5799;14.146666666666667;14.0;17.0;-3.0;14.0
5809;14.106666666666667;14.0;17.0;-3.0;14.0
5819;14.08;14.0;17.0;-3.0;14.0
5829;14.11;14.0;17.0;-3.0;14.0
5839;14.123333333333333;14.0;17.0;-3.0;14.0
5849;14.093333333333334;14.0;17.0;-3.0;14.0
5859;14.11;14.0;17.0;-3.0;14.0
5869;14.106666666666667;14.0;17.0;-3.0;14.0
5879;14.136666666666667;14.0;17.0;-3.0;14.0
5889;14.096666666666666;14.0;17.0;-3.0;14.0
5899;14.106666666666667;14.0;17.0;-3.0;14.0
5909;14.093333333333334;14.0;17.0;-3.0;14.0
5919;14.106666666666667;14.0;17.0;-3.0;14.0
5929;14.086666666666666;14.0;17.0;-3.0;14.0
5939;14.096666666666666;14.0;17.0;-3.0;14.0
5949;14.1;14.0;17.0;-3.0;14.0
5959;14.126666666666667;14.0;17.0;-3.0;14.0
5969;14.103333333333333;14.0;17.0;-3.0;14.0
5979;14.146666666666667;14.0;17.0;-3.0;14.0
5989;14.053333333333333;14.0;17.0;-3.0;14.0
5999;14.07;14.0;17.0;-3.0;14.0
6009;14.156666666666666;14.0;17.0;-3.0;14.0
6019;14.126666666666667;14.0;17.0;-3.0;14.0
6029;14.063333333333333;14.0;17.0;-3.0;14.0
6039;14.173333333333334;14.0;17.0;-3.0;14.0
6049;14.046666666666667;14.0;17.0;-3.0;14.0
6059;14.066666666666666;14.0;17.0;-3.0;14.0
6069;14.156666666666666;14.0;17.0;-3.0;14.0
6079;14.11;14.0;17.0;-3.0;14.0
6089;14.116666666666667;14.0;17.0;-3.0;14.0
6099;14.176666666666666;14.0;17.0;-3.0;14.0
6109;14.116666666666667;14.0;17.0;-3.0;14.0
6119;14.12;14.0;17.0;-3.0;14.0
6129;14.106666666666667;14.0;17.0;-3.0;14.0
6139;14.096666666666666;14.0;17.0;-3.0;14.0
6149;14.1;14.0;17.0;-3.0;14.0
6159;14.123333333333333;14.0;17.0;-3.0;14.0
6169;14.04;14.0;17.0;-3.0;14.0
6179;14.15;14.0;17.0;-3.0;14.0
6189;14.173333333333334;14.0;17.0;-3.0;14.0
6199;14.116666666666667;14.0;17.0;-3.0;14.0
6209;14.093333333333334;14.0;17.0;-3.0;14.0
6219;14.063333333333333;14.0;17.0;-3.0;14.0
6229;14.093333333333334;14.0;17.0;-3.0;14.0
6239;14.06;14.0;17.0;-3.0;14.0
6249;14.09;14.0;17.0;-3.0;14.0
6259;14.076666666666666;14.0;17.0;-3.0;14.0
6269;14.12;14.0;17.0;-3.0;14.0
6279;14.093333333333334;14.0;17.0;-3.0;14.0
6289;14.076666666666666;14.0;17.0;-3.0;14.0
6299;14.08;14.0;17.0;-3.0;14.0
6309;14.096666666666666;14.0;17.0;-3.0;14.0
6319;14.143333333333333;14.0;17.0;-3.0;14.0
6329;14.136666666666667;14.0;17.0;-3.0;14.0
6339;14.083333333333334;14.0;17.0;-3.0;14.0
6349;14.116666666666667;14.0;17.0;-3.0;14.0
6359;14.103333333333333;14.0;17.0;-3.0;14.0
6369;14.183333333333334;14.0;17.0;-3.0;14.0
6379;14.113333333333333;14.0;17.0;-3.0;14.0
6389;14.096666666666666;14.0;17.0;-3.0;14.0
6399;14.1;14.0;17.0;-3.0;14.0
6409;14.07;14.0;17.0;-3.0;14.0
6419;14.11;14.0;17.0;-3.0;14.0
6429;14.1;14.0;17.0;-3.0;14.0
6439;14.15;14.0;17.0;-3.0;14.0
6449;14.17;14.0;17.0;-3.0;14.0
6459;14.086666666666666;14.0;17.0;-3.0;14.0
6469;14.07;14.0;17.0;-3.0;14.0
6479;14.106666666666667;14.0;17.0;-3.0;14.0
6489;14.063333333333333;14.0;17.0;-3.0;14.0
6499;14.166666666666666;14.0;17.0;-3.0;14.0
6509;14.116666666666667;14.0;17.0;-3.0;14.0
6519;14.053333333333333;14.0;17.0;-3.0;14.0
6529;14.116666666666667;14.0;17.0;-3.0;14.0
6539;14.116666666666667;14.0;17.0;-3.0;14.0
6549;14.136666666666667;14.0;17.0;-3.0;14.0
6559;14.153333333333334;14.0;17.0;-3.0;14.0
6569;14.09;14.0;17.0;-3.0;14.0
6579;14.156666666666666;14.0;17.0;-3.0;14.0
6589;14.08;14.0;17.0;-3.0;14.0
6599;14.163333333333334;14.0;17.0;-3.0;14.0
6609;14.076666666666666;14.0;17.0;-3.0;14.0
6619;14.09;14.0;17.0;-3.0;14.0
6629;14.15;14.0;17.0;-3.0;14.0
6639;14.073333333333334;14.0;17.0;-3.0;14.0
6649;14.1;14.0;17.0;-3.0;14.0
6659;14.1;14.0;17.0;-3.0;14.0
6669;14.096666666666666;14.0;17.0;-3.0;14.0
6679;14.103333333333333;14.0;17.0;-3.0;14.0
6689;14.05;14.0;17.0;-3.0;14.0
6699;14.106666666666667;14.0;17.0;-3.0;14.0
6709;14.086666666666666;14.0;17.0;-3.0;14.0
6719;14.12;14.0;17.0;-3.0;14.0
6729;14.073333333333334;14.0;17.0;-3.0;14.0
6739;14.13;14.0;17.0;-3.0;14.0
6749;14.13;14.0;17.0;-3.0;14.0
6759;14.126666666666667;14.0;17.0;-3.0;14.0
6769;14.096666666666666;14.0;17.0;-3.0;14.0
6779;14.086666666666666;14.0;17.0;-3.0;14.0
6789;14.096666666666666;14.0;17.0;-3.0;14.0
6799;14.126666666666667;14.0;17.0;-3.0;14.0
6809;14.16;14.0;17.0;-3.0;14.0
6819;14.096666666666666;14.0;17.0;-3.0;14.0
6829;14.11;14.0;17.0;-3.0;14.0
6839;14.073333333333334;14.0;17.0;-3.0;14.0
6849;14.07;14.0;17.0;-3.0;14.0
6859;14.08;14.0;17.0;-3.0;14.0
6869;14.133333333333333;14.0;17.0;-3.0;14.0
6879;14.086666666666666;14.0;17.0;-3.0;14.0
6889;14.133333333333333;14.0;17.0;-3.0;14.0
6899;14.12;14.0;17.0;-3.0;14.0
6909;14.093333333333334;14.0;17.0;-3.0;14.0
6919;14.176666666666666;14.0;17.0;-3.0;14.0
6929;14.103333333333333;14.0;17.0;-3.0;14.0
6939;14.113333333333333;14.0;17.0;-3.0;14.0
6949;14.12;14.0;17.0;-3.0;14.0
6959;14.08;14.0;17.0;-3.0;14.0
6969;14.063333333333333;14.0;17.0;-3.0;14.0
6979;14.15;14.0;17.0;-3.0;14.0
6989;14.08;14.0;17.0;-3.0;14.0
6999;14.15;14.0;17.0;-3.0;14.0
7009;14.14;14.0;17.0;-3.0;14.0
7019;14.113333333333333;14.0;17.0;-3.0;14.0
7029;14.103333333333333;14.0;17.0;-3.0;14.0
7039;14.176666666666666;14.0;17.0;-3.0;14.0
7049;14.076666666666666;14.0;17.0;-3.0;14.0
7059;14.173333333333334;14.0;17.0;-3.0;14.0
7069;14.046666666666667;14.0;17.0;-3.0;14.0
7079;14.133333333333333;14.0;17.0;-3.0;14.0
7089;14.123333333333333;14.0;17.0;-3.0;14.0
7099;14.11;14.0;17.0;-3.0;14.0
7109;14.15;14.0;17.0;-3.0;14.0
7119;14.113333333333333;14.0;17.0;-3.0;14.0
7129;14.156666666666666;14.0;17.0;-3.0;14.0
7139;14.143333333333333;14.0;17.0;-3.0;14.0
7149;14.106666666666667;14.0;17.0;-3.0;14.0
7159;14.153333333333334;14.0;17.0;-3.0;14.0
7169;14.13;14.0;17.0;-3.0;14.0
7179;14.106666666666667;14.0;17.0;-3.0;14.0
7189;14.15;14.0;17.0;-3.0;14.0
7199;14.053333333333333;14.0;17.0;-3.0;14.0
7209;14.15;14.0;17.0;-3.0;14.0
7219;14.083333333333334;14.0;17.0;-3.0;14.0
7229;14.146666666666667;14.0;17.0;-3.0;14.0
7239;14.06;14.0;17.0;-3.0;14.0
7249;14.113333333333333;14.0;17.0;-3.0;14.0
7259;14.146666666666667;14.0;17.0;-3.0;14.0
7269;14.126666666666667;14.0;17.0;-3.0;14.0
7279;14.04;14.0;17.0;-3.0;14.0
7289;14.1;14.0;17.0;-3.0;14.0
7299;14.086666666666666;14.0;17.0;-3.0;14.0
7309;14.053333333333333;14.0;17.0;-3.0;14.0
7319;14.146666666666667;14.0;17.0;-3.0;14.0
7329;14.116666666666667;14.0;17.0;-3.0;14.0
7339;14.096666666666666;14.0;17.0;-3.0;14.0
7349;14.09;14.0;17.0;-3.0;14.0
7359;14.043333333333333;14.0;17.0;-3.0;14.0
7369;14.146666666666667;14.0;17.0;-3.0;14.0
7379;14.106666666666667;14.0;17.0;-3.0;14.0
7389;14.07;14.0;17.0;-3.0;14.0
7399;14.133333333333333;14.0;17.0;-3.0;14.0
7409;14.133333333333333;14.0;17.0;-3.0;14.0
7419;14.173333333333334;14.0;17.0;-3.0;14.0
7429;14.166666666666666;14.0;17.0;-3.0;14.0
7439;14.14;14.0;17.0;-3.0;14.0
7449;14.153333333333334;14.0;17.0;-3.0;14.0
7459;14.136666666666667;14.0;17.0;-3.0;14.0
7469;14.12;14.0;17.0;-3.0;14.0
7479;14.086666666666666;14.0;17.0;-3.0;14.0
7489;14.16;14.0;17.0;-3.0;14.0
7499;14.13;14.0;17.0;-3.0;14.0
7509;14.053333333333333;14.0;17.0;-3.0;14.0
7519;14.096666666666666;14.0;17.0;-3.0;14.0
7529;14.103333333333333;14.0;17.0;-3.0;14.0
7539;14.143333333333333;14.0;17.0;-3.0;14.0
7549;14.086666666666666;14.0;17.0;-3.0;14.0
7559;14.123333333333333;14.0;17.0;-3.0;14.0
7569;14.143333333333333;14.0;17.0;-3.0;14.0
7579;14.093333333333334;14.0;17.0;-3.0;14.0
7589;14.11;14.0;17.0;-3.0;14.0
7599;14.123333333333333;14.0;17.0;-3.0;14.0
7609;14.19;14.0;17.0;-3.0;14.0
7619;14.093333333333334;14.0;17.0;-3.0;14.0
7629;14.093333333333334;14.0;17.0;-3.0;14.0
7639;14.093333333333334;14.0;17.0;-3.0;14.0
7649;14.076666666666666;14.0;17.0;-3.0;14.0
7659;14.123333333333333;14.0;17.0;-3.0;14.0
7669;14.113333333333333;14.0;17.0;-3.0;14.0
7679;14.113333333333333;14.0;17.0;-3.0;14.0
7689;14.113333333333333;14.0;17.0;-3.0;14.0
7699;14.14;14.0;17.0;-3.0;14.0
7709;14.146666666666667;14.0;17.0;-3.0;14.0
7719;14.07;14.0;17.0;-3.0;14.0
7729;14.073333333333334;14.0;17.0;-3.0;14.0
7739;14.186666666666667;14.0;17.0;-3.0;14.0
7749;14.11;14.0;17.0;-3.0;14.0
7759;14.066666666666666;14.0;17.0;-3.0;14.0
7769;14.166666666666666;14.0;17.0;-3.0;14.0
7779;14.133333333333333;14.0;17.0;-3.0;14.0
7789;14.11;14.0;17.0;-3.0;14.0
7799;14.086666666666666;14.0;17.0;-3.0;14.0
7809;14.126666666666667;14.0;17.0;-3.0;14.0
7819;14.06;14.0;17.0;-3.0;14.0
7829;14.153333333333334;14.0;17.0;-3.0;14.0
7839;14.13;14.0;17.0;-3.0;14.0
7849;14.07;14.0;17.0;-3.0;14.0
7859;14.143333333333333;14.0;17.0;-3.0;14.0
7869;14.04;14.0;17.0;-3.0;14.0
7879;14.17;14.0;17.0;-3.0;14.0
7889;14.096666666666666;14.0;17.0;-3.0;14.0
7899;14.073333333333334;14.0;17.0;-3.0;14.0
7909;14.07;14.0;17.0;-3.0;14.0
7919;14.156666666666666;14.0;17.0;-3.0;14.0
7929;14.1;14.0;17.0;-3.0;14.0
7939;14.096666666666666;14.0;17.0;-3.0;14.0
7949;14.103333333333333;14.0;17.0;-3.0;14.0
7959;14.073333333333334;14.0;17.0;-3.0;14.0
7969;14.066666666666666;14.0;17.0;-3.0;14.0
7979;14.116666666666667;14.0;17.0;-3.0;14.0
7989;14.133333333333333;14.0;17.0;-3.0;14.0
7999;14.076666666666666;14.0;17.0;-3.0;14.0
8009;14.1;14.0;17.0;-3.0;14.0
8019;14.086666666666666;14.0;17.0;-3.0;14.0
8029;14.103333333333333;14.0;17.0;-3.0;14.0
8039;14.08;14.0;17.0;-3.0;14.0
8049;14.15;14.0;17.0;-3.0;14.0
8059;14.05;14.0;17.0;-3.0;14.0
8069;14.116666666666667;14.0;17.0;-3.0;14.0
8079;14.076666666666666;14.0;17.0;-3.0;14.0
8089;14.083333333333334;14.0;17.0;-3.0;14.0
8099;14.11;14.0;17.0;-3.0;14.0
8109;14.09;14.0;17.0;-3.0;14.0
8119;14.063333333333333;14.0;17.0;-3.0;14.0
8129;14.05;14.0;17.0;-3.0;14.0
8139;14.18;14.0;17.0;-3.0;14.0
8149;14.09;14.0;17.0;-3.0;14.0
8159;14.12;14.0;17.0;-3.0;14.0
8169;14.123333333333333;14.0;17.0;-3.0;14.0
8179;14.176666666666666;14.0;17.0;-3.0;14.0
8189;14.093333333333334;14.0;17.0;-3.0;14.0
8199;14.11;14.0;17.0;-3.0;14.0
8209;14.1;14.0;17.0;-3.0;14.0
8219;14.093333333333334;14.0;17.0;-3.0;14.0
8229;14.11;14.0;17.0;-3.0;14.0
8239;14.133333333333333;14.0;17.0;-3.0;14.0
8249;14.086666666666666;14.0;17.0;-3.0;14.0
8259;14.1;14.0;17.0;-3.0;14.0
8269;14.15;14.0;17.0;-3.0;14.0
8279;14.09;14.0;17.0;-3.0;14.0
8289;14.116666666666667;14.0;17.0;-3.0;14.0
8299;14.033333333333333;14.0;17.0;-3.0;14.0
8309;14.126666666666667;14.0;17.0;-3.0;14.0
8319;14.18;14.0;17.0;-3.0;14.0
8329;14.09;14.0;17.0;-3.0;14.0
8339;14.113333333333333;14.0;17.0;-3.0;14.0
8349;14.146666666666667;14.0;17.0;-3.0;14.0
8359;14.16;14.0;17.0;-3.0;14.0
8369;14.116666666666667;14.0;17.0;-3.0;14.0
8379;14.123333333333333;14.0;17.0;-3.0;14.0
8389;14.083333333333334;14.0;17.0;-3.0;14.0
8399;14.096666666666666;14.0;17.0;-3.0;14.0
8409;14.15;14.0;17.0;-3.0;14.0
8419;14.093333333333334;14.0;17.0;-3.0;14.0
8429;14.106666666666667;14.0;17.0;-3.0;14.0
8439;14.073333333333334;14.0;17.0;-3.0;14.0
8449;14.166666666666666;14.0;17.0;-3.0;14.0
8459;14.123333333333333;14.0;17.0;-3.0;14.0
8469;14.056666666666667;14.0;17.0;-3.0;14.0
8479;14.06;14.0;17.0;-3.0;14.0
8489;14.11;14.0;17.0;-3.0;14.0
8499;14.06;14.0;17.0;-3.0;14.0
8509;14.14;14.0;17.0;-3.0;14.0
8519;14.126666666666667;14.0;17.0;-3.0;14.0
8529;14.143333333333333;14.0;17.0;-3.0;14.0
8539;14.136666666666667;14.0;17.0;-3.0;14.0
8549;14.113333333333333;14.0;17.0;-3.0;14.0
8559;14.116666666666667;14.0;17.0;-3.0;14.0
8569;14.11;14.0;17.0;-3.0;14.0
8579;14.09;14.0;17.0;-3.0;14.0
8589;14.066666666666666;14.0;17.0;-3.0;14.0
8599;14.133333333333333;14.0;17.0;-3.0;14.0
8609;14.113333333333333;14.0;17.0;-3.0;14.0
8619;14.156666666666666;14.0;17.0;-3.0;14.0
8629;14.103333333333333;14.0;17.0;-3.0;14.0
8639;14.126666666666667;14.0;17.0;-3.0;14.0
8649;14.103333333333333;14.0;17.0;-3.0;14.0
8659;14.056666666666667;14.0;17.0;-3.0;14.0
8669;14.083333333333334;14.0;17.0;-3.0;14.0
8679;14.103333333333333;14.0;17.0;-3.0;14.0
8689;14.056666666666667;14.0;17.0;-3.0;14.0
8699;14.06;14.0;17.0;-3.0;14.0
8709;14.176666666666666;14.0;17.0;-3.0;14.0
8719;14.08;14.0;17.0;-3.0;14.0
8729;14.093333333333334;14.0;17.0;-3.0;14.0
8739;14.093333333333334;14.0;17.0;-3.0;14.0
8749;14.11;14.0;17.0;-3.0;14.0
8759;14.133333333333333;14.0;17.0;-3.0;14.0
8769;14.08;14.0;17.0;-3.0;14.0
8779;14.11;14.0;17.0;-3.0;14.0
8789;14.056666666666667;14.0;17.0;-3.0;14.0
8799;14.126666666666667;14.0;17.0;-3.0;14.0
8809;14.183333333333334;14.0;17.0;-3.0;14.0
8819;14.11;14.0;17.0;-3.0;14.0
8829;14.08;14.0;17.0;-3.0;14.0
8839;14.083333333333334;14.0;17.0;-3.0;14.0
8849;14.086666666666666;14.0;17.0;-3.0;14.0
8859;14.096666666666666;14.0;17.0;-3.0;14.0
8869;14.086666666666666;14.0;17.0;-3.0;14.0
8879;14.153333333333334;14.0;17.0;-3.0;14.0
8889;14.09;14.0;17.0;-3.0;14.0
8899;14.196666666666667;14.0;17.0;-3.0;14.0
8909;14.096666666666666;14.0;17.0;-3.0;14.0
8919;14.06;14.0;17.0;-3.0;14.0
8929;14.156666666666666;14.0;17.0;-3.0;14.0
8939;14.143333333333333;14.0;17.0;-3.0;14.0
8949;14.126666666666667;14.0;17.0;-3.0;14.0
8959;14.133333333333333;14.0;17.0;-3.0;14.0
8969;14.153333333333334;14.0;17.0;-3.0;14.0
8979;14.146666666666667;14.0;17.0;-3.0;14.0
8989;14.096666666666666;14.0;17.0;-3.0;14.0
8999;14.1;14.0;17.0;-3.0;14.0
9009;14.106666666666667;14.0;17.0;-3.0;14.0
9019;14.096666666666666;14.0;17.0;-3.0;14.0
9029;14.113333333333333;14.0;17.0;-3.0;14.0
9039;14.153333333333334;14.0;17.0;-3.0;14.0
9049;14.056666666666667;14.0;17.0;-3.0;14.0
9059;14.1;14.0;17.0;-3.0;14.0
9069;14.106666666666667;14.0;17.0;-3.0;14.0
9079;14.103333333333333;14.0;17.0;-3.0;14.0
9089;14.113333333333333;14.0;17.0;-3.0;14.0
9099;14.08;14.0;17.0;-3.0;14.0
9109;14.14;14.0;17.0;-3.0;14.0
9119;14.08;14.0;17.0;-3.0;14.0
9129;14.16;14.0;17.0;-3.0;14.0
9139;14.146666666666667;14.0;17.0;-3.0;14.0
9149;14.14;14.0;17.0;-3.0;14.0
9159;14.146666666666667;14.0;17.0;-3.0;14.0
9169;14.136666666666667;14.0;17.0;-3.0;14.0
9179;14.07;14.0;17.0;-3.0;14.0
9189;14.106666666666667;14.0;17.0;-3.0;14.0
9199;14.116666666666667;14.0;17.0;-3.0;14.0
9209;14.093333333333334;14.0;17.0;-3.0;14.0
9219;14.136666666666667;14.0;17.0;-3.0;14.0
9229;14.103333333333333;14.0;17.0;-3.0;14.0
9239;14.133333333333333;14.0;17.0;-3.0;14.0
9249;14.14;14.0;17.0;-3.0;14.0
9259;14.153333333333334;14.0;17.0;-3.0;14.0
9269;14.08;14.0;17.0;-3.0;14.0
9279;14.073333333333334;14.0;17.0;-3.0;14.0
9289;14.093333333333334;14.0;17.0;-3.0;14.0
9299;14.123333333333333;14.0;17.0;-3.0;14.0
9309;14.113333333333333;14.0;17.0;-3.0;14.0
9319;14.1;14.0;17.0;-3.0;14.0
9329;14.083333333333334;14.0;17.0;-3.0;14.0
9339;14.14;14.0;17.0;-3.0;14.0
9349;14.086666666666666;14.0;17.0;-3.0;14.0
9359;14.163333333333334;14.0;17.0;-3.0;14.0
9369;14.15;14.0;17.0;-3.0;14.0
9379;14.086666666666666;14.0;17.0;-3.0;14.0
9389;14.12;14.0;17.0;-3.0;14.0
9399;14.08;14.0;17.0;-3.0;14.0
9409;14.1;14.0;17.0;-3.0;14.0
9419;14.11;14.0;17.0;-3.0;14.0
9429;14.14;14.0;17.0;-3.0;14.0
9439;14.09;14.0;17.0;-3.0;14.0
9449;14.13;14.0;17.0;-3.0;14.0
9459;14.08;14.0;17.0;-3.0;14.0
9469;14.093333333333334;14.0;17.0;-3.0;14.0
9479;14.133333333333333;14.0;17.0;-3.0;14.0
9489;14.12;14.0;17.0;-3.0;14.0
9499;14.126666666666667;14.0;17.0;-3.0;14.0
9509;14.08;14.0;17.0;-3.0;14.0
9519;14.106666666666667;14.0;17.0;-3.0;14.0
9529;14.11;14.0;17.0;-3.0;14.0
9539;14.183333333333334;14.0;17.0;-3.0;14.0
9549;14.096666666666666;14.0;17.0;-3.0;14.0
9559;14.106666666666667;14.0;17.0;-3.0;14.0
9569;14.096666666666666;14.0;17.0;-3.0;14.0
9579;14.106666666666667;14.0;17.0;-3.0;14.0
9589;14.086666666666666;14.0;17.0;-3.0;14.0
9599;14.08;14.0;17.0;-3.0;14.0
9609;14.093333333333334;14.0;17.0;-3.0;14.0
9619;14.063333333333333;14.0;17.0;-3.0;14.0
9629;14.093333333333334;14.0;17.0;-3.0;14.0
9639;14.076666666666666;14.0;17.0;-3.0;14.0
9649;14.126666666666667;14.0;17.0;-3.0;14.0
9659;14.143333333333333;14.0;17.0;-3.0;14.0
9669;14.07;14.0;17.0;-3.0;14.0
9679;14.066666666666666;14.0;17.0;-3.0;14.0
9689;14.116666666666667;14.0;17.0;-3.0;14.0
9699;14.143333333333333;14.0;17.0;-3.0;14.0
9709;14.12;14.0;17.0;-3.0;14.0
9719;14.12;14.0;17.0;-3.0;14.0
9729;14.08;14.0;17.0;-3.0;14.0
9739;14.123333333333333;14.0;17.0;-3.0;14.0
9749;14.13;14.0;17.0;-3.0;14.0
9759;14.116666666666667;14.0;17.0;-3.0;14.0
9769;14.13;14.0;17.0;-3.0;14.0
9779;14.096666666666666;14.0;17.0;-3.0;14.0
9789;14.103333333333333;14.0;17.0;-3.0;14.0
9799;14.153333333333334;14.0;17.0;-3.0;14.0
9809;14.086666666666666;14.0;17.0;-3.0;14.0
9819;14.113333333333333;14.0;17.0;-3.0;14.0
9829;14.096666666666666;14.0;17.0;-3.0;14.0
9839;14.063333333333333;14.0;17.0;-3.0;14.0
9849;14.13;14.0;17.0;-3.0;14.0
9859;14.123333333333333;14.0;17.0;-3.0;14.0
9869;14.136666666666667;14.0;17.0;-3.0;14.0
9879;14.043333333333333;14.0;17.0;-3.0;14.0
9889;14.103333333333333;14.0;17.0;-3.0;14.0
9899;14.093333333333334;14.0;17.0;-3.0;14.0
9909;14.143333333333333;14.0;17.0;-3.0;14.0
9919;14.15;14.0;17.0;-3.0;14.0
9929;14.12;14.0;17.0;-3.0;14.0
9939;14.103333333333333;14.0;17.0;-3.0;14.0
9949;14.056666666666667;14.0;17.0;-3.0;14.0
9959;14.053333333333333;14.0;17.0;-3.0;14.0
9969;14.093333333333334;14.0;17.0;-3.0;14.0
9979;14.11;14.0;17.0;-3.0;14.0
9989;14.103333333333333;14.0;17.0;-3.0;14.0
9999;14.123333333333333;14.0;17.0;-3.0;14.0
10009;14.093333333333334;14.0;17.0;-3.0;14.0
10019;14.153333333333334;14.0;17.0;-3.0;14.0
10029;14.14;14.0;17.0;-3.0;14.0
10039;14.153333333333334;14.0;17.0;-3.0;14.0
10049;14.08;14.0;17.0;-3.0;14.0
10059;14.103333333333333;14.0;17.0;-3.0;14.0
10069;14.13;14.0;17.0;-3.0;14.0
10079;14.073333333333334;14.0;17.0;-3.0;14.0
10089;14.08;14.0;17.0;-3.0;14.0
10099;14.11;14.0;17.0;-3.0;14.0
10109;14.076666666666666;14.0;17.0;-3.0;14.0
10119;14.033333333333333;14.0;17.0;-3.0;14.0
10129;14.143333333333333;14.0;17.0;-3.0;14.0
10139;14.153333333333334;14.0;17.0;-3.0;14.0
10149;14.063333333333333;14.0;17.0;-3.0;14.0
10159;14.076666666666666;14.0;17.0;-3.0;14.0
10169;14.113333333333333;14.0;17.0;-3.0;14.0
10179;14.1;14.0;17.0;-3.0;14.0
10189;14.1;14.0;17.0;-3.0;14.0
10199;14.116666666666667;14.0;17.0;-3.0;14.0
10209;14.096666666666666;14.0;17.0;-3.0;14.0
10219;14.11;14.0;17.0;-3.0;14.0
10229;14.07;14.0;17.0;-3.0;14.0
10239;14.08;14.0;17.0;-3.0;14.0
10249;14.126666666666667;14.0;17.0;-3.0;14.0
10259;14.113333333333333;14.0;17.0;-3.0;14.0
10269;14.1;14.0;17.0;-3.0;14.0
10279;14.143333333333333;14.0;17.0;-3.0;14.0
10289;14.116666666666667;14.0;17.0;-3.0;14.0
10299;14.11;14.0;17.0;-3.0;14.0
10309;14.103333333333333;14.0;17.0;-3.0;14.0
10319;14.086666666666666;14.0;17.0;-3.0;14.0
10329;14.12;14.0;17.0;-3.0;14.0
10339;14.096666666666666;14.0;17.0;-3.0;14.0
10349;14.156666666666666;14.0;17.0;-3.0;14.0
10359;14.223333333333333;14.0;17.0;-3.0;14.0
10369;14.12;14.0;17.0;-3.0;14.0
10379;14.053333333333333;14.0;17.0;-3.0;14.0
10389;14.113333333333333;14.0;17.0;-3.0;14.0
10399;14.073333333333334;14.0;17.0;-3.0;14.0
10409;14.113333333333333;14.0;17.0;-3.0;14.0
10419;14.093333333333334;14.0;17.0;-3.0;14.0
10429;14.07;14.0;17.0;-3.0;14.0
10439;14.093333333333334;14.0;17.0;-3.0;14.0
10449;14.086666666666666;14.0;17.0;-3.0;14.0
10459;14.136666666666667;14.0;17.0;-3.0;14.0
10469;14.08;14.0;17.0;-3.0;14.0
10479;14.073333333333334;14.0;17.0;-3.0;14.0
10489;14.113333333333333;14.0;17.0;-3.0;14.0
10499;14.066666666666666;14.0;17.0;-3.0;14.0
10509;14.116666666666667;14.0;17.0;-3.0;14.0
10519;14.153333333333334;14.0;17.0;-3.0;14.0
10529;14.16;14.0;17.0;-3.0;14.0
10539;14.1;14.0;17.0;-3.0;14.0
10549;14.11;14.0;17.0;-3.0;14.0
10559;14.106666666666667;14.0;17.0;-3.0;14.0
10569;14.143333333333333;14.0;17.0;-3.0;14.0
10579;14.143333333333333;14.0;17.0;-3.0;14.0
10589;14.143333333333333;14.0;17.0;-3.0;14.0
10599;14.096666666666666;14.0;17.0;-3.0;14.0
10609;14.096666666666666;14.0;17.0;-3.0;14.0
10619;14.126666666666667;14.0;17.0;-3.0;14.0
10629;14.08;14.0;17.0;-3.0;14.0
10639;14.086666666666666;14.0;17.0;-3.0;14.0
10649;14.1;14.0;17.0;-3.0;14.0
10659;14.1;14.0;17.0;-3.0;14.0
10669;14.116666666666667;14.0;17.0;-3.0;14.0
10679;14.133333333333333;14.0;17.0;-3.0;14.0
10689;14.086666666666666;14.0;17.0;-3.0;14.0
10699;14.103333333333333;14.0;17.0;-3.0;14.0
10709;14.133333333333333;14.0;17.0;-3.0;14.0
10719;14.11;14.0;17.0;-3.0;14.0
10729;14.09;14.0;17.0;-3.0;14.0
10739;14.126666666666667;14.0;17.0;-3.0;14.0
10749;14.14;14.0;17.0;-3.0;14.0
10759;14.1;14.0;17.0;-3.0;14.0
10769;14.116666666666667;14.0;17.0;-3.0;14.0
10779;14.153333333333334;14.0;17.0;-3.0;14.0
10789;14.13;14.0;17.0;-3.0;14.0
10799;14.086666666666666;14.0;17.0;-3.0;14.0
10809;14.123333333333333;14.0;17.0;-3.0;14.0
10819;14.123333333333333;14.0;17.0;-3.0;14.0
10829;14.13;14.0;17.0;-3.0;14.0
10839;14.093333333333334;14.0;17.0;-3.0;14.0
10849;14.116666666666667;14.0;17.0;-3.0;14.0
10859;14.113333333333333;14.0;17.0;-3.0;14.0
10869;14.126666666666667;14.0;17.0;-3.0;14.0
10879;14.223333333333333;14.0;17.0;-3.0;14.0
10889;14.103333333333333;14.0;17.0;-3.0;14.0
10899;14.12;14.0;17.0;-3.0;14.0
10909;14.12;14.0;17.0;-3.0;14.0
10919;14.076666666666666;14.0;17.0;-3.0;14.0
10929;14.093333333333334;14.0;17.0;-3.0;14.0
10939;14.103333333333333;14.0;17.0;-3.0;14.0
10949;14.096666666666666;14.0;17.0;-3.0;14.0
10959;14.133333333333333;14.0;17.0;-3.0;14.0
10969;14.086666666666666;14.0;17.0;-3.0;14.0
10979;14.08;14.0;17.0;-3.0;14.0
10989;14.17;14.0;17.0;-3.0;14.0
10999;14.18;14.0;17.0;-3.0;14.0
11009;14.116666666666667;14.0;17.0;-3.0;14.0
11019;14.146666666666667;14.0;17.0;-3.0;14.0
11029;14.12;14.0;17.0;-3.0;14.0
11039;14.166666666666666;14.0;17.0;-3.0;14.0
11049;14.136666666666667;14.0;17.0;-3.0;14.0
11059;14.116666666666667;14.0;17.0;-3.0;14.0
11069;14.133333333333333;14.0;17.0;-3.0;14.0
11079;14.106666666666667;14.0;17.0;-3.0;14.0
11089;14.086666666666666;14.0;17.0;-3.0;14.0
11099;14.126666666666667;14.0;17.0;-3.0;14.0
11109;14.106666666666667;14.0;17.0;-3.0;14.0
11119;14.076666666666666;14.0;17.0;-3.0;14.0
11129;14.086666666666666;14.0;17.0;-3.0;14.0
11139;14.103333333333333;14.0;17.0;-3.0;14.0
11149;14.143333333333333;14.0;17.0;-3.0;14.0
11159;14.126666666666667;14.0;17.0;-3.0;14.0
11169;14.18;14.0;17.0;-3.0;14.0
11179;14.093333333333334;14.0;17.0;-3.0;14.0
11189;14.09;14.0;17.0;-3.0;14.0
11199;14.113333333333333;14.0;17.0;-3.0;14.0
11209;14.133333333333333;14.0;17.0;-3.0;14.0
11219;14.116666666666667;14.0;17.0;-3.0;14.0
11229;14.15;14.0;17.0;-3.0;14.0
11239;14.116666666666667;14.0;17.0;-3.0;14.0
11249;14.136666666666667;14.0;17.0;-3.0;14.0
11259;14.096666666666666;14.0;17.0;-3.0;14.0
11269;14.123333333333333;14.0;17.0;-3.0;14.0
11279;14.106666666666667;14.0;17.0;-3.0;14.0
11289;14.163333333333334;14.0;17.0;-3.0;14.0
11299;14.09;14.0;17.0;-3.0;14.0
11309;14.08;14.0;17.0;-3.0;14.0
11319;14.086666666666666;14.0;17.0;-3.0;14.0
11329;14.083333333333334;14.0;17.0;-3.0;14.0
11339;14.083333333333334;14.0;17.0;-3.0;14.0
11349;14.14;14.0;17.0;-3.0;14.0
11359;14.076666666666666;14.0;17.0;-3.0;14.0
11369;14.086666666666666;14.0;17.0;-3.0;14.0
11379;14.076666666666666;14.0;17.0;-3.0;14.0
11389;14.18;14.0;17.0;-3.0;14.0
11399;14.083333333333334;14.0;17.0;-3.0;14.0
11409;14.13;14.0;17.0;-3.0;14.0
11419;14.12;14.0;17.0;-3.0;14.0
11429;14.086666666666666;14.0;17.0;-3.0;14.0
11439;14.12;14.0;17.0;-3.0;14.0
11449;14.083333333333334;14.0;17.0;-3.0;14.0
11459;14.136666666666667;14.0;17.0;-3.0;14.0
11469;14.146666666666667;14.0;17.0;-3.0;14.0
11479;14.103333333333333;14.0;17.0;-3.0;14.0
11489;14.13;14.0;17.0;-3.0;14.0
11499;14.163333333333334;14.0;17.0;-3.0;14.0
11509;14.086666666666666;14.0;17.0;-3.0;14.0
11519;14.14;14.0;17.0;-3.0;14.0
11529;14.13;14.0;17.0;-3.0;14.0
11539;14.093333333333334;14.0;17.0;-3.0;14.0
11549;14.093333333333334;14.0;17.0;-3.0;14.0
11559;14.07;14.0;17.0;-3.0;14.0
11569;14.096666666666666;14.0;17.0;-3.0;14.0
11579;14.123333333333333;14.0;17.0;-3.0;14.0
11589;14.12;14.0;17.0;-3.0;14.0
11599;14.1;14.0;17.0;-3.0;14.0
11609;14.076666666666666;14.0;17.0;-3.0;14.0
11619;14.086666666666666;14.0;17.0;-3.0;14.0
11629;14.136666666666667;14.0;17.0;-3.0;14.0
11639;14.13;14.0;17.0;-3.0;14.0
11649;14.156666666666666;14.0;17.0;-3.0;14.0
11659;14.06;14.0;17.0;-3.0;14.0
11669;14.126666666666667;14.0;17.0;-3.0;14.0
11679;14.08;14.0;17.0;-3.0;14.0
11689;14.096666666666666;14.0;17.0;-3.0;14.0
11699;14.12;14.0;17.0;-3.0;14.0
11709;14.083333333333334;14.0;17.0;-3.0;14.0
11719;14.13;14.0;17.0;-3.0;14.0
11729;14.073333333333334;14.0;17.0;-3.0;14.0
11739;14.06;14.0;17.0;-3.0;14.0
11749;14.116666666666667;14.0;17.0;-3.0;14.0
11759;14.1;14.0;17.0;-3.0;14.0
11769;14.13;14.0;17.0;-3.0;14.0
11779;14.046666666666667;14.0;17.0;-3.0;14.0
11789;14.09;14.0;17.0;-3.0;14.0
11799;14.123333333333333;14.0;17.0;-3.0;14.0
11809;14.166666666666666;14.0;17.0;-3.0;14.0
11819;14.083333333333334;14.0;17.0;-3.0;14.0
11829;14.153333333333334;14.0;17.0;-3.0;14.0
11839;14.083333333333334;14.0;17.0;-3.0;14.0
11849;14.106666666666667;14.0;17.0;-3.0;14.0
11859;14.083333333333334;14.0;17.0;-3.0;14.0
11869;14.096666666666666;14.0;17.0;-3.0;14.0
11879;14.093333333333334;14.0;17.0;-3.0;14.0
11889;14.096666666666666;14.0;17.0;-3.0;14.0
11899;14.07;14.0;17.0;-3.0;14.0
11909;14.123333333333333;14.0;17.0;-3.0;14.0
11919;14.153333333333334;14.0;17.0;-3.0;14.0
11929;14.09;14.0;17.0;-3.0;14.0
11939;14.113333333333333;14.0;17.0;-3.0;14.0
11949;14.153333333333334;14.0;17.0;-3.0;14.0
11959;14.106666666666667;14.0;17.0;-3.0;14.0
11969;14.13;14.0;17.0;-3.0;14.0
11979;14.076666666666666;14.0;17.0;-3.0;14.0
11989;14.123333333333333;14.0;17.0;-3.0;14.0
11999;14.163333333333334;14.0;17.0;-3.0;14.0
12009;14.04;14.0;17.0;-3.0;14.0
12019;14.113333333333333;14.0;17.0;-3.0;14.0
12029;14.15;14.0;17.0;-3.0;14.0
12039;14.113333333333333;14.0;17.0;-3.0;14.0
12049;14.123333333333333;14.0;17.0;-3.0;14.0
12059;14.123333333333333;14.0;17.0;-3.0;14.0
12069;14.126666666666667;14.0;17.0;-3.0;14.0
12079;14.103333333333333;14.0;17.0;-3.0;14.0
12089;14.066666666666666;14.0;17.0;-3.0;14.0
12099;14.133333333333333;14.0;17.0;-3.0;14.0
12109;14.11;14.0;17.0;-3.0;14.0
12119;14.09;14.0;17.0;-3.0;14.0
12129;14.153333333333334;14.0;17.0;-3.0;14.0
12139;14.1;14.0;17.0;-3.0;14.0
12149;14.13;14.0;17.0;-3.0;14.0
12159;14.073333333333334;14.0;17.0;-3.0;14.0
12169;14.076666666666666;14.0;17.0;-3.0;14.0
12179;14.15;14.0;17.0;-3.0;14.0
12189;14.113333333333333;14.0;17.0;-3.0;14.0
12199;14.12;14.0;17.0;-3.0;14.0
12209;14.083333333333334;14.0;17.0;-3.0;14.0
12219;14.136666666666667;14.0;17.0;-3.0;14.0
12229;14.093333333333334;14.0;17.0;-3.0;14.0
12239;14.123333333333333;14.0;17.0;-3.0;14.0
12249;14.103333333333333;14.0;17.0;-3.0;14.0
12259;14.103333333333333;14.0;17.0;-3.0;14.0
12269;14.123333333333333;14.0;17.0;-3.0;14.0
12279;14.11;14.0;17.0;-3.0;14.0
12289;14.09;14.0;17.0;-3.0;14.0
12299;14.143333333333333;14.0;17.0;-3.0;14.0
12309;14.123333333333333;14.0;17.0;-3.0;14.0
12319;14.093333333333334;14.0;17.0;-3.0;14.0
12329;14.06;14.0;17.0;-3.0;14.0
12339;14.103333333333333;14.0;17.0;-3.0;14.0
12349;14.09;14.0;17.0;-3.0;14.0
12359;14.18;14.0;17.0;-3.0;14.0
12369;14.113333333333333;14.0;17.0;-3.0;14.0
12379;14.1;14.0;17.0;-3.0;14.0
12389;14.126666666666667;14.0;17.0;-3.0;14.0
12399;14.07;14.0;17.0;-3.0;14.0
12409;14.09;14.0;17.0;-3.0;14.0
12419;14.106666666666667;14.0;17.0;-3.0;14.0
12429;14.05;14.0;17.0;-3.0;14.0
12439;14.103333333333333;14.0;17.0;-3.0;14.0
12449;14.163333333333334;14.0;17.0;-3.0;14.0
12459;14.096666666666666;14.0;17.0;-3.0;14.0
12469;14.063333333333333;14.0;17.0;-3.0;14.0
12479;14.116666666666667;14.0;17.0;-3.0;14.0
12489;14.153333333333334;14.0;17.0;-3.0;14.0
12499;14.113333333333333;14.0;17.0;-3.0;14.0
12509;14.123333333333333;14.0;17.0;-3.0;14.0
12519;14.093333333333334;14.0;17.0;-3.0;14.0
12529;14.123333333333333;14.0;17.0;-3.0;14.0
12539;14.116666666666667;14.0;17.0;-3.0;14.0
12549;14.11;14.0;17.0;-3.0;14.0
12559;14.133333333333333;14.0;17.0;-3.0;14.0
12569;14.066666666666666;14.0;17.0;-3.0;14.0
12579;14.1;14.0;17.0;-3.0;14.0
12589;14.076666666666666;14.0;17.0;-3.0;14.0
12599;14.096666666666666;14.0;17.0;-3.0;14.0
12609;14.143333333333333;14.0;17.0;-3.0;14.0
12619;14.083333333333334;14.0;17.0;-3.0;14.0
12629;14.136666666666667;14.0;17.0;-3.0;14.0
12639;14.176666666666666;14.0;17.0;-3.0;14.0
12649;14.126666666666667;14.0;17.0;-3.0;14.0
12659;14.086666666666666;14.0;17.0;-3.0;14.0
12669;14.133333333333333;14.0;17.0;-3.0;14.0
12679;14.143333333333333;14.0;17.0;-3.0;14.0
12689;14.063333333333333;14.0;17.0;-3.0;14.0
12699;14.106666666666667;14.0;17.0;-3.0;14.0
12709;14.13;14.0;17.0;-3.0;14.0
12719;14.11;14.0;17.0;-3.0;14.0
12729;14.063333333333333;14.0;17.0;-3.0;14.0
12739;14.106666666666667;14.0;17.0;-3.0;14.0
12749;14.086666666666666;14.0;17.0;-3.0;14.0
12759;14.09;14.0;17.0;-3.0;14.0
12769;14.106666666666667;14.0;17.0;-3.0;14.0
12779;14.07;14.0;17.0;-3.0;14.0
12789;14.116666666666667;14.0;17.0;-3.0;14.0
12799;14.103333333333333;14.0;17.0;-3.0;14.0
12809;14.146666666666667;14.0;17.0;-3.0;14.0
12819;14.13;14.0;17.0;-3.0;14.0
12829;14.156666666666666;14.0;17.0;-3.0;14.0
12839;14.123333333333333;14.0;17.0;-3.0;14.0
12849;14.14;14.0;17.0;-3.0;14.0
12859;14.173333333333334;14.0;17.0;-3.0;14.0
12869;14.153333333333334;14.0;17.0;-3.0;14.0
12879;14.163333333333334;14.0;17.0;-3.0;14.0
12889;14.123333333333333;14.0;17.0;-3.0;14.0
12899;14.073333333333334;14.0;17.0;-3.0;14.0
12909;14.103333333333333;14.0;17.0;-3.0;14.0
12919;14.1;14.0;17.0;-3.0;14.0
12929;14.08;14.0;17.0;-3.0;14.0
12939;14.133333333333333;14.0;17.0;-3.0;14.0
12949;14.13;14.0;17.0;-3.0;14.0
12959;14.056666666666667;14.0;17.0;-3.0;14.0
12969;14.146666666666667;14.0;17.0;-3.0;14.0
12979;14.136666666666667;14.0;17.0;-3.0;14.0
12989;14.106666666666667;14.0;17.0;-3.0;14.0
12999;14.096666666666666;14.0;17.0;-3.0;14.0
13009;14.14;14.0;17.0;-3.0;14.0
13019;14.063333333333333;14.0;17.0;-3.0;14.0
13029;14.143333333333333;14.0;17.0;-3.0;14.0
13039;14.11;14.0;17.0;-3.0;14.0
13049;14.12;14.0;17.0;-3.0;14.0
13059;14.146666666666667;14.0;17.0;-3.0;14.0
13069;14.116666666666667;14.0;17.0;-3.0;14.0
13079;14.06;14.0;17.0;-3.0;14.0
13089;14.113333333333333;14.0;17.0;-3.0;14.0
13099;14.046666666666667;14.0;17.0;-3.0;14.0
13109;14.113333333333333;14.0;17.0;-3.0;14.0
13119;14.143333333333333;14.0;17.0;-3.0;14.0
13129;14.136666666666667;14.0;17.0;-3.0;14.0
13139;14.12;14.0;17.0;-3.0;14.0
13149;14.096666666666666;14.0;17.0;-3.0;14.0
13159;14.11;14.0;17.0;-3.0;14.0
13169;14.063333333333333;14.0;17.0;-3.0;14.0
13179;14.083333333333334;14.0;17.0;-3.0;14.0
13189;14.07;14.0;17.0;-3.0;14.0
13199;14.126666666666667;14.0;17.0;-3.0;14.0
13209;14.09;14.0;17.0;-3.0;14.0
13219;14.083333333333334;14.0;17.0;-3.0;14.0
13229;14.14;14.0;17.0;-3.0;14.0
13239;14.11;14.0;17.0;-3.0;14.0
13249;14.163333333333334;14.0;17.0;-3.0;14.0
13259;14.133333333333333;14.0;17.0;-3.0;14.0
13269;14.106666666666667;14.0;17.0;-3.0;14.0
13279;14.096666666666666;14.0;17.0;-3.0;14.0
13289;14.19;14.0;17.0;-3.0;14.0
13299;14.106666666666667;14.0;17.0;-3.0;14.0
13309;14.093333333333334;14.0;17.0;-3.0;14.0
13319;14.08;14.0;17.0;-3.0;14.0
13329;14.116666666666667;14.0;17.0;-3.0;14.0
13339;14.136666666666667;14.0;17.0;-3.0;14.0
13349;14.126666666666667;14.0;17.0;-3.0;14.0
13359;14.12;14.0;17.0;-3.0;14.0
13369;14.106666666666667;14.0;17.0;-3.0;14.0
13379;14.123333333333333;14.0;17.0;-3.0;14.0
13389;14.096666666666666;14.0;17.0;-3.0;14.0
13399;14.103333333333333;14.0;17.0;-3.0;14.0
13409;14.06;14.0;17.0;-3.0;14.0
13419;14.116666666666667;14.0;17.0;-3.0;14.0
13429;14.09;14.0;17.0;-3.0;14.0
13439;14.1;14.0;17.0;-3.0;14.0
13449;14.093333333333334;14.0;17.0;-3.0;14.0
13459;14.08;14.0;17.0;-3.0;14.0
13469;14.05;14.0;17.0;-3.0;14.0
13479;14.103333333333333;14.0;17.0;-3.0;14.0
13489;14.076666666666666;14.0;17.0;-3.0;14.0
13499;14.13;14.0;17.0;-3.0;14.0
13509;14.083333333333334;14.0;17.0;-3.0;14.0
13519;14.086666666666666;14.0;17.0;-3.0;14.0
13529;14.106666666666667;14.0;17.0;-3.0;14.0
13539;14.136666666666667;14.0;17.0;-3.0;14.0
13549;14.113333333333333;14.0;17.0;-3.0;14.0
13559;14.126666666666667;14.0;17.0;-3.0;14.0
13569;14.083333333333334;14.0;17.0;-3.0;14.0
13579;14.103333333333333;14.0;17.0;-3.0;14.0
13589;14.1;14.0;17.0;-3.0;14.0
13599;14.086666666666666;14.0;17.0;-3.0;14.0
13609;14.09;14.0;17.0;-3.0;14.0
13619;14.126666666666667;14.0;17.0;-3.0;14.0
13629;14.113333333333333;14.0;17.0;-3.0;14.0
13639;14.146666666666667;14.0;17.0;-3.0;14.0
13649;14.096666666666666;14.0;17.0;-3.0;14.0
13659;14.093333333333334;14.0;17.0;-3.0;14.0
13669;14.14;14.0;17.0;-3.0;14.0
13679;14.103333333333333;14.0;17.0;-3.0;14.0
13689;14.073333333333334;14.0;17.0;-3.0;14.0
13699;14.12;14.0;17.0;-3.0;14.0
13709;14.046666666666667;14.0;17.0;-3.0;14.0
13719;14.096666666666666;14.0;17.0;-3.0;14.0
13729;14.14;14.0;17.0;-3.0;14.0
13739;14.173333333333334;14.0;17.0;-3.0;14.0
13749;14.153333333333334;14.0;17.0;-3.0;14.0
13759;14.103333333333333;14.0;17.0;-3.0;14.0
13769;14.096666666666666;14.0;17.0;-3.0;14.0
13779;14.1;14.0;17.0;-3.0;14.0
13789;14.126666666666667;14.0;17.0;-3.0;14.0
13799;14.153333333333334;14.0;17.0;-3.0;14.0
13809;14.143333333333333;14.0;17.0;-3.0;14.0
13819;14.106666666666667;14.0;17.0;-3.0;14.0
13829;14.056666666666667;14.0;17.0;-3.0;14.0
13839;14.073333333333334;14.0;17.0;-3.0;14.0
13849;14.086666666666666;14.0;17.0;-3.0;14.0
13859;14.076666666666666;14.0;17.0;-3.0;14.0
13869;14.126666666666667;14.0;17.0;-3.0;14.0
13879;14.186666666666667;14.0;17.0;-3.0;14.0
13889;14.136666666666667;14.0;17.0;-3.0;14.0
13899;14.063333333333333;14.0;17.0;-3.0;14.0
13909;14.143333333333333;14.0;17.0;-3.0;14.0
13919;14.11;14.0;17.0;-3.0;14.0
13929;14.063333333333333;14.0;17.0;-3.0;14.0
13939;14.103333333333333;14.0;17.0;-3.0;14.0
13949;14.11;14.0;17.0;-3.0;14.0
13959;14.036666666666667;14.0;17.0;-3.0;14.0
13969;14.09;14.0;17.0;-3.0;14.0
13979;14.123333333333333;14.0;17.0;-3.0;14.0
13989;14.103333333333333;14.0;17.0;-3.0;14.0
13999;14.086666666666666;14.0;17.0;-3.0;14.0
14009;14.16;14.0;17.0;-3.0;14.0
14019;14.116666666666667;14.0;17.0;-3.0;14.0
14029;14.106666666666667;14.0;17.0;-3.0;14.0
14039;14.13;14.0;17.0;-3.0;14.0
14049;14.093333333333334;14.0;17.0;-3.0;14.0
14059;14.13;14.0;17.0;-3.0;14.0
14069;14.07;14.0;17.0;-3.0;14.0
14079;14.14;14.0;17.0;-3.0;14.0
14089;14.153333333333334;14.0;17.0;-3.0;14.0
14099;14.09;14.0;17.0;-3.0;14.0
14109;14.09;14.0;17.0;-3.0;14.0
14119;14.103333333333333;14.0;17.0;-3.0;14.0
14129;14.07;14.0;17.0;-3.0;14.0
14139;14.106666666666667;14.0;17.0;-3.0;14.0
14149;14.183333333333334;14.0;17.0;-3.0;14.0
14159;14.116666666666667;14.0;17.0;-3.0;14.0
14169;14.076666666666666;14.0;17.0;-3.0;14.0
14179;14.093333333333334;14.0;17.0;-3.0;14.0
14189;14.106666666666667;14.0;17.0;-3.0;14.0
14199;14.126666666666667;14.0;17.0;-3.0;14.0
14209;14.156666666666666;14.0;17.0;-3.0;14.0
14219;14.126666666666667;14.0;17.0;-3.0;14.0
14229;14.096666666666666;14.0;17.0;-3.0;14.0
14239;14.083333333333334;14.0;17.0;-3.0;14.0
14249;14.116666666666667;14.0;17.0;-3.0;14.0
14259;14.126666666666667;14.0;17.0;-3.0;14.0
14269;14.05;14.0;17.0;-3.0;14.0
14279;14.126666666666667;14.0;17.0;-3.0;14.0
14289;14.123333333333333;14.0;17.0;-3.0;14.0
14299;14.086666666666666;14.0;17.0;-3.0;14.0
14309;14.173333333333334;14.0;17.0;-3.0;14.0
14319;14.1;14.0;17.0;-3.0;14.0
14329;14.1;14.0;17.0;-3.0;14.0
14339;14.093333333333334;14.0;17.0;-3.0;14.0
14349;14.153333333333334;14.0;17.0;-3.0;14.0
14359;14.086666666666666;14.0;17.0;-3.0;14.0
14369;14.116666666666667;14.0;17.0;-3.0;14.0
14379;14.11;14.0;17.0;-3.0;14.0
14389;14.103333333333333;14.0;17.0;-3.0;14.0
14399;14.12;14.0;17.0;-3.0;14.0
14409;14.146666666666667;14.0;17.0;-3.0;14.0
14419;14.113333333333333;14.0;17.0;-3.0;14.0
14429;14.09;14.0;17.0;-3.0;14.0
14439;14.066666666666666;14.0;17.0;-3.0;14.0
14449;14.106666666666667;14.0;17.0;-3.0;14.0
14459;14.166666666666666;14.0;17.0;-3.0;14.0
14469;14.11;14.0;17.0;-3.0;14.0
14479;14.116666666666667;14.0;17.0;-3.0;14.0
14489;14.05;14.0;17.0;-3.0;14.0
14499;14.076666666666666;14.0;17.0;-3.0;14.0
14509;14.116666666666667;14.0;17.0;-3.0;14.0
14519;14.096666666666666;14.0;17.0;-3.0;14.0
14529;14.133333333333333;14.0;17.0;-3.0;14.0
14539;14.15;14.0;17.0;-3.0;14.0
14549;14.106666666666667;14.0;17.0;-3.0;14.0
14559;14.043333333333333;14.0;17.0;-3.0;14.0
14569;14.086666666666666;14.0;17.0;-3.0;14.0
14579;14.09;14.0;17.0;-3.0;14.0
14589;14.136666666666667;14.0;17.0;-3.0;14.0
14599;14.093333333333334;14.0;17.0;-3.0;14.0
14609;14.213333333333333;14.0;17.0;-3.0;14.0
14619;14.11;14.0;17.0;-3.0;14.0
14629;14.153333333333334;14.0;17.0;-3.0;14.0
14639;14.1;14.0;17.0;-3.0;14.0
14649;14.153333333333334;14.0;17.0;-3.0;14.0
14659;14.146666666666667;14.0;17.0;-3.0;14.0
14669;14.086666666666666;14.0;17.0;-3.0;14.0
14679;14.196666666666667;14.0;17.0;-3.0;14.0
14689;14.13;14.0;17.0;-3.0;14.0
14699;14.106666666666667;14.0;17.0;-3.0;14.0
14709;14.096666666666666;14.0;17.0;-3.0;14.0
14719;14.066666666666666;14.0;17.0;-3.0;14.0
14729;14.146666666666667;14.0;17.0;-3.0;14.0
14739;14.123333333333333;14.0;17.0;-3.0;14.0
14749;14.11;14.0;17.0;-3.0;14.0
14759;14.113333333333333;14.0;17.0;-3.0;14.0
14769;14.103333333333333;14.0;17.0;-3.0;14.0
14779;14.093333333333334;14.0;17.0;-3.0;14.0
14789;14.1;14.0;17.0;-3.0;14.0
14799;14.106666666666667;14.0;17.0;-3.0;14.0
14809;14.163333333333334;14.0;17.0;-3.0;14.0
14819;14.126666666666667;14.0;17.0;-3.0;14.0
14829;14.186666666666667;14.0;17.0;-3.0;14.0
14839;14.113333333333333;14.0;17.0;-3.0;14.0
14849;14.146666666666667;14.0;17.0;-3.0;14.0
14859;14.1;14.0;17.0;-3.0;14.0
14869;14.086666666666666;14.0;17.0;-3.0;14.0
14879;14.106666666666667;14.0;17.0;-3.0;14.0
14889;14.13;14.0;17.0;-3.0;14.0
14899;14.15;14.0;17.0;-3.0;14.0
14909;14.053333333333333;14.0;17.0;-3.0;14.0
14919;14.086666666666666;14.0;17.0;-3.0;14.0
14929;14.136666666666667;14.0;17.0;-3.0;14.0
14939;14.17;14.0;17.0;-3.0;14.0
14949;14.153333333333334;14.0;17.0;-3.0;14.0
14959;14.093333333333334;14.0;17.0;-3.0;14.0
14969;14.156666666666666;14.0;17.0;-3.0;14.0
14979;14.13;14.0;17.0;-3.0;14.0
14989;14.15;14.0;17.0;-3.0;14.0
14999;14.096666666666666;14.0;17.0;-3.0;14.0
