geracao;media da geracao;fitness do melhor da geracao;fitness do pior da geracao;relacao entre melhor e pior;fitness do melhor da run
Probabilidade Recombinação: 0.7
Probabilidade Mutação: 0.049999999999999996
Tipo de Selecção: Torneio
Tipo de Mutação: Simples Al.
Tamanho População: 300
Máximo de Gerações: 15000
0;76.64;63.0;96.0;-33.0;63.0
0;67.65;58.0;77.0;-19.0;58.0
9;48.91;47.0;52.0;-5.0;47.0
19;42.906666666666666;40.0;46.0;-6.0;40.0
29;33.89333333333333;32.0;37.0;-5.0;32.0
39;31.046666666666667;31.0;34.0;-3.0;31.0
49;30.003333333333334;29.0;33.0;-4.0;29.0
59;27.04;26.0;30.0;-4.0;26.0
69;26.07;26.0;29.0;-3.0;26.0
79;25.106666666666666;25.0;28.0;-3.0;25.0
89;25.10333333333333;25.0;28.0;-3.0;25.0
99;25.08;25.0;28.0;-3.0;25.0
109;25.126666666666665;25.0;28.0;-3.0;25.0
119;24.016666666666666;24.0;26.0;-2.0;24.0
129;23.35333333333333;23.0;27.0;-4.0;23.0
139;21.086666666666666;21.0;24.0;-3.0;21.0
149;21.07;21.0;24.0;-3.0;21.0
159;21.12;21.0;24.0;-3.0;21.0
169;20.106666666666666;20.0;23.0;-3.0;20.0
179;20.093333333333334;20.0;23.0;-3.0;20.0
189;20.123333333333335;20.0;23.0;-3.0;20.0
199;20.133333333333333;20.0;23.0;-3.0;20.0
209;20.086666666666666;20.0;23.0;-3.0;20.0
219;20.086666666666666;20.0;23.0;-3.0;20.0
229;20.1;20.0;23.0;-3.0;20.0
239;20.08;20.0;23.0;-3.0;20.0
249;20.14666666666667;20.0;23.0;-3.0;20.0
259;20.096666666666668;20.0;23.0;-3.0;20.0
269;20.163333333333334;20.0;23.0;-3.0;20.0
279;20.15;20.0;23.0;-3.0;20.0
289;20.053333333333335;20.0;23.0;-3.0;20.0
299;20.10333333333333;20.0;23.0;-3.0;20.0
309;20.073333333333334;20.0;23.0;-3.0;20.0
319;20.096666666666668;20.0;23.0;-3.0;20.0
329;20.076666666666668;20.0;23.0;-3.0;20.0
339;20.163333333333334;20.0;23.0;-3.0;20.0
349;20.143333333333334;20.0;23.0;-3.0;20.0
359;20.07;20.0;23.0;-3.0;20.0
369;20.13;20.0;23.0;-3.0;20.0
379;19.076666666666668;19.0;22.0;-3.0;19.0
389;18.166666666666668;18.0;21.0;-3.0;18.0
399;18.096666666666668;18.0;21.0;-3.0;18.0
409;18.08;18.0;21.0;-3.0;18.0
419;18.083333333333332;18.0;21.0;-3.0;18.0
429;18.106666666666666;18.0;21.0;-3.0;18.0
439;18.063333333333333;18.0;21.0;-3.0;18.0
449;18.116666666666667;18.0;21.0;-3.0;18.0
459;18.096666666666668;18.0;21.0;-3.0;18.0
469;18.083333333333332;18.0;21.0;-3.0;18.0
479;18.10333333333333;18.0;21.0;-3.0;18.0
489;18.126666666666665;18.0;21.0;-3.0;18.0
499;18.10333333333333;18.0;21.0;-3.0;18.0
509;18.12;18.0;21.0;-3.0;18.0
519;18.11;18.0;21.0;-3.0;18.0
529;18.126666666666665;18.0;21.0;-3.0;18.0
539;18.063333333333333;18.0;21.0;-3.0;18.0
549;18.17;18.0;21.0;-3.0;18.0
559;18.1;18.0;21.0;-3.0;18.0
569;18.136666666666667;18.0;21.0;-3.0;18.0
579;18.153333333333332;18.0;21.0;-3.0;18.0
589;18.106666666666666;18.0;21.0;-3.0;18.0
599;18.06;18.0;21.0;-3.0;18.0
609;18.10333333333333;18.0;21.0;-3.0;18.0
619;18.163333333333334;18.0;21.0;-3.0;18.0
629;18.12;18.0;21.0;-3.0;18.0
639;18.10333333333333;18.0;21.0;-3.0;18.0
649;18.12;18.0;21.0;-3.0;18.0
659;18.083333333333332;18.0;21.0;-3.0;18.0
669;18.05666666666667;18.0;21.0;-3.0;18.0
679;17.116666666666667;17.0;20.0;-3.0;17.0
689;17.063333333333333;17.0;20.0;-3.0;17.0
699;16.153333333333332;16.0;19.0;-3.0;16.0
709;16.123333333333335;16.0;19.0;-3.0;16.0
719;16.106666666666666;16.0;19.0;-3.0;16.0
729;16.08;16.0;19.0;-3.0;16.0
739;16.133333333333333;16.0;19.0;-3.0;16.0
749;16.166666666666668;16.0;19.0;-3.0;16.0
759;16.14;16.0;19.0;-3.0;16.0
769;16.07;16.0;19.0;-3.0;16.0
779;16.173333333333332;16.0;19.0;-3.0;16.0
789;16.11;16.0;19.0;-3.0;16.0
799;16.133333333333333;16.0;19.0;-3.0;16.0
809;16.106666666666666;16.0;19.0;-3.0;16.0
819;16.05;16.0;19.0;-3.0;16.0
829;16.126666666666665;16.0;19.0;-3.0;16.0
839;16.113333333333333;16.0;19.0;-3.0;16.0
849;16.13;16.0;19.0;-3.0;16.0
859;16.12;16.0;19.0;-3.0;16.0
869;16.116666666666667;16.0;19.0;-3.0;16.0
879;16.113333333333333;16.0;19.0;-3.0;16.0
889;16.136666666666667;16.0;19.0;-3.0;16.0
899;16.076666666666668;16.0;19.0;-3.0;16.0
909;16.106666666666666;16.0;19.0;-3.0;16.0
919;16.083333333333332;16.0;19.0;-3.0;16.0
929;16.093333333333334;16.0;19.0;-3.0;16.0
939;16.11;16.0;19.0;-3.0;16.0
949;16.13;16.0;19.0;-3.0;16.0
959;16.13;16.0;19.0;-3.0;16.0
969;16.116666666666667;16.0;19.0;-3.0;16.0
979;16.06;16.0;19.0;-3.0;16.0
989;16.083333333333332;16.0;19.0;-3.0;16.0
999;16.12;16.0;19.0;-3.0;16.0
1009;16.13;16.0;19.0;-3.0;16.0
1019;16.05666666666667;16.0;19.0;-3.0;16.0
1029;16.133333333333333;16.0;19.0;-3.0;16.0
1039;16.076666666666668;16.0;19.0;-3.0;16.0
1049;16.11;16.0;19.0;-3.0;16.0
1059;16.116666666666667;16.0;19.0;-3.0;16.0
1069;16.133333333333333;16.0;19.0;-3.0;16.0
1079;16.086666666666666;16.0;19.0;-3.0;16.0
1089;16.123333333333335;16.0;19.0;-3.0;16.0
1099;16.10333333333333;16.0;19.0;-3.0;16.0
1109;16.126666666666665;16.0;19.0;-3.0;16.0
1119;16.083333333333332;16.0;19.0;-3.0;16.0
1129;16.08;16.0;19.0;-3.0;16.0
1139;16.14666666666667;16.0;19.0;-3.0;16.0
1149;16.166666666666668;16.0;19.0;-3.0;16.0
1159;16.08;16.0;19.0;-3.0;16.0
1169;16.16;16.0;19.0;-3.0;16.0
1179;16.09;16.0;19.0;-3.0;16.0
1189;16.026666666666667;16.0;19.0;-3.0;16.0
1199;16.10333333333333;16.0;19.0;-3.0;16.0
1209;16.04;16.0;19.0;-3.0;16.0
1219;16.11;16.0;19.0;-3.0;16.0
1229;16.14666666666667;16.0;19.0;-3.0;16.0
1239;16.046666666666667;16.0;19.0;-3.0;16.0
1249;16.083333333333332;16.0;19.0;-3.0;16.0
1259;16.116666666666667;16.0;19.0;-3.0;16.0
1269;16.106666666666666;16.0;19.0;-3.0;16.0
1279;16.096666666666668;16.0;19.0;-3.0;16.0
1289;16.06;16.0;19.0;-3.0;16.0
1299;16.09;16.0;19.0;-3.0;16.0
1309;16.09;16.0;19.0;-3.0;16.0
1319;16.113333333333333;16.0;19.0;-3.0;16.0
1329;16.13;16.0;19.0;-3.0;16.0
1339;16.16;16.0;19.0;-3.0;16.0
1349;16.093333333333334;16.0;19.0;-3.0;16.0
1359;16.11;16.0;19.0;-3.0;16.0
1369;16.036666666666665;16.0;19.0;-3.0;16.0
1379;16.053333333333335;16.0;19.0;-3.0;16.0
1389;16.09;16.0;19.0;-3.0;16.0
1399;16.10333333333333;16.0;19.0;-3.0;16.0
1409;16.163333333333334;16.0;19.0;-3.0;16.0
1419;16.07;16.0;19.0;-3.0;16.0
1429;16.153333333333332;16.0;19.0;-3.0;16.0
1439;16.15;16.0;19.0;-3.0;16.0
1449;16.093333333333334;16.0;19.0;-3.0;16.0
1459;16.12;16.0;19.0;-3.0;16.0
1469;16.096666666666668;16.0;19.0;-3.0;16.0
1479;16.096666666666668;16.0;19.0;-3.0;16.0
1489;16.096666666666668;16.0;19.0;-3.0;16.0
1499;16.14;16.0;19.0;-3.0;16.0
1509;16.10333333333333;16.0;19.0;-3.0;16.0
1519;16.093333333333334;16.0;19.0;-3.0;16.0
1529;16.10333333333333;16.0;19.0;-3.0;16.0
1539;16.086666666666666;16.0;19.0;-3.0;16.0
1549;16.086666666666666;16.0;19.0;-3.0;16.0
1559;16.10333333333333;16.0;19.0;-3.0;16.0
1569;16.126666666666665;16.0;19.0;-3.0;16.0
1579;16.093333333333334;16.0;19.0;-3.0;16.0
1589;16.083333333333332;16.0;19.0;-3.0;16.0
1599;16.076666666666668;16.0;19.0;-3.0;16.0
1609;16.113333333333333;16.0;19.0;-3.0;16.0
1619;16.1;16.0;19.0;-3.0;16.0
1629;16.13;16.0;19.0;-3.0;16.0
1639;16.113333333333333;16.0;19.0;-3.0;16.0
1649;16.04;16.0;19.0;-3.0;16.0
1659;16.096666666666668;16.0;19.0;-3.0;16.0
1669;16.106666666666666;16.0;19.0;-3.0;16.0
1679;16.096666666666668;16.0;19.0;-3.0;16.0
1689;16.106666666666666;16.0;19.0;-3.0;16.0
1699;16.123333333333335;16.0;19.0;-3.0;16.0
1709;16.17;16.0;19.0;-3.0;16.0
1719;16.126666666666665;16.0;19.0;-3.0;16.0
1729;16.123333333333335;16.0;19.0;-3.0;16.0
1739;16.116666666666667;16.0;19.0;-3.0;16.0
1749;16.14666666666667;16.0;19.0;-3.0;16.0
1759;16.1;16.0;19.0;-3.0;16.0
1769;16.16;16.0;19.0;-3.0;16.0
1779;16.126666666666665;16.0;19.0;-3.0;16.0
1789;16.096666666666668;16.0;19.0;-3.0;16.0
1799;16.113333333333333;16.0;19.0;-3.0;16.0
1809;16.12;16.0;19.0;-3.0;16.0
1819;16.053333333333335;16.0;19.0;-3.0;16.0
1829;16.08;16.0;19.0;-3.0;16.0
1839;16.12;16.0;19.0;-3.0;16.0
1849;16.076666666666668;16.0;19.0;-3.0;16.0
1859;16.116666666666667;16.0;19.0;-3.0;16.0
1869;16.123333333333335;16.0;19.0;-3.0;16.0
1879;16.10333333333333;16.0;19.0;-3.0;16.0
1889;16.143333333333334;16.0;19.0;-3.0;16.0
1899;16.093333333333334;16.0;19.0;-3.0;16.0
1909;16.106666666666666;16.0;19.0;-3.0;16.0
1919;16.156666666666666;16.0;19.0;-3.0;16.0
1929;16.163333333333334;16.0;19.0;-3.0;16.0
1939;16.12;16.0;19.0;-3.0;16.0
1949;16.143333333333334;16.0;19.0;-3.0;16.0
1959;16.05666666666667;16.0;19.0;-3.0;16.0
1969;16.116666666666667;16.0;19.0;-3.0;16.0
1979;16.11;16.0;19.0;-3.0;16.0
1989;16.093333333333334;16.0;19.0;-3.0;16.0
1999;16.086666666666666;16.0;19.0;-3.0;16.0
2009;16.083333333333332;16.0;19.0;-3.0;16.0
2019;16.1;16.0;19.0;-3.0;16.0
2029;16.12;16.0;19.0;-3.0;16.0
2039;16.126666666666665;16.0;19.0;-3.0;16.0
2049;16.093333333333334;16.0;19.0;-3.0;16.0
2059;16.163333333333334;16.0;19.0;-3.0;16.0
2069;16.143333333333334;16.0;19.0;-3.0;16.0
2079;16.063333333333333;16.0;19.0;-3.0;16.0
2089;16.093333333333334;16.0;19.0;-3.0;16.0
2099;16.09;16.0;19.0;-3.0;16.0
2109;16.1;16.0;19.0;-3.0;16.0
2119;16.13;16.0;19.0;-3.0;16.0
2129;16.14666666666667;16.0;19.0;-3.0;16.0
2139;16.14;16.0;19.0;-3.0;16.0
2149;16.133333333333333;16.0;19.0;-3.0;16.0
2159;16.076666666666668;16.0;19.0;-3.0;16.0
2169;16.123333333333335;16.0;19.0;-3.0;16.0
2179;16.076666666666668;16.0;19.0;-3.0;16.0
2189;16.113333333333333;16.0;19.0;-3.0;16.0
2199;16.153333333333332;16.0;19.0;-3.0;16.0
2209;16.066666666666666;16.0;19.0;-3.0;16.0
2219;16.096666666666668;16.0;19.0;-3.0;16.0
2229;16.07;16.0;19.0;-3.0;16.0
2239;16.106666666666666;16.0;19.0;-3.0;16.0
2249;16.053333333333335;16.0;19.0;-3.0;16.0
2259;16.10333333333333;16.0;19.0;-3.0;16.0
2269;16.05666666666667;16.0;19.0;-3.0;16.0
2279;16.106666666666666;16.0;19.0;-3.0;16.0
2289;16.1;16.0;19.0;-3.0;16.0
2299;16.033333333333335;16.0;19.0;-3.0;16.0
2309;16.086666666666666;16.0;19.0;-3.0;16.0
2319;16.14;16.0;19.0;-3.0;16.0
2329;16.076666666666668;16.0;19.0;-3.0;16.0
2339;16.1;16.0;19.0;-3.0;16.0
2349;16.113333333333333;16.0;19.0;-3.0;16.0
2359;16.073333333333334;16.0;19.0;-3.0;16.0
2369;16.09;16.0;19.0;-3.0;16.0
2379;16.106666666666666;16.0;19.0;-3.0;16.0
2389;16.153333333333332;16.0;19.0;-3.0;16.0
2399;16.083333333333332;16.0;19.0;-3.0;16.0
2409;16.096666666666668;16.0;19.0;-3.0;16.0
2419;16.09;16.0;19.0;-3.0;16.0
2429;16.07;16.0;19.0;-3.0;16.0
2439;16.126666666666665;16.0;19.0;-3.0;16.0
2449;16.033333333333335;16.0;19.0;-3.0;16.0
2459;16.17;16.0;19.0;-3.0;16.0
2469;16.09;16.0;19.0;-3.0;16.0
2479;16.1;16.0;19.0;-3.0;16.0
2489;16.12;16.0;19.0;-3.0;16.0
2499;16.116666666666667;16.0;19.0;-3.0;16.0
2509;16.076666666666668;16.0;19.0;-3.0;16.0
2519;16.166666666666668;16.0;19.0;-3.0;16.0
2529;16.106666666666666;16.0;19.0;-3.0;16.0
2539;16.12;16.0;19.0;-3.0;16.0
2549;16.07;16.0;19.0;-3.0;16.0
2559;16.15;16.0;19.0;-3.0;16.0
2569;16.096666666666668;16.0;19.0;-3.0;16.0
2579;16.126666666666665;16.0;19.0;-3.0;16.0
2589;16.096666666666668;16.0;19.0;-3.0;16.0
2599;16.09;16.0;19.0;-3.0;16.0
2609;16.126666666666665;16.0;19.0;-3.0;16.0
2619;16.116666666666667;16.0;19.0;-3.0;16.0
2629;16.08;16.0;19.0;-3.0;16.0
2639;16.066666666666666;16.0;19.0;-3.0;16.0
2649;16.08;16.0;19.0;-3.0;16.0
2659;16.11;16.0;19.0;-3.0;16.0
2669;16.136666666666667;16.0;19.0;-3.0;16.0
2679;16.093333333333334;16.0;19.0;-3.0;16.0
2689;16.11;16.0;19.0;-3.0;16.0
2699;16.113333333333333;16.0;19.0;-3.0;16.0
2709;16.083333333333332;16.0;19.0;-3.0;16.0
2719;16.09;16.0;19.0;-3.0;16.0
2729;16.11;16.0;19.0;-3.0;16.0
2739;16.046666666666667;16.0;19.0;-3.0;16.0
2749;16.123333333333335;16.0;19.0;-3.0;16.0
2759;16.126666666666665;16.0;19.0;-3.0;16.0
2769;16.14666666666667;16.0;19.0;-3.0;16.0
2779;16.16;16.0;19.0;-3.0;16.0
2789;16.063333333333333;16.0;19.0;-3.0;16.0
2799;16.1;16.0;19.0;-3.0;16.0
2809;16.09;16.0;19.0;-3.0;16.0
2819;16.183333333333334;16.0;19.0;-3.0;16.0
2829;16.106666666666666;16.0;19.0;-3.0;16.0
2839;16.143333333333334;16.0;19.0;-3.0;16.0
2849;16.093333333333334;16.0;19.0;-3.0;16.0
2859;16.083333333333332;16.0;19.0;-3.0;16.0
2869;16.086666666666666;16.0;19.0;-3.0;16.0
2879;16.12;16.0;19.0;-3.0;16.0
2889;16.076666666666668;16.0;19.0;-3.0;16.0
2899;16.126666666666665;16.0;19.0;-3.0;16.0
2909;16.093333333333334;16.0;19.0;-3.0;16.0
2919;16.12;16.0;19.0;-3.0;16.0
2929;16.14666666666667;16.0;19.0;-3.0;16.0
2939;16.083333333333332;16.0;19.0;-3.0;16.0
2949;16.083333333333332;16.0;19.0;-3.0;16.0
2959;16.156666666666666;16.0;19.0;-3.0;16.0
2969;16.08;16.0;19.0;-3.0;16.0
2979;16.116666666666667;16.0;19.0;-3.0;16.0
2989;16.06;16.0;19.0;-3.0;16.0
2999;16.113333333333333;16.0;19.0;-3.0;16.0
3009;16.15;16.0;19.0;-3.0;16.0
3019;16.11;16.0;19.0;-3.0;16.0
3029;16.08;16.0;19.0;-3.0;16.0
3039;16.11;16.0;19.0;-3.0;16.0
3049;16.143333333333334;16.0;19.0;-3.0;16.0
3059;16.116666666666667;16.0;19.0;-3.0;16.0
3069;16.15;16.0;19.0;-3.0;16.0
3079;16.10333333333333;16.0;19.0;-3.0;16.0
3089;16.09;16.0;19.0;-3.0;16.0
3099;16.116666666666667;16.0;19.0;-3.0;16.0
3109;16.06;16.0;19.0;-3.0;16.0
3119;16.14;16.0;19.0;-3.0;16.0
3129;16.08;16.0;19.0;-3.0;16.0
3139;16.133333333333333;16.0;19.0;-3.0;16.0
3149;16.086666666666666;16.0;19.0;-3.0;16.0
3159;16.133333333333333;16.0;19.0;-3.0;16.0
3169;16.076666666666668;16.0;19.0;-3.0;16.0
3179;16.156666666666666;16.0;19.0;-3.0;16.0
3189;16.093333333333334;16.0;19.0;-3.0;16.0
3199;16.066666666666666;16.0;19.0;-3.0;16.0
3209;16.126666666666665;16.0;19.0;-3.0;16.0
3219;16.16;16.0;19.0;-3.0;16.0
3229;16.10333333333333;16.0;19.0;-3.0;16.0
3239;16.06;16.0;19.0;-3.0;16.0
3249;16.10333333333333;16.0;19.0;-3.0;16.0
3259;15.08;15.0;18.0;-3.0;15.0
3269;15.086666666666666;15.0;18.0;-3.0;15.0
3279;15.166666666666666;15.0;18.0;-3.0;15.0
3289;15.133333333333333;15.0;18.0;-3.0;15.0
3299;15.103333333333333;15.0;18.0;-3.0;15.0
3309;15.066666666666666;15.0;18.0;-3.0;15.0
3319;15.096666666666666;15.0;18.0;-3.0;15.0
3329;15.123333333333333;15.0;18.0;-3.0;15.0
3339;15.093333333333334;15.0;18.0;-3.0;15.0
3349;15.083333333333334;15.0;18.0;-3.0;15.0
3359;15.14;15.0;18.0;-3.0;15.0
3369;15.11;15.0;18.0;-3.0;15.0
3379;15.113333333333333;15.0;18.0;-3.0;15.0
3389;15.126666666666667;15.0;18.0;-3.0;15.0
3399;15.103333333333333;15.0;18.0;-3.0;15.0
3409;15.076666666666666;15.0;18.0;-3.0;15.0
3419;15.123333333333333;15.0;18.0;-3.0;15.0
3429;15.103333333333333;15.0;18.0;-3.0;15.0
3439;15.11;15.0;18.0;-3.0;15.0
3449;15.103333333333333;15.0;18.0;-3.0;15.0
3459;15.08;15.0;18.0;-3.0;15.0
3469;15.076666666666666;15.0;18.0;-3.0;15.0
3479;15.143333333333333;15.0;18.0;-3.0;15.0
3489;15.113333333333333;15.0;18.0;-3.0;15.0
3499;15.126666666666667;15.0;18.0;-3.0;15.0
3509;15.106666666666667;15.0;18.0;-3.0;15.0
3519;15.106666666666667;15.0;18.0;-3.0;15.0
3529;15.103333333333333;15.0;18.0;-3.0;15.0
3539;15.113333333333333;15.0;18.0;-3.0;15.0
3549;15.096666666666666;15.0;18.0;-3.0;15.0
3559;15.083333333333334;15.0;18.0;-3.0;15.0
3569;15.086666666666666;15.0;18.0;-3.0;15.0
3579;15.156666666666666;15.0;18.0;-3.0;15.0
3589;15.076666666666666;15.0;18.0;-3.0;15.0
3599;15.06;15.0;18.0;-3.0;15.0
3609;15.12;15.0;18.0;-3.0;15.0
3619;15.1;15.0;18.0;-3.0;15.0
3629;15.136666666666667;15.0;18.0;-3.0;15.0
3639;15.126666666666667;15.0;18.0;-3.0;15.0
3649;15.07;15.0;18.0;-3.0;15.0
3659;15.173333333333334;15.0;18.0;-3.0;15.0
3669;15.086666666666666;15.0;18.0;-3.0;15.0
3679;15.14;15.0;18.0;-3.0;15.0
3689;15.143333333333333;15.0;18.0;-3.0;15.0
3699;15.113333333333333;15.0;18.0;-3.0;15.0
3709;15.163333333333334;15.0;18.0;-3.0;15.0
3719;15.113333333333333;15.0;18.0;-3.0;15.0
3729;15.123333333333333;15.0;18.0;-3.0;15.0
3739;15.07;15.0;18.0;-3.0;15.0
3749;15.153333333333334;15.0;18.0;-3.0;15.0
3759;15.086666666666666;15.0;18.0;-3.0;15.0
3769;15.123333333333333;15.0;18.0;-3.0;15.0
3779;15.083333333333334;15.0;18.0;-3.0;15.0
3789;15.08;15.0;18.0;-3.0;15.0
3799;15.086666666666666;15.0;18.0;-3.0;15.0
3809;15.09;15.0;18.0;-3.0;15.0
3819;15.156666666666666;15.0;18.0;-3.0;15.0
3829;15.013333333333334;14.0;18.0;-4.0;14.0
3839;14.13;14.0;17.0;-3.0;14.0
3849;14.12;14.0;17.0;-3.0;14.0
3859;14.12;14.0;17.0;-3.0;14.0
3869;14.09;14.0;17.0;-3.0;14.0
3879;14.043333333333333;14.0;17.0;-3.0;14.0
3889;14.09;14.0;17.0;-3.0;14.0
3899;14.026666666666667;14.0;17.0;-3.0;14.0
3909;14.083333333333334;14.0;17.0;-3.0;14.0
3919;14.056666666666667;14.0;17.0;-3.0;14.0
3929;14.066666666666666;14.0;17.0;-3.0;14.0
3939;14.123333333333333;14.0;17.0;-3.0;14.0
3949;14.106666666666667;14.0;17.0;-3.0;14.0
3959;14.126666666666667;14.0;17.0;-3.0;14.0
3969;14.123333333333333;14.0;17.0;-3.0;14.0
3979;14.076666666666666;14.0;17.0;-3.0;14.0
3989;14.12;14.0;17.0;-3.0;14.0
3999;14.06;14.0;17.0;-3.0;14.0
4009;14.153333333333334;14.0;17.0;-3.0;14.0
4019;14.08;14.0;17.0;-3.0;14.0
4029;14.063333333333333;14.0;17.0;-3.0;14.0
4039;14.166666666666666;14.0;17.0;-3.0;14.0
4049;14.136666666666667;14.0;17.0;-3.0;14.0
4059;14.076666666666666;14.0;17.0;-3.0;14.0
4069;14.063333333333333;14.0;17.0;-3.0;14.0
4079;14.086666666666666;14.0;17.0;-3.0;14.0
4089;14.056666666666667;14.0;17.0;-3.0;14.0
4099;14.093333333333334;14.0;17.0;-3.0;14.0
4109;14.133333333333333;14.0;17.0;-3.0;14.0
4119;14.123333333333333;14.0;17.0;-3.0;14.0
4129;14.073333333333334;14.0;17.0;-3.0;14.0
4139;14.116666666666667;14.0;17.0;-3.0;14.0
4149;14.086666666666666;14.0;17.0;-3.0;14.0
4159;14.11;14.0;17.0;-3.0;14.0
4169;14.116666666666667;14.0;17.0;-3.0;14.0
4179;14.123333333333333;14.0;17.0;-3.0;14.0
4189;14.07;14.0;17.0;-3.0;14.0
4199;14.103333333333333;14.0;17.0;-3.0;14.0
4209;14.053333333333333;14.0;17.0;-3.0;14.0
4219;14.14;14.0;17.0;-3.0;14.0
4229;14.09;14.0;17.0;-3.0;14.0
4239;14.08;14.0;17.0;-3.0;14.0
4249;14.103333333333333;14.0;17.0;-3.0;14.0
4259;14.08;14.0;17.0;-3.0;14.0
4269;14.106666666666667;14.0;17.0;-3.0;14.0
4279;14.063333333333333;14.0;17.0;-3.0;14.0
4289;14.116666666666667;14.0;17.0;-3.0;14.0
4299;14.093333333333334;14.0;17.0;-3.0;14.0
4309;14.113333333333333;14.0;17.0;-3.0;14.0
4319;14.153333333333334;14.0;17.0;-3.0;14.0
4329;14.08;14.0;17.0;-3.0;14.0
4339;14.073333333333334;14.0;17.0;-3.0;14.0
4349;14.123333333333333;14.0;17.0;-3.0;14.0
4359;14.113333333333333;14.0;17.0;-3.0;14.0
4369;14.153333333333334;14.0;17.0;-3.0;14.0
4379;14.103333333333333;14.0;17.0;-3.0;14.0
4389;14.12;14.0;17.0;-3.0;14.0
4399;14.21;14.0;17.0;-3.0;14.0
4409;14.103333333333333;14.0;17.0;-3.0;14.0
4419;14.12;14.0;17.0;-3.0;14.0
4429;13.12;13.0;16.0;-3.0;13.0
4439;13.14;13.0;16.0;-3.0;13.0
4449;12.503333333333334;12.0;16.0;-4.0;12.0
4459;12.083333333333334;12.0;15.0;-3.0;12.0
4469;12.163333333333334;12.0;15.0;-3.0;12.0
4479;12.146666666666667;12.0;15.0;-3.0;12.0
4489;12.103333333333333;12.0;15.0;-3.0;12.0
4499;12.1;12.0;15.0;-3.0;12.0
4509;12.15;12.0;15.0;-3.0;12.0
4519;12.143333333333333;12.0;15.0;-3.0;12.0
4529;12.08;12.0;15.0;-3.0;12.0
4539;12.12;12.0;15.0;-3.0;12.0
4549;12.143333333333333;12.0;15.0;-3.0;12.0
4559;12.11;12.0;15.0;-3.0;12.0
4569;12.09;12.0;15.0;-3.0;12.0
4579;12.14;12.0;15.0;-3.0;12.0
4589;12.1;12.0;15.0;-3.0;12.0
4599;12.136666666666667;12.0;15.0;-3.0;12.0
4609;12.12;12.0;15.0;-3.0;12.0
4619;12.083333333333334;12.0;15.0;-3.0;12.0
4629;12.12;12.0;15.0;-3.0;12.0
4639;12.116666666666667;12.0;15.0;-3.0;12.0
4649;12.11;12.0;15.0;-3.0;12.0
4659;12.103333333333333;12.0;15.0;-3.0;12.0
4669;12.106666666666667;12.0;15.0;-3.0;12.0
4679;12.086666666666666;12.0;15.0;-3.0;12.0
4689;12.07;12.0;15.0;-3.0;12.0
4699;12.18;12.0;15.0;-3.0;12.0
4709;12.143333333333333;12.0;15.0;-3.0;12.0
4719;12.113333333333333;12.0;15.0;-3.0;12.0
4729;12.096666666666666;12.0;15.0;-3.0;12.0
4739;12.083333333333334;12.0;15.0;-3.0;12.0
4749;12.106666666666667;12.0;15.0;-3.0;12.0
4759;12.236666666666666;12.0;15.0;-3.0;12.0
4769;12.166666666666666;12.0;15.0;-3.0;12.0
4779;12.106666666666667;12.0;15.0;-3.0;12.0
4789;12.106666666666667;12.0;15.0;-3.0;12.0
4799;12.113333333333333;12.0;15.0;-3.0;12.0
4809;12.116666666666667;12.0;15.0;-3.0;12.0
4819;12.136666666666667;12.0;15.0;-3.0;12.0
4829;12.13;12.0;15.0;-3.0;12.0
4839;12.076666666666666;12.0;15.0;-3.0;12.0
4849;12.16;12.0;15.0;-3.0;12.0
4859;12.086666666666666;12.0;15.0;-3.0;12.0
4869;12.146666666666667;12.0;15.0;-3.0;12.0
4879;12.11;12.0;15.0;-3.0;12.0
4889;12.123333333333333;12.0;15.0;-3.0;12.0
4899;12.096666666666666;12.0;15.0;-3.0;12.0
4909;12.143333333333333;12.0;15.0;-3.0;12.0
4919;12.1;12.0;15.0;-3.0;12.0
4929;12.126666666666667;12.0;15.0;-3.0;12.0
4939;12.186666666666667;12.0;15.0;-3.0;12.0
4949;12.123333333333333;12.0;15.0;-3.0;12.0
4959;12.113333333333333;12.0;15.0;-3.0;12.0
4969;12.156666666666666;12.0;15.0;-3.0;12.0
4979;12.06;12.0;15.0;-3.0;12.0
4989;12.16;12.0;15.0;-3.0;12.0
4999;12.103333333333333;12.0;15.0;-3.0;12.0
5009;12.116666666666667;12.0;15.0;-3.0;12.0
5019;12.113333333333333;12.0;15.0;-3.0;12.0
5029;12.096666666666666;12.0;15.0;-3.0;12.0
5039;12.086666666666666;12.0;15.0;-3.0;12.0
5049;12.103333333333333;12.0;15.0;-3.0;12.0
5059;12.093333333333334;12.0;15.0;-3.0;12.0
5069;12.106666666666667;12.0;15.0;-3.0;12.0
5079;12.123333333333333;12.0;15.0;-3.0;12.0
5089;12.073333333333334;12.0;15.0;-3.0;12.0
5099;12.1;12.0;15.0;-3.0;12.0
5109;12.116666666666667;12.0;15.0;-3.0;12.0
5119;12.09;12.0;15.0;-3.0;12.0
5129;12.1;12.0;15.0;-3.0;12.0
5139;12.136666666666667;12.0;15.0;-3.0;12.0
5149;12.09;12.0;15.0;-3.0;12.0
5159;12.106666666666667;12.0;15.0;-3.0;12.0
5169;12.14;12.0;15.0;-3.0;12.0
5179;12.116666666666667;12.0;15.0;-3.0;12.0
5189;12.156666666666666;12.0;15.0;-3.0;12.0
5199;12.126666666666667;12.0;15.0;-3.0;12.0
5209;12.103333333333333;12.0;15.0;-3.0;12.0
5219;12.096666666666666;12.0;15.0;-3.0;12.0
5229;12.08;12.0;15.0;-3.0;12.0
5239;12.13;12.0;15.0;-3.0;12.0
5249;12.13;12.0;15.0;-3.0;12.0
5259;12.073333333333334;12.0;15.0;-3.0;12.0
5269;12.116666666666667;12.0;15.0;-3.0;12.0
5279;12.1;12.0;15.0;-3.0;12.0
5289;12.123333333333333;12.0;15.0;-3.0;12.0
5299;12.043333333333333;12.0;15.0;-3.0;12.0
5309;12.15;12.0;15.0;-3.0;12.0
5319;12.12;12.0;15.0;-3.0;12.0
5329;12.153333333333334;12.0;15.0;-3.0;12.0
5339;12.103333333333333;12.0;15.0;-3.0;12.0
5349;12.076666666666666;12.0;15.0;-3.0;12.0
5359;12.153333333333334;12.0;15.0;-3.0;12.0
5369;12.106666666666667;12.0;15.0;-3.0;12.0
5379;12.123333333333333;12.0;15.0;-3.0;12.0
5389;12.106666666666667;12.0;15.0;-3.0;12.0
5399;12.066666666666666;12.0;15.0;-3.0;12.0
5409;12.213333333333333;12.0;15.0;-3.0;12.0
5419;12.13;12.0;15.0;-3.0;12.0
5429;12.096666666666666;12.0;15.0;-3.0;12.0
5439;12.086666666666666;12.0;15.0;-3.0;12.0
5449;12.09;12.0;15.0;-3.0;12.0
5459;12.14;12.0;15.0;-3.0;12.0
5469;12.096666666666666;12.0;15.0;-3.0;12.0
5479;12.113333333333333;12.0;15.0;-3.0;12.0
5489;12.076666666666666;12.0;15.0;-3.0;12.0
5499;12.076666666666666;12.0;15.0;-3.0;12.0
5509;12.096666666666666;12.0;15.0;-3.0;12.0
5519;12.123333333333333;12.0;15.0;-3.0;12.0
5529;12.113333333333333;12.0;15.0;-3.0;12.0
5539;12.076666666666666;12.0;15.0;-3.0;12.0
5549;12.1;12.0;15.0;-3.0;12.0
5559;12.123333333333333;12.0;15.0;-3.0;12.0
5569;12.156666666666666;12.0;15.0;-3.0;12.0
5579;12.093333333333334;12.0;15.0;-3.0;12.0
5589;12.1;12.0;15.0;-3.0;12.0
5599;12.106666666666667;12.0;15.0;-3.0;12.0
5609;12.09;12.0;15.0;-3.0;12.0
5619;12.096666666666666;12.0;15.0;-3.0;12.0
5629;12.14;12.0;15.0;-3.0;12.0
5639;12.133333333333333;12.0;15.0;-3.0;12.0
5649;12.1;12.0;15.0;-3.0;12.0
5659;12.143333333333333;12.0;15.0;-3.0;12.0
5669;12.146666666666667;12.0;15.0;-3.0;12.0
5679;12.1;12.0;15.0;-3.0;12.0
5689;12.153333333333334;12.0;15.0;-3.0;12.0
5699;12.11;12.0;15.0;-3.0;12.0
5709;12.1;12.0;15.0;-3.0;12.0
5719;12.096666666666666;12.0;15.0;-3.0;12.0
5729;12.1;12.0;15.0;-3.0;12.0
5739;12.073333333333334;12.0;15.0;-3.0;12.0
5749;12.136666666666667;12.0;15.0;-3.0;12.0
5759;12.14;12.0;15.0;-3.0;12.0
5769;12.133333333333333;12.0;15.0;-3.0;12.0
5779;12.106666666666667;12.0;15.0;-3.0;12.0
5789;12.126666666666667;12.0;15.0;-3.0;12.0
5799;12.13;12.0;15.0;-3.0;12.0
5809;12.12;12.0;15.0;-3.0;12.0
5819;12.08;12.0;15.0;-3.0;12.0
5829;12.123333333333333;12.0;15.0;-3.0;12.0
5839;12.163333333333334;12.0;15.0;-3.0;12.0
5849;12.063333333333333;12.0;15.0;-3.0;12.0
5859;12.13;12.0;15.0;-3.0;12.0
5869;12.106666666666667;12.0;15.0;-3.0;12.0
5879;12.146666666666667;12.0;15.0;-3.0;12.0
5889;12.09;12.0;15.0;-3.0;12.0
5899;12.11;12.0;15.0;-3.0;12.0
5909;12.1;12.0;15.0;-3.0;12.0
5919;12.1;12.0;15.0;-3.0;12.0
5929;12.09;12.0;15.0;-3.0;12.0
5939;12.093333333333334;12.0;15.0;-3.0;12.0
5949;12.103333333333333;12.0;15.0;-3.0;12.0
5959;12.136666666666667;12.0;15.0;-3.0;12.0
5969;12.1;12.0;15.0;-3.0;12.0
5979;12.17;12.0;15.0;-3.0;12.0
5989;12.09;12.0;15.0;-3.0;12.0
5999;12.086666666666666;12.0;15.0;-3.0;12.0
6009;12.126666666666667;12.0;15.0;-3.0;12.0
6019;12.15;12.0;15.0;-3.0;12.0
6029;12.093333333333334;12.0;15.0;-3.0;12.0
6039;12.15;12.0;15.0;-3.0;12.0
6049;12.03;12.0;15.0;-3.0;12.0
6059;12.043333333333333;12.0;15.0;-3.0;12.0
6069;12.143333333333333;12.0;15.0;-3.0;12.0
6079;12.113333333333333;12.0;15.0;-3.0;12.0
6089;12.116666666666667;12.0;15.0;-3.0;12.0
6099;12.153333333333334;12.0;15.0;-3.0;12.0
6109;12.106666666666667;12.0;15.0;-3.0;12.0
6119;12.15;12.0;15.0;-3.0;12.0
6129;12.1;12.0;15.0;-3.0;12.0
6139;12.096666666666666;12.0;15.0;-3.0;12.0
6149;12.083333333333334;12.0;15.0;-3.0;12.0
6159;12.113333333333333;12.0;15.0;-3.0;12.0
6169;12.026666666666667;12.0;15.0;-3.0;12.0
6179;12.16;12.0;15.0;-3.0;12.0
6189;12.16;12.0;15.0;-3.0;12.0
6199;12.08;12.0;15.0;-3.0;12.0
6209;12.096666666666666;12.0;15.0;-3.0;12.0
6219;12.083333333333334;12.0;15.0;-3.0;12.0
6229;12.093333333333334;12.0;15.0;-3.0;12.0
6239;12.073333333333334;12.0;15.0;-3.0;12.0
6249;12.07;12.0;15.0;-3.0;12.0
6259;12.1;12.0;15.0;-3.0;12.0
6269;12.103333333333333;12.0;15.0;-3.0;12.0
6279;12.136666666666667;12.0;15.0;-3.0;12.0
6289;12.1;12.0;15.0;-3.0;12.0
6299;12.073333333333334;12.0;15.0;-3.0;12.0
6309;12.103333333333333;12.0;15.0;-3.0;12.0
6319;12.16;12.0;15.0;-3.0;12.0
6329;12.15;12.0;15.0;-3.0;12.0
6339;12.073333333333334;12.0;15.0;-3.0;12.0
6349;12.113333333333333;12.0;15.0;-3.0;12.0
6359;12.116666666666667;12.0;15.0;-3.0;12.0
6369;12.17;12.0;15.0;-3.0;12.0
6379;12.11;12.0;15.0;-3.0;12.0
6389;12.11;12.0;15.0;-3.0;12.0
6399;12.113333333333333;12.0;15.0;-3.0;12.0
6409;12.06;12.0;15.0;-3.0;12.0
6419;12.126666666666667;12.0;15.0;-3.0;12.0
6429;12.093333333333334;12.0;15.0;-3.0;12.0
6439;12.13;12.0;15.0;-3.0;12.0
6449;12.193333333333333;12.0;15.0;-3.0;12.0
6459;12.07;12.0;15.0;-3.0;12.0
6469;12.063333333333333;12.0;15.0;-3.0;12.0
6479;12.086666666666666;12.0;15.0;-3.0;12.0
6489;12.076666666666666;12.0;15.0;-3.0;12.0
6499;12.183333333333334;12.0;15.0;-3.0;12.0
6509;12.09;12.0;15.0;-3.0;12.0
6519;12.07;12.0;15.0;-3.0;12.0
6529;12.103333333333333;12.0;15.0;-3.0;12.0
6539;12.09;12.0;15.0;-3.0;12.0
6549;12.13;12.0;15.0;-3.0;12.0
6559;12.126666666666667;12.0;15.0;-3.0;12.0
6569;12.086666666666666;12.0;15.0;-3.0;12.0
6579;12.176666666666666;12.0;15.0;-3.0;12.0
6589;12.11;12.0;15.0;-3.0;12.0
6599;12.113333333333333;12.0;15.0;-3.0;12.0
6609;12.086666666666666;12.0;15.0;-3.0;12.0
6619;12.133333333333333;12.0;15.0;-3.0;12.0
6629;12.156666666666666;12.0;15.0;-3.0;12.0
6639;12.1;12.0;15.0;-3.0;12.0
6649;12.103333333333333;12.0;15.0;-3.0;12.0
6659;12.123333333333333;12.0;15.0;-3.0;12.0
6669;12.086666666666666;12.0;15.0;-3.0;12.0
6679;12.11;12.0;15.0;-3.0;12.0
6689;12.063333333333333;12.0;15.0;-3.0;12.0
6699;12.126666666666667;12.0;15.0;-3.0;12.0
6709;12.09;12.0;15.0;-3.0;12.0
6719;12.11;12.0;15.0;-3.0;12.0
6729;12.076666666666666;12.0;15.0;-3.0;12.0
6739;12.133333333333333;12.0;15.0;-3.0;12.0
6749;12.146666666666667;12.0;15.0;-3.0;12.0
6759;12.14;12.0;15.0;-3.0;12.0
6769;12.103333333333333;12.0;15.0;-3.0;12.0
6779;12.063333333333333;12.0;15.0;-3.0;12.0
6789;12.1;12.0;15.0;-3.0;12.0
6799;12.116666666666667;12.0;15.0;-3.0;12.0
6809;12.133333333333333;12.0;15.0;-3.0;12.0
6819;12.126666666666667;12.0;15.0;-3.0;12.0
6829;12.1;12.0;15.0;-3.0;12.0
6839;12.07;12.0;15.0;-3.0;12.0
6849;12.093333333333334;12.0;15.0;-3.0;12.0
6859;12.113333333333333;12.0;15.0;-3.0;12.0
6869;12.166666666666666;12.0;15.0;-3.0;12.0
6879;12.08;12.0;15.0;-3.0;12.0
6889;12.133333333333333;12.0;15.0;-3.0;12.0
6899;12.143333333333333;12.0;15.0;-3.0;12.0
6909;12.116666666666667;12.0;15.0;-3.0;12.0
6919;12.17;12.0;15.0;-3.0;12.0
6929;12.116666666666667;12.0;15.0;-3.0;12.0
6939;12.143333333333333;12.0;15.0;-3.0;12.0
6949;12.143333333333333;12.0;15.0;-3.0;12.0
6959;12.083333333333334;12.0;15.0;-3.0;12.0
6969;12.063333333333333;12.0;15.0;-3.0;12.0
6979;12.18;12.0;15.0;-3.0;12.0
6989;12.09;12.0;15.0;-3.0;12.0
6999;12.116666666666667;12.0;15.0;-3.0;12.0
7009;12.143333333333333;12.0;15.0;-3.0;12.0
7019;12.096666666666666;12.0;15.0;-3.0;12.0
7029;12.123333333333333;12.0;15.0;-3.0;12.0
7039;12.18;12.0;15.0;-3.0;12.0
7049;12.11;12.0;15.0;-3.0;12.0
7059;12.16;12.0;15.0;-3.0;12.0
7069;12.073333333333334;12.0;15.0;-3.0;12.0
7079;12.103333333333333;12.0;15.0;-3.0;12.0
7089;12.073333333333334;12.0;15.0;-3.0;12.0
7099;12.123333333333333;12.0;15.0;-3.0;12.0
7109;12.156666666666666;12.0;15.0;-3.0;12.0
7119;12.116666666666667;12.0;15.0;-3.0;12.0
7129;12.133333333333333;12.0;15.0;-3.0;12.0
7139;12.136666666666667;12.0;15.0;-3.0;12.0
7149;12.086666666666666;12.0;15.0;-3.0;12.0
7159;12.156666666666666;12.0;15.0;-3.0;12.0
7169;12.11;12.0;15.0;-3.0;12.0
7179;12.096666666666666;12.0;15.0;-3.0;12.0
7189;12.146666666666667;12.0;15.0;-3.0;12.0
7199;12.056666666666667;12.0;15.0;-3.0;12.0
7209;12.186666666666667;12.0;15.0;-3.0;12.0
7219;12.063333333333333;12.0;15.0;-3.0;12.0
7229;12.11;12.0;15.0;-3.0;12.0
7239;12.083333333333334;12.0;15.0;-3.0;12.0
7249;12.13;12.0;15.0;-3.0;12.0
7259;12.18;12.0;15.0;-3.0;12.0
7269;12.103333333333333;12.0;15.0;-3.0;12.0
7279;12.056666666666667;12.0;15.0;-3.0;12.0
7289;12.1;12.0;15.0;-3.0;12.0
7299;12.076666666666666;12.0;15.0;-3.0;12.0
7309;12.08;12.0;15.0;-3.0;12.0
7319;12.146666666666667;12.0;15.0;-3.0;12.0
7329;12.123333333333333;12.0;15.0;-3.0;12.0
7339;12.093333333333334;12.0;15.0;-3.0;12.0
7349;12.083333333333334;12.0;15.0;-3.0;12.0
7359;12.06;12.0;15.0;-3.0;12.0
7369;12.143333333333333;12.0;15.0;-3.0;12.0
7379;12.123333333333333;12.0;15.0;-3.0;12.0
7389;12.096666666666666;12.0;15.0;-3.0;12.0
7399;12.103333333333333;12.0;15.0;-3.0;12.0
7409;12.123333333333333;12.0;15.0;-3.0;12.0
7419;12.163333333333334;12.0;15.0;-3.0;12.0
7429;12.15;12.0;15.0;-3.0;12.0
7439;12.15;12.0;15.0;-3.0;12.0
7449;12.13;12.0;15.0;-3.0;12.0
7459;12.153333333333334;12.0;15.0;-3.0;12.0
7469;12.1;12.0;15.0;-3.0;12.0
7479;12.116666666666667;12.0;15.0;-3.0;12.0
7489;12.2;12.0;15.0;-3.0;12.0
7499;12.126666666666667;12.0;15.0;-3.0;12.0
7509;12.033333333333333;12.0;15.0;-3.0;12.0
7519;12.08;12.0;15.0;-3.0;12.0
7529;12.096666666666666;12.0;15.0;-3.0;12.0
7539;12.156666666666666;12.0;15.0;-3.0;12.0
7549;12.076666666666666;12.0;15.0;-3.0;12.0
7559;12.123333333333333;12.0;15.0;-3.0;12.0
7569;12.14;12.0;15.0;-3.0;12.0
7579;12.076666666666666;12.0;15.0;-3.0;12.0
7589;12.106666666666667;12.0;15.0;-3.0;12.0
7599;12.126666666666667;12.0;15.0;-3.0;12.0
7609;12.17;12.0;15.0;-3.0;12.0
7619;12.1;12.0;15.0;-3.0;12.0
7629;12.096666666666666;12.0;15.0;-3.0;12.0
7639;12.113333333333333;12.0;15.0;-3.0;12.0
7649;12.103333333333333;12.0;15.0;-3.0;12.0
7659;12.103333333333333;12.0;15.0;-3.0;12.0
7669;12.096666666666666;12.0;15.0;-3.0;12.0
7679;12.106666666666667;12.0;15.0;-3.0;12.0
7689;12.143333333333333;12.0;15.0;-3.0;12.0
7699;12.143333333333333;12.0;15.0;-3.0;12.0
7709;12.136666666666667;12.0;15.0;-3.0;12.0
7719;12.053333333333333;12.0;15.0;-3.0;12.0
7729;12.09;12.0;15.0;-3.0;12.0
7739;12.196666666666667;12.0;15.0;-3.0;12.0
7749;12.113333333333333;12.0;15.0;-3.0;12.0
7759;12.106666666666667;12.0;15.0;-3.0;12.0
7769;12.17;12.0;15.0;-3.0;12.0
7779;12.16;12.0;15.0;-3.0;12.0
7789;12.133333333333333;12.0;15.0;-3.0;12.0
7799;12.103333333333333;12.0;15.0;-3.0;12.0
7809;12.126666666666667;12.0;15.0;-3.0;12.0
7819;12.073333333333334;12.0;15.0;-3.0;12.0
7829;12.146666666666667;12.0;15.0;-3.0;12.0
7839;12.11;12.0;15.0;-3.0;12.0
7849;12.116666666666667;12.0;15.0;-3.0;12.0
7859;12.146666666666667;12.0;15.0;-3.0;12.0
7869;12.056666666666667;12.0;15.0;-3.0;12.0
7879;12.16;12.0;15.0;-3.0;12.0
7889;12.11;12.0;15.0;-3.0;12.0
7899;12.09;12.0;15.0;-3.0;12.0
7909;12.053333333333333;12.0;15.0;-3.0;12.0
7919;12.15;12.0;15.0;-3.0;12.0
7929;12.093333333333334;12.0;15.0;-3.0;12.0
7939;12.073333333333334;12.0;15.0;-3.0;12.0
7949;12.106666666666667;12.0;15.0;-3.0;12.0
7959;12.1;12.0;15.0;-3.0;12.0
7969;12.093333333333334;12.0;15.0;-3.0;12.0
7979;12.103333333333333;12.0;15.0;-3.0;12.0
7989;12.103333333333333;12.0;15.0;-3.0;12.0
7999;12.076666666666666;12.0;15.0;-3.0;12.0
8009;12.1;12.0;15.0;-3.0;12.0
8019;12.066666666666666;12.0;15.0;-3.0;12.0
8029;12.1;12.0;15.0;-3.0;12.0
8039;12.076666666666666;12.0;15.0;-3.0;12.0
8049;12.153333333333334;12.0;15.0;-3.0;12.0
8059;12.063333333333333;12.0;15.0;-3.0;12.0
8069;12.113333333333333;12.0;15.0;-3.0;12.0
8079;12.09;12.0;15.0;-3.0;12.0
8089;12.116666666666667;12.0;15.0;-3.0;12.0
8099;12.12;12.0;15.0;-3.0;12.0
8109;12.08;12.0;15.0;-3.0;12.0
8119;12.066666666666666;12.0;15.0;-3.0;12.0
8129;12.053333333333333;12.0;15.0;-3.0;12.0
8139;12.156666666666666;12.0;15.0;-3.0;12.0
8149;12.076666666666666;12.0;15.0;-3.0;12.0
8159;12.126666666666667;12.0;15.0;-3.0;12.0
8169;12.116666666666667;12.0;15.0;-3.0;12.0
8179;12.18;12.0;15.0;-3.0;12.0
8189;12.113333333333333;12.0;15.0;-3.0;12.0
8199;12.096666666666666;12.0;15.0;-3.0;12.0
8209;12.12;12.0;15.0;-3.0;12.0
8219;12.09;12.0;15.0;-3.0;12.0
8229;12.096666666666666;12.0;15.0;-3.0;12.0
8239;12.116666666666667;12.0;15.0;-3.0;12.0
8249;12.103333333333333;12.0;15.0;-3.0;12.0
8259;12.086666666666666;12.0;15.0;-3.0;12.0
8269;12.136666666666667;12.0;15.0;-3.0;12.0
8279;12.12;12.0;15.0;-3.0;12.0
8289;12.143333333333333;12.0;15.0;-3.0;12.0
8299;12.07;12.0;15.0;-3.0;12.0
8309;12.13;12.0;15.0;-3.0;12.0
8319;12.163333333333334;12.0;15.0;-3.0;12.0
8329;12.063333333333333;12.0;15.0;-3.0;12.0
8339;12.093333333333334;12.0;15.0;-3.0;12.0
8349;12.11;12.0;15.0;-3.0;12.0
8359;12.173333333333334;12.0;15.0;-3.0;12.0
8369;12.096666666666666;12.0;15.0;-3.0;12.0
8379;12.146666666666667;12.0;15.0;-3.0;12.0
8389;12.113333333333333;12.0;15.0;-3.0;12.0
8399;12.09;12.0;15.0;-3.0;12.0
8409;12.14;12.0;15.0;-3.0;12.0
8419;12.11;12.0;15.0;-3.0;12.0
8429;12.153333333333334;12.0;15.0;-3.0;12.0
8439;12.07;12.0;15.0;-3.0;12.0
8449;12.16;12.0;15.0;-3.0;12.0
8459;12.103333333333333;12.0;15.0;-3.0;12.0
8469;12.063333333333333;12.0;15.0;-3.0;12.0
8479;12.083333333333334;12.0;15.0;-3.0;12.0
8489;12.116666666666667;12.0;15.0;-3.0;12.0
8499;12.103333333333333;12.0;15.0;-3.0;12.0
8509;12.136666666666667;12.0;15.0;-3.0;12.0
8519;12.126666666666667;12.0;15.0;-3.0;12.0
8529;12.13;12.0;15.0;-3.0;12.0
8539;12.16;12.0;15.0;-3.0;12.0
8549;12.12;12.0;15.0;-3.0;12.0
8559;12.1;12.0;15.0;-3.0;12.0
8569;12.11;12.0;15.0;-3.0;12.0
8579;12.12;12.0;15.0;-3.0;12.0
8589;12.08;12.0;15.0;-3.0;12.0
8599;12.11;12.0;15.0;-3.0;12.0
8609;12.126666666666667;12.0;15.0;-3.0;12.0
8619;12.136666666666667;12.0;15.0;-3.0;12.0
8629;12.08;12.0;15.0;-3.0;12.0
8639;12.146666666666667;12.0;15.0;-3.0;12.0
8649;12.096666666666666;12.0;15.0;-3.0;12.0
8659;12.063333333333333;12.0;15.0;-3.0;12.0
8669;12.1;12.0;15.0;-3.0;12.0
8679;12.123333333333333;12.0;15.0;-3.0;12.0
8689;12.033333333333333;12.0;15.0;-3.0;12.0
8699;12.083333333333334;12.0;15.0;-3.0;12.0
8709;12.156666666666666;12.0;15.0;-3.0;12.0
8719;12.076666666666666;12.0;15.0;-3.0;12.0
8729;12.11;12.0;15.0;-3.0;12.0
8739;12.116666666666667;12.0;15.0;-3.0;12.0
8749;12.123333333333333;12.0;15.0;-3.0;12.0
8759;12.133333333333333;12.0;15.0;-3.0;12.0
8769;12.09;12.0;15.0;-3.0;12.0
8779;12.093333333333334;12.0;15.0;-3.0;12.0
8789;12.053333333333333;12.0;15.0;-3.0;12.0
8799;12.14;12.0;15.0;-3.0;12.0
8809;12.19;12.0;15.0;-3.0;12.0
8819;12.116666666666667;12.0;15.0;-3.0;12.0
8829;12.066666666666666;12.0;15.0;-3.0;12.0
8839;12.066666666666666;12.0;15.0;-3.0;12.0
8849;12.083333333333334;12.0;15.0;-3.0;12.0
8859;12.106666666666667;12.0;15.0;-3.0;12.0
8869;12.073333333333334;12.0;15.0;-3.0;12.0
8879;12.143333333333333;12.0;15.0;-3.0;12.0
8889;12.126666666666667;12.0;15.0;-3.0;12.0
8899;12.176666666666666;12.0;15.0;-3.0;12.0
8909;12.1;12.0;15.0;-3.0;12.0
8919;12.076666666666666;12.0;15.0;-3.0;12.0
8929;12.163333333333334;12.0;15.0;-3.0;12.0
8939;12.146666666666667;12.0;15.0;-3.0;12.0
8949;12.123333333333333;12.0;15.0;-3.0;12.0
8959;12.12;12.0;15.0;-3.0;12.0
8969;12.126666666666667;12.0;15.0;-3.0;12.0
8979;12.13;12.0;15.0;-3.0;12.0
8989;12.106666666666667;12.0;15.0;-3.0;12.0
8999;12.09;12.0;15.0;-3.0;12.0
9009;12.106666666666667;12.0;15.0;-3.0;12.0
9019;12.103333333333333;12.0;15.0;-3.0;12.0
9029;12.096666666666666;12.0;15.0;-3.0;12.0
9039;12.15;12.0;15.0;-3.0;12.0
9049;12.08;12.0;15.0;-3.0;12.0
9059;12.13;12.0;15.0;-3.0;12.0
9069;12.116666666666667;12.0;15.0;-3.0;12.0
9079;12.103333333333333;12.0;15.0;-3.0;12.0
9089;12.096666666666666;12.0;15.0;-3.0;12.0
9099;12.073333333333334;12.0;15.0;-3.0;12.0
9109;12.143333333333333;12.0;15.0;-3.0;12.0
9119;12.096666666666666;12.0;15.0;-3.0;12.0
9129;12.133333333333333;12.0;15.0;-3.0;12.0
9139;12.176666666666666;12.0;15.0;-3.0;12.0
9149;12.146666666666667;12.0;15.0;-3.0;12.0
9159;12.146666666666667;12.0;15.0;-3.0;12.0
9169;12.126666666666667;12.0;15.0;-3.0;12.0
9179;12.1;12.0;15.0;-3.0;12.0
9189;12.1;12.0;15.0;-3.0;12.0
9199;12.1;12.0;15.0;-3.0;12.0
9209;12.083333333333334;12.0;15.0;-3.0;12.0
9219;12.14;12.0;15.0;-3.0;12.0
9229;12.106666666666667;12.0;15.0;-3.0;12.0
9239;12.116666666666667;12.0;15.0;-3.0;12.0
9249;12.143333333333333;12.0;15.0;-3.0;12.0
9259;12.146666666666667;12.0;15.0;-3.0;12.0
9269;12.093333333333334;12.0;15.0;-3.0;12.0
9279;12.103333333333333;12.0;15.0;-3.0;12.0
9289;12.056666666666667;12.0;15.0;-3.0;12.0
9299;12.113333333333333;12.0;15.0;-3.0;12.0
9309;12.123333333333333;12.0;15.0;-3.0;12.0
9319;12.13;12.0;15.0;-3.0;12.0
9329;12.093333333333334;12.0;15.0;-3.0;12.0
9339;12.106666666666667;12.0;15.0;-3.0;12.0
9349;12.053333333333333;12.0;15.0;-3.0;12.0
9359;12.136666666666667;12.0;15.0;-3.0;12.0
9369;12.14;12.0;15.0;-3.0;12.0
9379;12.106666666666667;12.0;15.0;-3.0;12.0
9389;12.113333333333333;12.0;15.0;-3.0;12.0
9399;12.066666666666666;12.0;15.0;-3.0;12.0
9409;12.073333333333334;12.0;15.0;-3.0;12.0
9419;12.13;12.0;15.0;-3.0;12.0
9429;12.133333333333333;12.0;15.0;-3.0;12.0
9439;12.076666666666666;12.0;15.0;-3.0;12.0
9449;12.146666666666667;12.0;15.0;-3.0;12.0
9459;12.056666666666667;12.0;15.0;-3.0;12.0
9469;12.106666666666667;12.0;15.0;-3.0;12.0
9479;12.17;12.0;15.0;-3.0;12.0
9489;12.123333333333333;12.0;15.0;-3.0;12.0
9499;12.14;12.0;15.0;-3.0;12.0
9509;12.096666666666666;12.0;15.0;-3.0;12.0
9519;12.086666666666666;12.0;15.0;-3.0;12.0
9529;12.096666666666666;12.0;15.0;-3.0;12.0
9539;12.183333333333334;12.0;15.0;-3.0;12.0
9549;12.086666666666666;12.0;15.0;-3.0;12.0
9559;12.12;12.0;15.0;-3.0;12.0
9569;12.1;12.0;15.0;-3.0;12.0
9579;12.12;12.0;15.0;-3.0;12.0
9589;12.083333333333334;12.0;15.0;-3.0;12.0
9599;12.086666666666666;12.0;15.0;-3.0;12.0
9609;12.083333333333334;12.0;15.0;-3.0;12.0
9619;12.083333333333334;12.0;15.0;-3.0;12.0
9629;12.116666666666667;12.0;15.0;-3.0;12.0
9639;12.106666666666667;12.0;15.0;-3.0;12.0
9649;12.13;12.0;15.0;-3.0;12.0
9659;12.143333333333333;12.0;15.0;-3.0;12.0
9669;12.07;12.0;15.0;-3.0;12.0
9679;12.07;12.0;15.0;-3.0;12.0
9689;12.143333333333333;12.0;15.0;-3.0;12.0
9699;12.173333333333334;12.0;15.0;-3.0;12.0
9709;12.146666666666667;12.0;15.0;-3.0;12.0
9719;12.116666666666667;12.0;15.0;-3.0;12.0
9729;12.083333333333334;12.0;15.0;-3.0;12.0
9739;12.133333333333333;12.0;15.0;-3.0;12.0
9749;12.153333333333334;12.0;15.0;-3.0;12.0
9759;12.1;12.0;15.0;-3.0;12.0
9769;12.126666666666667;12.0;15.0;-3.0;12.0
9779;12.1;12.0;15.0;-3.0;12.0
9789;12.116666666666667;12.0;15.0;-3.0;12.0
9799;12.13;12.0;15.0;-3.0;12.0
9809;12.083333333333334;12.0;15.0;-3.0;12.0
9819;12.13;12.0;15.0;-3.0;12.0
9829;12.116666666666667;12.0;15.0;-3.0;12.0
9839;12.066666666666666;12.0;15.0;-3.0;12.0
9849;12.116666666666667;12.0;15.0;-3.0;12.0
9859;12.106666666666667;12.0;15.0;-3.0;12.0
9869;12.093333333333334;12.0;15.0;-3.0;12.0
9879;12.07;12.0;15.0;-3.0;12.0
9889;12.096666666666666;12.0;15.0;-3.0;12.0
9899;12.1;12.0;15.0;-3.0;12.0
9909;12.116666666666667;12.0;15.0;-3.0;12.0
9919;12.166666666666666;12.0;15.0;-3.0;12.0
9929;12.13;12.0;15.0;-3.0;12.0
9939;12.113333333333333;12.0;15.0;-3.0;12.0
9949;12.066666666666666;12.0;15.0;-3.0;12.0
9959;12.04;12.0;15.0;-3.0;12.0
9969;12.093333333333334;12.0;15.0;-3.0;12.0
9979;12.113333333333333;12.0;15.0;-3.0;12.0
9989;12.116666666666667;12.0;15.0;-3.0;12.0
9999;12.126666666666667;12.0;15.0;-3.0;12.0
10009;12.083333333333334;12.0;15.0;-3.0;12.0
10019;12.183333333333334;12.0;15.0;-3.0;12.0
10029;12.116666666666667;12.0;15.0;-3.0;12.0
10039;12.123333333333333;12.0;15.0;-3.0;12.0
10049;12.073333333333334;12.0;15.0;-3.0;12.0
10059;12.136666666666667;12.0;15.0;-3.0;12.0
10069;12.136666666666667;12.0;15.0;-3.0;12.0
10079;12.066666666666666;12.0;15.0;-3.0;12.0
10089;12.096666666666666;12.0;15.0;-3.0;12.0
10099;12.113333333333333;12.0;15.0;-3.0;12.0
10109;12.076666666666666;12.0;15.0;-3.0;12.0
10119;12.046666666666667;12.0;15.0;-3.0;12.0
10129;12.16;12.0;15.0;-3.0;12.0
10139;12.133333333333333;12.0;15.0;-3.0;12.0
10149;12.086666666666666;12.0;15.0;-3.0;12.0
10159;12.066666666666666;12.0;15.0;-3.0;12.0
10169;12.126666666666667;12.0;15.0;-3.0;12.0
10179;12.113333333333333;12.0;15.0;-3.0;12.0
10189;12.09;12.0;15.0;-3.0;12.0
10199;12.126666666666667;12.0;15.0;-3.0;12.0
10209;12.083333333333334;12.0;15.0;-3.0;12.0
10219;12.123333333333333;12.0;15.0;-3.0;12.0
10229;12.07;12.0;15.0;-3.0;12.0
10239;12.07;12.0;15.0;-3.0;12.0
10249;12.14;12.0;15.0;-3.0;12.0
10259;12.123333333333333;12.0;15.0;-3.0;12.0
10269;12.11;12.0;15.0;-3.0;12.0
10279;12.113333333333333;12.0;15.0;-3.0;12.0
10289;12.126666666666667;12.0;15.0;-3.0;12.0
10299;12.116666666666667;12.0;15.0;-3.0;12.0
10309;12.086666666666666;12.0;15.0;-3.0;12.0
10319;12.116666666666667;12.0;15.0;-3.0;12.0
10329;12.116666666666667;12.0;15.0;-3.0;12.0
10339;12.093333333333334;12.0;15.0;-3.0;12.0
10349;12.14;12.0;15.0;-3.0;12.0
10359;12.233333333333333;12.0;15.0;-3.0;12.0
10369;12.096666666666666;12.0;15.0;-3.0;12.0
10379;12.076666666666666;12.0;15.0;-3.0;12.0
10389;12.113333333333333;12.0;15.0;-3.0;12.0
10399;12.103333333333333;12.0;15.0;-3.0;12.0
10409;12.113333333333333;12.0;15.0;-3.0;12.0
10419;12.113333333333333;12.0;15.0;-3.0;12.0
10429;12.066666666666666;12.0;15.0;-3.0;12.0
10439;12.093333333333334;12.0;15.0;-3.0;12.0
10449;12.076666666666666;12.0;15.0;-3.0;12.0
10459;12.16;12.0;15.0;-3.0;12.0
10469;12.083333333333334;12.0;15.0;-3.0;12.0
10479;12.073333333333334;12.0;15.0;-3.0;12.0
10489;12.14;12.0;15.0;-3.0;12.0
10499;12.063333333333333;12.0;15.0;-3.0;12.0
10509;12.086666666666666;12.0;15.0;-3.0;12.0
10519;12.156666666666666;12.0;15.0;-3.0;12.0
10529;12.146666666666667;12.0;15.0;-3.0;12.0
10539;12.123333333333333;12.0;15.0;-3.0;12.0
10549;12.106666666666667;12.0;15.0;-3.0;12.0
10559;12.103333333333333;12.0;15.0;-3.0;12.0
10569;12.143333333333333;12.0;15.0;-3.0;12.0
10579;12.123333333333333;12.0;15.0;-3.0;12.0
10589;12.146666666666667;12.0;15.0;-3.0;12.0
10599;12.08;12.0;15.0;-3.0;12.0
10609;12.106666666666667;12.0;15.0;-3.0;12.0
10619;12.11;12.0;15.0;-3.0;12.0
10629;12.09;12.0;15.0;-3.0;12.0
10639;12.086666666666666;12.0;15.0;-3.0;12.0
10649;12.11;12.0;15.0;-3.0;12.0
10659;12.086666666666666;12.0;15.0;-3.0;12.0
10669;12.12;12.0;15.0;-3.0;12.0
10679;12.113333333333333;12.0;15.0;-3.0;12.0
10689;12.066666666666666;12.0;15.0;-3.0;12.0
10699;12.09;12.0;15.0;-3.0;12.0
10709;12.15;12.0;15.0;-3.0;12.0
10719;12.116666666666667;12.0;15.0;-3.0;12.0
10729;12.093333333333334;12.0;15.0;-3.0;12.0
10739;12.123333333333333;12.0;15.0;-3.0;12.0
10749;12.123333333333333;12.0;15.0;-3.0;12.0
10759;12.096666666666666;12.0;15.0;-3.0;12.0
10769;12.113333333333333;12.0;15.0;-3.0;12.0
10779;12.163333333333334;12.0;15.0;-3.0;12.0
10789;12.086666666666666;12.0;15.0;-3.0;12.0
10799;12.116666666666667;12.0;15.0;-3.0;12.0
10809;12.163333333333334;12.0;15.0;-3.0;12.0
10819;12.14;12.0;15.0;-3.0;12.0
10829;12.133333333333333;12.0;15.0;-3.0;12.0
10839;12.136666666666667;12.0;15.0;-3.0;12.0
10849;12.103333333333333;12.0;15.0;-3.0;12.0
10859;12.116666666666667;12.0;15.0;-3.0;12.0
10869;12.116666666666667;12.0;15.0;-3.0;12.0
10879;12.22;12.0;15.0;-3.0;12.0
10889;12.11;12.0;15.0;-3.0;12.0
10899;12.13;12.0;15.0;-3.0;12.0
10909;12.123333333333333;12.0;15.0;-3.0;12.0
10919;12.09;12.0;15.0;-3.0;12.0
10929;12.08;12.0;15.0;-3.0;12.0
10939;12.126666666666667;12.0;15.0;-3.0;12.0
10949;12.106666666666667;12.0;15.0;-3.0;12.0
10959;12.136666666666667;12.0;15.0;-3.0;12.0
10969;12.083333333333334;12.0;15.0;-3.0;12.0
10979;12.103333333333333;12.0;15.0;-3.0;12.0
10989;12.163333333333334;12.0;15.0;-3.0;12.0
10999;12.143333333333333;12.0;15.0;-3.0;12.0
11009;12.14;12.0;15.0;-3.0;12.0
11019;12.17;12.0;15.0;-3.0;12.0
11029;12.123333333333333;12.0;15.0;-3.0;12.0
11039;12.173333333333334;12.0;15.0;-3.0;12.0
11049;12.116666666666667;12.0;15.0;-3.0;12.0
11059;12.116666666666667;12.0;15.0;-3.0;12.0
11069;12.133333333333333;12.0;15.0;-3.0;12.0
11079;12.096666666666666;12.0;15.0;-3.0;12.0
11089;12.093333333333334;12.0;15.0;-3.0;12.0
11099;12.133333333333333;12.0;15.0;-3.0;12.0
11109;12.09;12.0;15.0;-3.0;12.0
11119;12.073333333333334;12.0;15.0;-3.0;12.0
11129;12.096666666666666;12.0;15.0;-3.0;12.0
11139;12.133333333333333;12.0;15.0;-3.0;12.0
11149;12.123333333333333;12.0;15.0;-3.0;12.0
11159;12.126666666666667;12.0;15.0;-3.0;12.0
11169;12.163333333333334;12.0;15.0;-3.0;12.0
11179;12.103333333333333;12.0;15.0;-3.0;12.0
11189;12.093333333333334;12.0;15.0;-3.0;12.0
11199;12.103333333333333;12.0;15.0;-3.0;12.0
11209;12.093333333333334;12.0;15.0;-3.0;12.0
11219;12.133333333333333;12.0;15.0;-3.0;12.0
11229;12.163333333333334;12.0;15.0;-3.0;12.0
11239;12.11;12.0;15.0;-3.0;12.0
11249;12.176666666666666;12.0;15.0;-3.0;12.0
11259;12.083333333333334;12.0;15.0;-3.0;12.0
11269;12.096666666666666;12.0;15.0;-3.0;12.0
11279;12.096666666666666;12.0;15.0;-3.0;12.0
11289;12.163333333333334;12.0;15.0;-3.0;12.0
11299;12.093333333333334;12.0;15.0;-3.0;12.0
11309;12.096666666666666;12.0;15.0;-3.0;12.0
11319;12.08;12.0;15.0;-3.0;12.0
11329;12.083333333333334;12.0;15.0;-3.0;12.0
11339;12.11;12.0;15.0;-3.0;12.0
11349;12.126666666666667;12.0;15.0;-3.0;12.0
11359;12.106666666666667;12.0;15.0;-3.0;12.0
11369;12.106666666666667;12.0;15.0;-3.0;12.0
11379;12.073333333333334;12.0;15.0;-3.0;12.0
11389;12.166666666666666;12.0;15.0;-3.0;12.0
11399;12.063333333333333;12.0;15.0;-3.0;12.0
11409;12.116666666666667;12.0;15.0;-3.0;12.0
11419;12.113333333333333;12.0;15.0;-3.0;12.0
11429;12.086666666666666;12.0;15.0;-3.0;12.0
11439;12.113333333333333;12.0;15.0;-3.0;12.0
11449;12.096666666666666;12.0;15.0;-3.0;12.0
11459;12.133333333333333;12.0;15.0;-3.0;12.0
11469;12.136666666666667;12.0;15.0;-3.0;12.0
11479;12.093333333333334;12.0;15.0;-3.0;12.0
11489;12.126666666666667;12.0;15.0;-3.0;12.0
11499;12.126666666666667;12.0;15.0;-3.0;12.0
11509;12.09;12.0;15.0;-3.0;12.0
11519;12.146666666666667;12.0;15.0;-3.0;12.0
11529;12.15;12.0;15.0;-3.0;12.0
11539;12.09;12.0;15.0;-3.0;12.0
11549;12.113333333333333;12.0;15.0;-3.0;12.0
11559;12.09;12.0;15.0;-3.0;12.0
11569;12.076666666666666;12.0;15.0;-3.0;12.0
11579;12.146666666666667;12.0;15.0;-3.0;12.0
11589;12.093333333333334;12.0;15.0;-3.0;12.0
11599;12.11;12.0;15.0;-3.0;12.0
11609;12.096666666666666;12.0;15.0;-3.0;12.0
11619;12.083333333333334;12.0;15.0;-3.0;12.0
11629;12.16;12.0;15.0;-3.0;12.0
11639;12.12;12.0;15.0;-3.0;12.0
11649;12.153333333333334;12.0;15.0;-3.0;12.0
11659;12.08;12.0;15.0;-3.0;12.0
11669;12.116666666666667;12.0;15.0;-3.0;12.0
11679;12.06;12.0;15.0;-3.0;12.0
11689;12.08;12.0;15.0;-3.0;12.0
11699;12.126666666666667;12.0;15.0;-3.0;12.0
11709;12.09;12.0;15.0;-3.0;12.0
11719;12.116666666666667;12.0;15.0;-3.0;12.0
11729;12.063333333333333;12.0;15.0;-3.0;12.0
11739;12.076666666666666;12.0;15.0;-3.0;12.0
11749;12.083333333333334;12.0;15.0;-3.0;12.0
11759;12.066666666666666;12.0;15.0;-3.0;12.0
11769;12.12;12.0;15.0;-3.0;12.0
11779;12.05;12.0;15.0;-3.0;12.0
11789;12.123333333333333;12.0;15.0;-3.0;12.0
11799;12.136666666666667;12.0;15.0;-3.0;12.0
11809;12.16;12.0;15.0;-3.0;12.0
11819;12.103333333333333;12.0;15.0;-3.0;12.0
11829;12.15;12.0;15.0;-3.0;12.0
11839;12.09;12.0;15.0;-3.0;12.0
11849;12.11;12.0;15.0;-3.0;12.0
11859;12.073333333333334;12.0;15.0;-3.0;12.0
11869;12.126666666666667;12.0;15.0;-3.0;12.0
11879;12.08;12.0;15.0;-3.0;12.0
11889;12.11;12.0;15.0;-3.0;12.0
11899;12.11;12.0;15.0;-3.0;12.0
11909;12.12;12.0;15.0;-3.0;12.0
11919;12.133333333333333;12.0;15.0;-3.0;12.0
11929;12.103333333333333;12.0;15.0;-3.0;12.0
11939;12.126666666666667;12.0;15.0;-3.0;12.0
11949;12.133333333333333;12.0;15.0;-3.0;12.0
11959;12.093333333333334;12.0;15.0;-3.0;12.0
11969;12.116666666666667;12.0;15.0;-3.0;12.0
11979;12.073333333333334;12.0;15.0;-3.0;12.0
11989;12.12;12.0;15.0;-3.0;12.0
11999;12.116666666666667;12.0;15.0;-3.0;12.0
12009;12.056666666666667;12.0;15.0;-3.0;12.0
12019;12.143333333333333;12.0;15.0;-3.0;12.0
12029;12.14;12.0;15.0;-3.0;12.0
12039;12.106666666666667;12.0;15.0;-3.0;12.0
12049;12.12;12.0;15.0;-3.0;12.0
12059;12.1;12.0;15.0;-3.0;12.0
12069;12.123333333333333;12.0;15.0;-3.0;12.0
12079;12.12;12.0;15.0;-3.0;12.0
12089;12.08;12.0;15.0;-3.0;12.0
12099;12.126666666666667;12.0;15.0;-3.0;12.0
12109;12.11;12.0;15.0;-3.0;12.0
12119;12.113333333333333;12.0;15.0;-3.0;12.0
12129;12.16;12.0;15.0;-3.0;12.0
12139;12.123333333333333;12.0;15.0;-3.0;12.0
12149;12.136666666666667;12.0;15.0;-3.0;12.0
12159;12.083333333333334;12.0;15.0;-3.0;12.0
12169;12.076666666666666;12.0;15.0;-3.0;12.0
12179;12.166666666666666;12.0;15.0;-3.0;12.0
12189;12.123333333333333;12.0;15.0;-3.0;12.0
12199;12.113333333333333;12.0;15.0;-3.0;12.0
12209;12.083333333333334;12.0;15.0;-3.0;12.0
12219;12.106666666666667;12.0;15.0;-3.0;12.0
12229;12.1;12.0;15.0;-3.0;12.0
12239;12.126666666666667;12.0;15.0;-3.0;12.0
12249;12.096666666666666;12.0;15.0;-3.0;12.0
12259;12.086666666666666;12.0;15.0;-3.0;12.0
12269;12.123333333333333;12.0;15.0;-3.0;12.0
12279;12.12;12.0;15.0;-3.0;12.0
12289;12.093333333333334;12.0;15.0;-3.0;12.0
12299;12.126666666666667;12.0;15.0;-3.0;12.0
12309;12.103333333333333;12.0;15.0;-3.0;12.0
12319;12.106666666666667;12.0;15.0;-3.0;12.0
12329;12.063333333333333;12.0;15.0;-3.0;12.0
12339;12.113333333333333;12.0;15.0;-3.0;12.0
12349;12.07;12.0;15.0;-3.0;12.0
12359;12.16;12.0;15.0;-3.0;12.0
12369;12.106666666666667;12.0;15.0;-3.0;12.0
12379;12.11;12.0;15.0;-3.0;12.0
12389;12.11;12.0;15.0;-3.0;12.0
12399;12.076666666666666;12.0;15.0;-3.0;12.0
12409;12.08;12.0;15.0;-3.0;12.0
12419;12.13;12.0;15.0;-3.0;12.0
12429;12.083333333333334;12.0;15.0;-3.0;12.0
12439;12.083333333333334;12.0;15.0;-3.0;12.0
12449;12.173333333333334;12.0;15.0;-3.0;12.0
12459;12.11;12.0;15.0;-3.0;12.0
12469;12.08;12.0;15.0;-3.0;12.0
12479;12.13;12.0;15.0;-3.0;12.0
12489;12.146666666666667;12.0;15.0;-3.0;12.0
12499;12.11;12.0;15.0;-3.0;12.0
12509;12.13;12.0;15.0;-3.0;12.0
12519;12.12;12.0;15.0;-3.0;12.0
12529;12.103333333333333;12.0;15.0;-3.0;12.0
12539;12.11;12.0;15.0;-3.0;12.0
12549;12.106666666666667;12.0;15.0;-3.0;12.0
12559;12.14;12.0;15.0;-3.0;12.0
12569;12.07;12.0;15.0;-3.0;12.0
12579;12.106666666666667;12.0;15.0;-3.0;12.0
12589;12.056666666666667;12.0;15.0;-3.0;12.0
12599;12.103333333333333;12.0;15.0;-3.0;12.0
12609;12.103333333333333;12.0;15.0;-3.0;12.0
12619;12.096666666666666;12.0;15.0;-3.0;12.0
12629;12.113333333333333;12.0;15.0;-3.0;12.0
12639;12.173333333333334;12.0;15.0;-3.0;12.0
12649;12.096666666666666;12.0;15.0;-3.0;12.0
12659;12.063333333333333;12.0;15.0;-3.0;12.0
12669;12.146666666666667;12.0;15.0;-3.0;12.0
12679;12.15;12.0;15.0;-3.0;12.0
12689;12.066666666666666;12.0;15.0;-3.0;12.0
12699;12.086666666666666;12.0;15.0;-3.0;12.0
12709;12.146666666666667;12.0;15.0;-3.0;12.0
12719;12.113333333333333;12.0;15.0;-3.0;12.0
12729;12.073333333333334;12.0;15.0;-3.0;12.0
12739;12.126666666666667;12.0;15.0;-3.0;12.0
12749;12.083333333333334;12.0;15.0;-3.0;12.0
12759;12.11;12.0;15.0;-3.0;12.0
12769;12.103333333333333;12.0;15.0;-3.0;12.0
12779;12.1;12.0;15.0;-3.0;12.0
12789;12.133333333333333;12.0;15.0;-3.0;12.0
12799;12.093333333333334;12.0;15.0;-3.0;12.0
12809;12.106666666666667;12.0;15.0;-3.0;12.0
12819;12.123333333333333;12.0;15.0;-3.0;12.0
12829;12.156666666666666;12.0;15.0;-3.0;12.0
12839;12.156666666666666;12.0;15.0;-3.0;12.0
12849;12.14;12.0;15.0;-3.0;12.0
12859;12.143333333333333;12.0;15.0;-3.0;12.0
12869;12.15;12.0;15.0;-3.0;12.0
12879;12.14;12.0;15.0;-3.0;12.0
12889;12.15;12.0;15.0;-3.0;12.0
12899;12.053333333333333;12.0;15.0;-3.0;12.0
12909;12.106666666666667;12.0;15.0;-3.0;12.0
12919;12.1;12.0;15.0;-3.0;12.0
12929;12.086666666666666;12.0;15.0;-3.0;12.0
12939;12.126666666666667;12.0;15.0;-3.0;12.0
12949;12.146666666666667;12.0;15.0;-3.0;12.0
12959;12.06;12.0;15.0;-3.0;12.0
12969;12.146666666666667;12.0;15.0;-3.0;12.0
12979;12.146666666666667;12.0;15.0;-3.0;12.0
12989;12.083333333333334;12.0;15.0;-3.0;12.0
12999;12.116666666666667;12.0;15.0;-3.0;12.0
13009;12.17;12.0;15.0;-3.0;12.0
13019;12.076666666666666;12.0;15.0;-3.0;12.0
13029;12.13;12.0;15.0;-3.0;12.0
13039;12.106666666666667;12.0;15.0;-3.0;12.0
13049;12.12;12.0;15.0;-3.0;12.0
13059;12.17;12.0;15.0;-3.0;12.0
13069;12.11;12.0;15.0;-3.0;12.0
13079;12.06;12.0;15.0;-3.0;12.0
13089;12.083333333333334;12.0;15.0;-3.0;12.0
13099;12.04;12.0;15.0;-3.0;12.0
13109;12.103333333333333;12.0;15.0;-3.0;12.0
13119;12.16;12.0;15.0;-3.0;12.0
13129;12.126666666666667;12.0;15.0;-3.0;12.0
13139;12.13;12.0;15.0;-3.0;12.0
13149;12.116666666666667;12.0;15.0;-3.0;12.0
13159;12.126666666666667;12.0;15.0;-3.0;12.0
13169;12.073333333333334;12.0;15.0;-3.0;12.0
13179;12.086666666666666;12.0;15.0;-3.0;12.0
13189;12.05;12.0;15.0;-3.0;12.0
13199;12.14;12.0;15.0;-3.0;12.0
13209;12.063333333333333;12.0;15.0;-3.0;12.0
13219;12.076666666666666;12.0;15.0;-3.0;12.0
13229;12.163333333333334;12.0;15.0;-3.0;12.0
13239;12.113333333333333;12.0;15.0;-3.0;12.0
13249;12.14;12.0;15.0;-3.0;12.0
13259;12.133333333333333;12.0;15.0;-3.0;12.0
13269;12.113333333333333;12.0;15.0;-3.0;12.0
13279;12.1;12.0;15.0;-3.0;12.0
13289;12.15;12.0;15.0;-3.0;12.0
13299;12.15;12.0;15.0;-3.0;12.0
13309;12.07;12.0;15.0;-3.0;12.0
13319;12.063333333333333;12.0;15.0;-3.0;12.0
13329;12.12;12.0;15.0;-3.0;12.0
13339;12.176666666666666;12.0;15.0;-3.0;12.0
13349;12.11;12.0;15.0;-3.0;12.0
13359;12.123333333333333;12.0;15.0;-3.0;12.0
13369;12.103333333333333;12.0;15.0;-3.0;12.0
13379;12.116666666666667;12.0;15.0;-3.0;12.0
13389;12.093333333333334;12.0;15.0;-3.0;12.0
13399;12.09;12.0;15.0;-3.0;12.0
13409;12.09;12.0;15.0;-3.0;12.0
13419;12.12;12.0;15.0;-3.0;12.0
13429;12.093333333333334;12.0;15.0;-3.0;12.0
13439;12.113333333333333;12.0;15.0;-3.0;12.0
13449;12.086666666666666;12.0;15.0;-3.0;12.0
13459;12.083333333333334;12.0;15.0;-3.0;12.0
13469;12.073333333333334;12.0;15.0;-3.0;12.0
13479;12.083333333333334;12.0;15.0;-3.0;12.0
13489;12.083333333333334;12.0;15.0;-3.0;12.0
13499;12.126666666666667;12.0;15.0;-3.0;12.0
13509;12.106666666666667;12.0;15.0;-3.0;12.0
13519;12.066666666666666;12.0;15.0;-3.0;12.0
13529;12.076666666666666;12.0;15.0;-3.0;12.0
13539;12.113333333333333;12.0;15.0;-3.0;12.0
13549;12.133333333333333;12.0;15.0;-3.0;12.0
13559;12.123333333333333;12.0;15.0;-3.0;12.0
13569;12.06;12.0;15.0;-3.0;12.0
13579;12.093333333333334;12.0;15.0;-3.0;12.0
13589;12.11;12.0;15.0;-3.0;12.0
13599;12.113333333333333;12.0;15.0;-3.0;12.0
13609;12.086666666666666;12.0;15.0;-3.0;12.0
13619;12.143333333333333;12.0;15.0;-3.0;12.0
13629;12.103333333333333;12.0;15.0;-3.0;12.0
13639;12.123333333333333;12.0;15.0;-3.0;12.0
13649;12.093333333333334;12.0;15.0;-3.0;12.0
13659;12.103333333333333;12.0;15.0;-3.0;12.0
13669;12.153333333333334;12.0;15.0;-3.0;12.0
13679;12.08;12.0;15.0;-3.0;12.0
13689;12.08;12.0;15.0;-3.0;12.0
13699;12.1;12.0;15.0;-3.0;12.0
13709;12.036666666666667;12.0;15.0;-3.0;12.0
13719;12.106666666666667;12.0;15.0;-3.0;12.0
13729;12.113333333333333;12.0;15.0;-3.0;12.0
13739;12.17;12.0;15.0;-3.0;12.0
13749;12.15;12.0;15.0;-3.0;12.0
13759;12.106666666666667;12.0;15.0;-3.0;12.0
13769;12.12;12.0;15.0;-3.0;12.0
13779;12.083333333333334;12.0;15.0;-3.0;12.0
13789;12.123333333333333;12.0;15.0;-3.0;12.0
13799;12.106666666666667;12.0;15.0;-3.0;12.0
13809;12.16;12.0;15.0;-3.0;12.0
13819;12.1;12.0;15.0;-3.0;12.0
13829;12.06;12.0;15.0;-3.0;12.0
13839;12.09;12.0;15.0;-3.0;12.0
13849;12.096666666666666;12.0;15.0;-3.0;12.0
13859;12.066666666666666;12.0;15.0;-3.0;12.0
13869;12.17;12.0;15.0;-3.0;12.0
13879;12.183333333333334;12.0;15.0;-3.0;12.0
13889;12.116666666666667;12.0;15.0;-3.0;12.0
13899;12.063333333333333;12.0;15.0;-3.0;12.0
13909;12.126666666666667;12.0;15.0;-3.0;12.0
13919;12.136666666666667;12.0;15.0;-3.0;12.0
13929;12.066666666666666;12.0;15.0;-3.0;12.0
13939;12.096666666666666;12.0;15.0;-3.0;12.0
13949;12.11;12.0;15.0;-3.0;12.0
13959;12.046666666666667;12.0;15.0;-3.0;12.0
13969;12.106666666666667;12.0;15.0;-3.0;12.0
13979;12.153333333333334;12.0;15.0;-3.0;12.0
13989;12.113333333333333;12.0;15.0;-3.0;12.0
13999;12.073333333333334;12.0;15.0;-3.0;12.0
14009;12.126666666666667;12.0;15.0;-3.0;12.0
14019;12.113333333333333;12.0;15.0;-3.0;12.0
14029;12.106666666666667;12.0;15.0;-3.0;12.0
14039;12.103333333333333;12.0;15.0;-3.0;12.0
14049;12.083333333333334;12.0;15.0;-3.0;12.0
14059;12.086666666666666;12.0;15.0;-3.0;12.0
14069;12.066666666666666;12.0;15.0;-3.0;12.0
14079;12.15;12.0;15.0;-3.0;12.0
14089;12.14;12.0;15.0;-3.0;12.0
14099;12.086666666666666;12.0;15.0;-3.0;12.0
14109;12.076666666666666;12.0;15.0;-3.0;12.0
14119;12.123333333333333;12.0;15.0;-3.0;12.0
14129;12.08;12.0;15.0;-3.0;12.0
14139;12.113333333333333;12.0;15.0;-3.0;12.0
14149;12.19;12.0;15.0;-3.0;12.0
14159;12.126666666666667;12.0;15.0;-3.0;12.0
14169;12.08;12.0;15.0;-3.0;12.0
14179;12.103333333333333;12.0;15.0;-3.0;12.0
14189;12.103333333333333;12.0;15.0;-3.0;12.0
14199;12.153333333333334;12.0;15.0;-3.0;12.0
14209;12.13;12.0;15.0;-3.0;12.0
14219;12.15;12.0;15.0;-3.0;12.0
14229;12.086666666666666;12.0;15.0;-3.0;12.0
14239;12.093333333333334;12.0;15.0;-3.0;12.0
14249;12.106666666666667;12.0;15.0;-3.0;12.0
14259;12.12;12.0;15.0;-3.0;12.0
14269;12.063333333333333;12.0;15.0;-3.0;12.0
14279;12.083333333333334;12.0;15.0;-3.0;12.0
14289;12.126666666666667;12.0;15.0;-3.0;12.0
14299;12.11;12.0;15.0;-3.0;12.0
14309;12.13;12.0;15.0;-3.0;12.0
14319;12.103333333333333;12.0;15.0;-3.0;12.0
14329;12.093333333333334;12.0;15.0;-3.0;12.0
14339;12.11;12.0;15.0;-3.0;12.0
14349;12.18;12.0;15.0;-3.0;12.0
14359;12.09;12.0;15.0;-3.0;12.0
14369;12.133333333333333;12.0;15.0;-3.0;12.0
14379;12.14;12.0;15.0;-3.0;12.0
14389;12.11;12.0;15.0;-3.0;12.0
14399;12.13;12.0;15.0;-3.0;12.0
14409;12.193333333333333;12.0;15.0;-3.0;12.0
14419;12.09;12.0;15.0;-3.0;12.0
14429;12.096666666666666;12.0;15.0;-3.0;12.0
14439;12.063333333333333;12.0;15.0;-3.0;12.0
14449;12.116666666666667;12.0;15.0;-3.0;12.0
14459;12.183333333333334;12.0;15.0;-3.0;12.0
14469;12.133333333333333;12.0;15.0;-3.0;12.0
14479;12.096666666666666;12.0;15.0;-3.0;12.0
14489;12.083333333333334;12.0;15.0;-3.0;12.0
14499;12.086666666666666;12.0;15.0;-3.0;12.0
14509;12.16;12.0;15.0;-3.0;12.0
14519;12.1;12.0;15.0;-3.0;12.0
14529;12.143333333333333;12.0;15.0;-3.0;12.0
14539;12.156666666666666;12.0;15.0;-3.0;12.0
14549;12.123333333333333;12.0;15.0;-3.0;12.0
14559;12.066666666666666;12.0;15.0;-3.0;12.0
14569;12.096666666666666;12.0;15.0;-3.0;12.0
14579;12.083333333333334;12.0;15.0;-3.0;12.0
14589;12.136666666666667;12.0;15.0;-3.0;12.0
14599;12.09;12.0;15.0;-3.0;12.0
14609;12.193333333333333;12.0;15.0;-3.0;12.0
14619;12.113333333333333;12.0;15.0;-3.0;12.0
14629;12.12;12.0;15.0;-3.0;12.0
14639;12.1;12.0;15.0;-3.0;12.0
14649;12.146666666666667;12.0;15.0;-3.0;12.0
14659;12.133333333333333;12.0;15.0;-3.0;12.0
14669;12.103333333333333;12.0;15.0;-3.0;12.0
14679;12.186666666666667;12.0;15.0;-3.0;12.0
14689;12.126666666666667;12.0;15.0;-3.0;12.0
14699;12.096666666666666;12.0;15.0;-3.0;12.0
14709;12.086666666666666;12.0;15.0;-3.0;12.0
14719;12.09;12.0;15.0;-3.0;12.0
14729;12.136666666666667;12.0;15.0;-3.0;12.0
14739;12.133333333333333;12.0;15.0;-3.0;12.0
14749;12.113333333333333;12.0;15.0;-3.0;12.0
14759;12.13;12.0;15.0;-3.0;12.0
14769;12.083333333333334;12.0;15.0;-3.0;12.0
14779;12.13;12.0;15.0;-3.0;12.0
14789;12.11;12.0;15.0;-3.0;12.0
14799;12.096666666666666;12.0;15.0;-3.0;12.0
14809;12.156666666666666;12.0;15.0;-3.0;12.0
14819;12.13;12.0;15.0;-3.0;12.0
14829;12.176666666666666;12.0;15.0;-3.0;12.0
14839;12.116666666666667;12.0;15.0;-3.0;12.0
14849;12.126666666666667;12.0;15.0;-3.0;12.0
14859;12.106666666666667;12.0;15.0;-3.0;12.0
14869;12.076666666666666;12.0;15.0;-3.0;12.0
14879;12.09;12.0;15.0;-3.0;12.0
14889;12.15;12.0;15.0;-3.0;12.0
14899;12.146666666666667;12.0;15.0;-3.0;12.0
14909;12.056666666666667;12.0;15.0;-3.0;12.0
14919;12.12;12.0;15.0;-3.0;12.0
14929;12.13;12.0;15.0;-3.0;12.0
14939;12.173333333333334;12.0;15.0;-3.0;12.0
14949;12.126666666666667;12.0;15.0;-3.0;12.0
14959;12.113333333333333;12.0;15.0;-3.0;12.0
14969;12.14;12.0;15.0;-3.0;12.0
14979;12.086666666666666;12.0;15.0;-3.0;12.0
14989;12.146666666666667;12.0;15.0;-3.0;12.0
14999;12.143333333333333;12.0;15.0;-3.0;12.0
