geracao;media da geracao;fitness do melhor da geracao;fitness do pior da geracao;relacao entre melhor e pior;fitness do melhor da run
Probabilidade Recombinação: 0.7
Probabilidade Mutação: 0.049999999999999996
Tipo de Selecção: Torneio
Tipo de Mutação: Simples Al.
Tamanho População: 300
Máximo de Gerações: 15000
0;76.64;63.0;96.0;-33.0;63.0
0;67.65;58.0;77.0;-19.0;58.0
9;50.0;49.0;53.0;-4.0;49.0
19;41.36333333333334;41.0;44.0;-3.0;41.0
29;34.03;33.0;37.0;-4.0;33.0
39;31.073333333333334;31.0;34.0;-3.0;31.0
49;29.046666666666667;29.0;32.0;-3.0;29.0
59;27.30666666666667;27.0;30.0;-3.0;27.0
69;26.083333333333332;26.0;29.0;-3.0;26.0
79;26.123333333333335;26.0;29.0;-3.0;26.0
89;24.22;24.0;28.0;-4.0;24.0
99;19.626666666666665;19.0;23.0;-4.0;19.0
109;19.11;19.0;22.0;-3.0;19.0
119;19.03;19.0;22.0;-3.0;19.0
129;19.086666666666666;19.0;22.0;-3.0;19.0
139;19.083333333333332;19.0;22.0;-3.0;19.0
149;19.066666666666666;19.0;22.0;-3.0;19.0
159;19.123333333333335;19.0;22.0;-3.0;19.0
169;19.116666666666667;19.0;22.0;-3.0;19.0
179;19.1;19.0;22.0;-3.0;19.0
189;19.116666666666667;19.0;22.0;-3.0;19.0
199;19.16;19.0;22.0;-3.0;19.0
209;19.063333333333333;19.0;22.0;-3.0;19.0
219;19.12;19.0;22.0;-3.0;19.0
229;19.136666666666667;19.0;22.0;-3.0;19.0
239;17.066666666666666;17.0;20.0;-3.0;17.0
249;17.14;17.0;20.0;-3.0;17.0
259;17.106666666666666;17.0;20.0;-3.0;17.0
269;17.16;17.0;20.0;-3.0;17.0
279;17.143333333333334;17.0;20.0;-3.0;17.0
289;17.06;17.0;20.0;-3.0;17.0
299;17.12;17.0;20.0;-3.0;17.0
309;16.08;16.0;19.0;-3.0;16.0
319;16.1;16.0;19.0;-3.0;16.0
329;16.08;16.0;19.0;-3.0;16.0
339;16.14666666666667;16.0;19.0;-3.0;16.0
349;16.16;16.0;19.0;-3.0;16.0
359;16.073333333333334;16.0;19.0;-3.0;16.0
369;16.153333333333332;16.0;19.0;-3.0;16.0
379;16.083333333333332;16.0;19.0;-3.0;16.0
389;16.183333333333334;16.0;19.0;-3.0;16.0
399;16.093333333333334;16.0;19.0;-3.0;16.0
409;16.1;16.0;19.0;-3.0;16.0
419;16.1;16.0;19.0;-3.0;16.0
429;16.14;16.0;19.0;-3.0;16.0
439;16.07;16.0;19.0;-3.0;16.0
449;16.106666666666666;16.0;19.0;-3.0;16.0
459;16.093333333333334;16.0;19.0;-3.0;16.0
469;16.12;16.0;19.0;-3.0;16.0
479;16.09;16.0;19.0;-3.0;16.0
489;16.123333333333335;16.0;19.0;-3.0;16.0
499;16.08;16.0;19.0;-3.0;16.0
509;16.153333333333332;16.0;19.0;-3.0;16.0
519;16.096666666666668;16.0;19.0;-3.0;16.0
529;16.123333333333335;16.0;19.0;-3.0;16.0
539;16.086666666666666;16.0;19.0;-3.0;16.0
549;16.183333333333334;16.0;19.0;-3.0;16.0
559;16.136666666666667;16.0;19.0;-3.0;16.0
569;16.09;16.0;19.0;-3.0;16.0
579;16.116666666666667;16.0;19.0;-3.0;16.0
589;16.066666666666666;16.0;19.0;-3.0;16.0
599;16.063333333333333;16.0;19.0;-3.0;16.0
609;16.106666666666666;16.0;19.0;-3.0;16.0
619;16.15;16.0;19.0;-3.0;16.0
629;16.116666666666667;16.0;19.0;-3.0;16.0
639;16.093333333333334;16.0;19.0;-3.0;16.0
649;16.11;16.0;19.0;-3.0;16.0
659;16.10333333333333;16.0;19.0;-3.0;16.0
669;16.076666666666668;16.0;19.0;-3.0;16.0
679;16.106666666666666;16.0;19.0;-3.0;16.0
689;16.053333333333335;16.0;19.0;-3.0;16.0
699;16.126666666666665;16.0;19.0;-3.0;16.0
709;16.12;16.0;19.0;-3.0;16.0
719;16.093333333333334;16.0;19.0;-3.0;16.0
729;16.08;16.0;19.0;-3.0;16.0
739;16.083333333333332;16.0;19.0;-3.0;16.0
749;16.163333333333334;16.0;19.0;-3.0;16.0
759;16.113333333333333;16.0;19.0;-3.0;16.0
769;16.083333333333332;16.0;19.0;-3.0;16.0
779;16.15;16.0;19.0;-3.0;16.0
789;16.08;16.0;19.0;-3.0;16.0
799;16.116666666666667;16.0;19.0;-3.0;16.0
809;16.156666666666666;16.0;19.0;-3.0;16.0
819;16.066666666666666;16.0;19.0;-3.0;16.0
829;16.153333333333332;16.0;19.0;-3.0;16.0
839;16.1;16.0;19.0;-3.0;16.0
849;16.13;16.0;19.0;-3.0;16.0
859;16.116666666666667;16.0;19.0;-3.0;16.0
869;16.123333333333335;16.0;19.0;-3.0;16.0
879;16.10333333333333;16.0;19.0;-3.0;16.0
889;16.136666666666667;16.0;19.0;-3.0;16.0
899;16.086666666666666;16.0;19.0;-3.0;16.0
909;16.126666666666665;16.0;19.0;-3.0;16.0
919;16.086666666666666;16.0;19.0;-3.0;16.0
929;16.07;16.0;19.0;-3.0;16.0
939;16.116666666666667;16.0;19.0;-3.0;16.0
949;16.126666666666665;16.0;19.0;-3.0;16.0
959;16.14;16.0;19.0;-3.0;16.0
969;16.136666666666667;16.0;19.0;-3.0;16.0
979;16.05666666666667;16.0;19.0;-3.0;16.0
989;16.073333333333334;16.0;19.0;-3.0;16.0
999;16.14666666666667;16.0;19.0;-3.0;16.0
1009;16.11;16.0;19.0;-3.0;16.0
1019;16.046666666666667;16.0;18.0;-2.0;16.0
1029;16.136666666666667;16.0;19.0;-3.0;16.0
1039;16.116666666666667;16.0;19.0;-3.0;16.0
1049;16.093333333333334;16.0;19.0;-3.0;16.0
1059;16.14666666666667;16.0;19.0;-3.0;16.0
1069;16.143333333333334;16.0;19.0;-3.0;16.0
1079;16.093333333333334;16.0;19.0;-3.0;16.0
1089;16.12;16.0;19.0;-3.0;16.0
1099;16.123333333333335;16.0;19.0;-3.0;16.0
1109;16.15;16.0;19.0;-3.0;16.0
1119;16.09;16.0;19.0;-3.0;16.0
1129;16.05666666666667;16.0;19.0;-3.0;16.0
1139;16.116666666666667;16.0;19.0;-3.0;16.0
1149;16.163333333333334;16.0;19.0;-3.0;16.0
1159;16.066666666666666;16.0;19.0;-3.0;16.0
1169;16.12;16.0;19.0;-3.0;16.0
1179;16.093333333333334;16.0;19.0;-3.0;16.0
1189;16.063333333333333;16.0;19.0;-3.0;16.0
1199;16.086666666666666;16.0;19.0;-3.0;16.0
1209;16.033333333333335;16.0;19.0;-3.0;16.0
1219;16.123333333333335;16.0;19.0;-3.0;16.0
1229;16.14666666666667;16.0;19.0;-3.0;16.0
1239;16.05666666666667;16.0;19.0;-3.0;16.0
1249;16.116666666666667;16.0;19.0;-3.0;16.0
1259;16.1;16.0;19.0;-3.0;16.0
1269;16.13;16.0;19.0;-3.0;16.0
1279;16.096666666666668;16.0;19.0;-3.0;16.0
1289;16.05;16.0;19.0;-3.0;16.0
1299;16.08;16.0;19.0;-3.0;16.0
1309;16.10333333333333;16.0;19.0;-3.0;16.0
1319;16.106666666666666;16.0;19.0;-3.0;16.0
1329;16.113333333333333;16.0;19.0;-3.0;16.0
1339;16.19;16.0;19.0;-3.0;16.0
1349;16.08;16.0;19.0;-3.0;16.0
1359;16.096666666666668;16.0;19.0;-3.0;16.0
1369;16.046666666666667;16.0;19.0;-3.0;16.0
1379;16.07;16.0;19.0;-3.0;16.0
1389;16.09;16.0;19.0;-3.0;16.0
1399;16.096666666666668;16.0;19.0;-3.0;16.0
1409;16.143333333333334;16.0;19.0;-3.0;16.0
1419;16.096666666666668;16.0;19.0;-3.0;16.0
1429;16.173333333333332;16.0;19.0;-3.0;16.0
1439;16.196666666666665;16.0;19.0;-3.0;16.0
1449;16.1;16.0;19.0;-3.0;16.0
1459;16.123333333333335;16.0;19.0;-3.0;16.0
1469;16.116666666666667;16.0;19.0;-3.0;16.0
1479;16.12;16.0;19.0;-3.0;16.0
1489;16.11;16.0;19.0;-3.0;16.0
1499;16.156666666666666;16.0;19.0;-3.0;16.0
1509;16.113333333333333;16.0;19.0;-3.0;16.0
1519;16.113333333333333;16.0;19.0;-3.0;16.0
1529;16.1;16.0;19.0;-3.0;16.0
1539;16.106666666666666;16.0;19.0;-3.0;16.0
1549;16.10333333333333;16.0;19.0;-3.0;16.0
1559;16.123333333333335;16.0;19.0;-3.0;16.0
1569;16.116666666666667;16.0;19.0;-3.0;16.0
1579;16.086666666666666;16.0;19.0;-3.0;16.0
1589;16.1;16.0;19.0;-3.0;16.0
1599;16.12;16.0;19.0;-3.0;16.0
1609;16.13;16.0;19.0;-3.0;16.0
1619;16.096666666666668;16.0;19.0;-3.0;16.0
1629;16.126666666666665;16.0;19.0;-3.0;16.0
1639;16.136666666666667;16.0;19.0;-3.0;16.0
1649;16.04;16.0;19.0;-3.0;16.0
1659;16.12;16.0;19.0;-3.0;16.0
1669;16.09;16.0;19.0;-3.0;16.0
1679;16.143333333333334;16.0;19.0;-3.0;16.0
1689;16.096666666666668;16.0;19.0;-3.0;16.0
1699;16.11;16.0;19.0;-3.0;16.0
1709;16.16;16.0;19.0;-3.0;16.0
1719;16.11;16.0;19.0;-3.0;16.0
1729;16.123333333333335;16.0;19.0;-3.0;16.0
1739;16.11;16.0;19.0;-3.0;16.0
1749;16.123333333333335;16.0;19.0;-3.0;16.0
1759;16.083333333333332;16.0;19.0;-3.0;16.0
1769;16.156666666666666;16.0;19.0;-3.0;16.0
1779;16.16;16.0;19.0;-3.0;16.0
1789;16.083333333333332;16.0;19.0;-3.0;16.0
1799;16.123333333333335;16.0;19.0;-3.0;16.0
1809;16.123333333333335;16.0;19.0;-3.0;16.0
1819;16.04;16.0;19.0;-3.0;16.0
1829;16.05666666666667;16.0;19.0;-3.0;16.0
1839;16.123333333333335;16.0;19.0;-3.0;16.0
1849;16.06;16.0;19.0;-3.0;16.0
1859;16.14;16.0;19.0;-3.0;16.0
1869;16.13;16.0;19.0;-3.0;16.0
1879;16.11;16.0;19.0;-3.0;16.0
1889;16.113333333333333;16.0;19.0;-3.0;16.0
1899;16.096666666666668;16.0;19.0;-3.0;16.0
1909;16.11;16.0;19.0;-3.0;16.0
1919;16.133333333333333;16.0;19.0;-3.0;16.0
1929;16.15;16.0;19.0;-3.0;16.0
1939;16.11;16.0;19.0;-3.0;16.0
1949;16.14666666666667;16.0;19.0;-3.0;16.0
1959;16.063333333333333;16.0;19.0;-3.0;16.0
1969;16.13;16.0;19.0;-3.0;16.0
1979;16.126666666666665;16.0;19.0;-3.0;16.0
1989;16.116666666666667;16.0;19.0;-3.0;16.0
1999;16.066666666666666;16.0;19.0;-3.0;16.0
2009;16.096666666666668;16.0;19.0;-3.0;16.0
2019;16.133333333333333;16.0;19.0;-3.0;16.0
2029;16.133333333333333;16.0;19.0;-3.0;16.0
2039;16.14;16.0;19.0;-3.0;16.0
2049;16.10333333333333;16.0;19.0;-3.0;16.0
2059;16.173333333333332;16.0;19.0;-3.0;16.0
2069;16.11;16.0;19.0;-3.0;16.0
2079;16.066666666666666;16.0;19.0;-3.0;16.0
2089;16.093333333333334;16.0;19.0;-3.0;16.0
2099;16.10333333333333;16.0;19.0;-3.0;16.0
2109;16.113333333333333;16.0;19.0;-3.0;16.0
2119;16.12;16.0;19.0;-3.0;16.0
2129;16.13;16.0;19.0;-3.0;16.0
2139;16.153333333333332;16.0;19.0;-3.0;16.0
2149;16.136666666666667;16.0;19.0;-3.0;16.0
2159;16.14;16.0;19.0;-3.0;16.0
2169;16.11;16.0;19.0;-3.0;16.0
2179;16.076666666666668;16.0;19.0;-3.0;16.0
2189;16.11;16.0;19.0;-3.0;16.0
2199;16.153333333333332;16.0;19.0;-3.0;16.0
2209;16.106666666666666;16.0;19.0;-3.0;16.0
2219;16.09;16.0;19.0;-3.0;16.0
2229;16.043333333333333;16.0;19.0;-3.0;16.0
2239;16.113333333333333;16.0;19.0;-3.0;16.0
2249;16.076666666666668;16.0;19.0;-3.0;16.0
2259;16.133333333333333;16.0;19.0;-3.0;16.0
2269;16.063333333333333;16.0;19.0;-3.0;16.0
2279;16.106666666666666;16.0;19.0;-3.0;16.0
2289;16.086666666666666;16.0;19.0;-3.0;16.0
2299;16.036666666666665;16.0;19.0;-3.0;16.0
2309;16.1;16.0;19.0;-3.0;16.0
2319;16.13;16.0;19.0;-3.0;16.0
2329;16.07;16.0;19.0;-3.0;16.0
2339;16.063333333333333;16.0;19.0;-3.0;16.0
2349;15.12;15.0;18.0;-3.0;15.0
2359;15.08;15.0;18.0;-3.0;15.0
2369;15.066666666666666;15.0;18.0;-3.0;15.0
2379;15.106666666666667;13.0;18.0;-5.0;13.0
2389;13.143333333333333;13.0;16.0;-3.0;13.0
2399;13.113333333333333;13.0;16.0;-3.0;13.0
2409;13.063333333333333;13.0;16.0;-3.0;13.0
2419;13.083333333333334;13.0;16.0;-3.0;13.0
2429;13.076666666666666;13.0;16.0;-3.0;13.0
2439;13.133333333333333;13.0;16.0;-3.0;13.0
2449;13.043333333333333;13.0;16.0;-3.0;13.0
2459;13.166666666666666;13.0;16.0;-3.0;13.0
2469;13.116666666666667;13.0;16.0;-3.0;13.0
2479;13.116666666666667;13.0;16.0;-3.0;13.0
2489;13.126666666666667;13.0;16.0;-3.0;13.0
2499;13.093333333333334;13.0;16.0;-3.0;13.0
2509;13.06;13.0;16.0;-3.0;13.0
2519;13.176666666666666;13.0;16.0;-3.0;13.0
2529;13.08;13.0;16.0;-3.0;13.0
2539;13.096666666666666;13.0;16.0;-3.0;13.0
2549;13.103333333333333;13.0;16.0;-3.0;13.0
2559;13.183333333333334;13.0;16.0;-3.0;13.0
2569;13.103333333333333;13.0;16.0;-3.0;13.0
2579;13.146666666666667;13.0;16.0;-3.0;13.0
2589;13.11;13.0;16.0;-3.0;13.0
2599;13.103333333333333;13.0;16.0;-3.0;13.0
2609;13.146666666666667;13.0;16.0;-3.0;13.0
2619;13.1;13.0;16.0;-3.0;13.0
2629;13.096666666666666;13.0;16.0;-3.0;13.0
2639;13.08;13.0;16.0;-3.0;13.0
2649;13.076666666666666;13.0;16.0;-3.0;13.0
2659;13.093333333333334;13.0;16.0;-3.0;13.0
2669;13.13;13.0;16.0;-3.0;13.0
2679;13.09;13.0;16.0;-3.0;13.0
2689;13.116666666666667;13.0;16.0;-3.0;13.0
2699;13.12;13.0;16.0;-3.0;13.0
2709;13.103333333333333;13.0;16.0;-3.0;13.0
2719;13.106666666666667;13.0;16.0;-3.0;13.0
2729;13.113333333333333;13.0;16.0;-3.0;13.0
2739;13.063333333333333;13.0;16.0;-3.0;13.0
2749;13.123333333333333;13.0;16.0;-3.0;13.0
2759;13.14;13.0;16.0;-3.0;13.0
2769;13.143333333333333;13.0;16.0;-3.0;13.0
2779;13.133333333333333;13.0;16.0;-3.0;13.0
2789;13.083333333333334;13.0;16.0;-3.0;13.0
2799;13.096666666666666;13.0;16.0;-3.0;13.0
2809;13.096666666666666;13.0;16.0;-3.0;13.0
2819;13.21;13.0;16.0;-3.0;13.0
2829;13.096666666666666;13.0;16.0;-3.0;13.0
2839;13.13;13.0;16.0;-3.0;13.0
2849;13.09;13.0;16.0;-3.0;13.0
2859;13.096666666666666;13.0;16.0;-3.0;13.0
2869;13.103333333333333;13.0;16.0;-3.0;13.0
2879;13.13;13.0;16.0;-3.0;13.0
2889;13.076666666666666;13.0;16.0;-3.0;13.0
2899;13.166666666666666;13.0;16.0;-3.0;13.0
2909;13.113333333333333;13.0;16.0;-3.0;13.0
2919;13.1;13.0;16.0;-3.0;13.0
2929;13.15;13.0;16.0;-3.0;13.0
2939;13.11;13.0;16.0;-3.0;13.0
2949;13.11;13.0;16.0;-3.0;13.0
2959;13.163333333333334;13.0;16.0;-3.0;13.0
2969;13.083333333333334;13.0;16.0;-3.0;13.0
2979;13.093333333333334;13.0;16.0;-3.0;13.0
2989;13.056666666666667;13.0;16.0;-3.0;13.0
2999;13.13;13.0;16.0;-3.0;13.0
3009;13.163333333333334;13.0;16.0;-3.0;13.0
3019;13.113333333333333;13.0;16.0;-3.0;13.0
3029;13.083333333333334;13.0;16.0;-3.0;13.0
3039;13.09;13.0;16.0;-3.0;13.0
3049;13.146666666666667;13.0;16.0;-3.0;13.0
3059;13.116666666666667;13.0;16.0;-3.0;13.0
3069;13.136666666666667;13.0;16.0;-3.0;13.0
3079;13.093333333333334;13.0;16.0;-3.0;13.0
3089;13.09;13.0;16.0;-3.0;13.0
3099;13.116666666666667;13.0;16.0;-3.0;13.0
3109;13.09;13.0;16.0;-3.0;13.0
3119;13.146666666666667;13.0;16.0;-3.0;13.0
3129;13.1;13.0;16.0;-3.0;13.0
3139;13.116666666666667;13.0;16.0;-3.0;13.0
3149;13.096666666666666;13.0;16.0;-3.0;13.0
3159;13.203333333333333;13.0;16.0;-3.0;13.0
3169;13.083333333333334;13.0;16.0;-3.0;13.0
3179;13.173333333333334;13.0;16.0;-3.0;13.0
3189;13.093333333333334;13.0;16.0;-3.0;13.0
3199;13.076666666666666;13.0;16.0;-3.0;13.0
3209;13.153333333333334;13.0;16.0;-3.0;13.0
3219;13.163333333333334;13.0;16.0;-3.0;13.0
3229;13.116666666666667;13.0;16.0;-3.0;13.0
3239;13.063333333333333;13.0;16.0;-3.0;13.0
3249;13.133333333333333;13.0;16.0;-3.0;13.0
3259;13.1;13.0;16.0;-3.0;13.0
3269;13.11;13.0;16.0;-3.0;13.0
3279;13.13;13.0;16.0;-3.0;13.0
3289;13.14;13.0;16.0;-3.0;13.0
3299;13.08;13.0;16.0;-3.0;13.0
3309;13.086666666666666;13.0;16.0;-3.0;13.0
3319;13.093333333333334;13.0;16.0;-3.0;13.0
3329;13.11;13.0;16.0;-3.0;13.0
3339;13.09;13.0;16.0;-3.0;13.0
3349;13.073333333333334;13.0;16.0;-3.0;13.0
3359;13.146666666666667;13.0;16.0;-3.0;13.0
3369;13.14;13.0;16.0;-3.0;13.0
3379;13.123333333333333;13.0;16.0;-3.0;13.0
3389;13.156666666666666;13.0;16.0;-3.0;13.0
3399;13.086666666666666;13.0;16.0;-3.0;13.0
3409;13.076666666666666;13.0;16.0;-3.0;13.0
3419;13.14;13.0;16.0;-3.0;13.0
3429;13.096666666666666;13.0;16.0;-3.0;13.0
3439;13.123333333333333;13.0;16.0;-3.0;13.0
3449;13.136666666666667;13.0;16.0;-3.0;13.0
3459;13.076666666666666;13.0;16.0;-3.0;13.0
3469;13.086666666666666;13.0;16.0;-3.0;13.0
3479;13.17;13.0;16.0;-3.0;13.0
3489;13.14;13.0;16.0;-3.0;13.0
3499;13.126666666666667;13.0;16.0;-3.0;13.0
3509;13.113333333333333;13.0;16.0;-3.0;13.0
3519;13.123333333333333;13.0;16.0;-3.0;13.0
3529;13.126666666666667;13.0;16.0;-3.0;13.0
3539;13.126666666666667;13.0;16.0;-3.0;13.0
3549;13.13;13.0;16.0;-3.0;13.0
3559;13.083333333333334;13.0;16.0;-3.0;13.0
3569;13.09;13.0;16.0;-3.0;13.0
3579;13.17;13.0;16.0;-3.0;13.0
3589;13.076666666666666;13.0;16.0;-3.0;13.0
3599;13.076666666666666;13.0;16.0;-3.0;13.0
3609;13.063333333333333;13.0;16.0;-3.0;13.0
3619;13.07;13.0;16.0;-3.0;13.0
3629;13.143333333333333;13.0;16.0;-3.0;13.0
3639;13.116666666666667;13.0;16.0;-3.0;13.0
3649;13.096666666666666;13.0;16.0;-3.0;13.0
3659;13.2;13.0;16.0;-3.0;13.0
3669;13.096666666666666;13.0;16.0;-3.0;13.0
3679;13.156666666666666;13.0;16.0;-3.0;13.0
3689;13.163333333333334;13.0;16.0;-3.0;13.0
3699;13.113333333333333;13.0;16.0;-3.0;13.0
3709;13.133333333333333;13.0;16.0;-3.0;13.0
3719;13.096666666666666;13.0;16.0;-3.0;13.0
3729;13.123333333333333;13.0;16.0;-3.0;13.0
3739;13.123333333333333;13.0;16.0;-3.0;13.0
3749;13.163333333333334;13.0;16.0;-3.0;13.0
3759;13.09;13.0;16.0;-3.0;13.0
3769;13.12;13.0;16.0;-3.0;13.0
3779;13.096666666666666;13.0;16.0;-3.0;13.0
3789;13.083333333333334;13.0;16.0;-3.0;13.0
3799;13.093333333333334;13.0;16.0;-3.0;13.0
3809;13.116666666666667;13.0;16.0;-3.0;13.0
3819;13.163333333333334;13.0;16.0;-3.0;13.0
3829;13.133333333333333;13.0;16.0;-3.0;13.0
3839;13.083333333333334;13.0;16.0;-3.0;13.0
3849;13.113333333333333;13.0;16.0;-3.0;13.0
3859;13.15;13.0;16.0;-3.0;13.0
3869;13.096666666666666;13.0;16.0;-3.0;13.0
3879;13.043333333333333;13.0;16.0;-3.0;13.0
3889;13.11;13.0;16.0;-3.0;13.0
3899;13.043333333333333;13.0;16.0;-3.0;13.0
3909;13.083333333333334;13.0;16.0;-3.0;13.0
3919;13.053333333333333;13.0;16.0;-3.0;13.0
3929;13.08;13.0;16.0;-3.0;13.0
3939;13.16;13.0;16.0;-3.0;13.0
3949;13.116666666666667;13.0;16.0;-3.0;13.0
3959;13.113333333333333;13.0;16.0;-3.0;13.0
3969;13.13;13.0;16.0;-3.0;13.0
3979;13.073333333333334;13.0;16.0;-3.0;13.0
3989;13.136666666666667;13.0;16.0;-3.0;13.0
3999;13.073333333333334;13.0;16.0;-3.0;13.0
4009;13.17;13.0;16.0;-3.0;13.0
4019;13.093333333333334;13.0;16.0;-3.0;13.0
4029;13.063333333333333;13.0;16.0;-3.0;13.0
4039;13.113333333333333;13.0;16.0;-3.0;13.0
4049;13.12;13.0;16.0;-3.0;13.0
4059;13.07;13.0;16.0;-3.0;13.0
4069;13.08;13.0;16.0;-3.0;13.0
4079;13.07;13.0;16.0;-3.0;13.0
4089;13.066666666666666;13.0;16.0;-3.0;13.0
4099;13.103333333333333;13.0;16.0;-3.0;13.0
4109;13.12;13.0;16.0;-3.0;13.0
4119;13.13;13.0;16.0;-3.0;13.0
4129;13.096666666666666;13.0;16.0;-3.0;13.0
4139;13.12;13.0;16.0;-3.0;13.0
4149;13.103333333333333;13.0;16.0;-3.0;13.0
4159;13.136666666666667;13.0;16.0;-3.0;13.0
4169;13.153333333333334;13.0;16.0;-3.0;13.0
4179;13.106666666666667;13.0;16.0;-3.0;13.0
4189;13.093333333333334;13.0;16.0;-3.0;13.0
4199;13.1;13.0;16.0;-3.0;13.0
4209;13.07;13.0;16.0;-3.0;13.0
4219;13.136666666666667;13.0;16.0;-3.0;13.0
4229;13.136666666666667;13.0;16.0;-3.0;13.0
4239;13.083333333333334;13.0;16.0;-3.0;13.0
4249;13.086666666666666;13.0;16.0;-3.0;13.0
4259;13.07;13.0;16.0;-3.0;13.0
4269;13.093333333333334;13.0;16.0;-3.0;13.0
4279;13.05;13.0;16.0;-3.0;13.0
4289;13.113333333333333;13.0;16.0;-3.0;13.0
4299;13.096666666666666;13.0;16.0;-3.0;13.0
4309;13.103333333333333;13.0;16.0;-3.0;13.0
4319;13.15;13.0;16.0;-3.0;13.0
4329;13.086666666666666;13.0;16.0;-3.0;13.0
4339;13.063333333333333;13.0;16.0;-3.0;13.0
4349;13.116666666666667;13.0;16.0;-3.0;13.0
4359;13.09;13.0;16.0;-3.0;13.0
4369;13.136666666666667;13.0;16.0;-3.0;13.0
4379;13.09;13.0;16.0;-3.0;13.0
4389;13.103333333333333;13.0;16.0;-3.0;13.0
4399;13.186666666666667;13.0;16.0;-3.0;13.0
4409;13.13;13.0;16.0;-3.0;13.0
4419;13.133333333333333;13.0;16.0;-3.0;13.0
4429;13.17;13.0;16.0;-3.0;13.0
4439;13.13;13.0;16.0;-3.0;13.0
4449;13.133333333333333;13.0;16.0;-3.0;13.0
4459;13.07;13.0;16.0;-3.0;13.0
4469;13.18;13.0;16.0;-3.0;13.0
4479;13.12;13.0;16.0;-3.0;13.0
4489;13.123333333333333;13.0;16.0;-3.0;13.0
4499;13.096666666666666;13.0;16.0;-3.0;13.0
4509;13.126666666666667;13.0;16.0;-3.0;13.0
4519;13.143333333333333;13.0;16.0;-3.0;13.0
4529;13.1;13.0;16.0;-3.0;13.0
4539;13.11;13.0;16.0;-3.0;13.0
4549;13.116666666666667;13.0;16.0;-3.0;13.0
4559;13.126666666666667;13.0;16.0;-3.0;13.0
4569;13.073333333333334;13.0;16.0;-3.0;13.0
4579;13.143333333333333;13.0;16.0;-3.0;13.0
4589;13.126666666666667;13.0;16.0;-3.0;13.0
4599;13.133333333333333;13.0;16.0;-3.0;13.0
4609;13.106666666666667;13.0;16.0;-3.0;13.0
4619;13.083333333333334;13.0;16.0;-3.0;13.0
4629;13.096666666666666;13.0;16.0;-3.0;13.0
4639;13.13;13.0;16.0;-3.0;13.0
4649;13.11;13.0;16.0;-3.0;13.0
4659;13.13;13.0;16.0;-3.0;13.0
4669;13.08;13.0;16.0;-3.0;13.0
4679;13.086666666666666;13.0;16.0;-3.0;13.0
4689;13.08;13.0;16.0;-3.0;13.0
4699;13.153333333333334;13.0;16.0;-3.0;13.0
4709;13.136666666666667;13.0;16.0;-3.0;13.0
4719;13.123333333333333;13.0;16.0;-3.0;13.0
4729;13.106666666666667;13.0;16.0;-3.0;13.0
4739;13.073333333333334;13.0;16.0;-3.0;13.0
4749;13.133333333333333;13.0;16.0;-3.0;13.0
4759;13.203333333333333;13.0;16.0;-3.0;13.0
4769;13.206666666666667;13.0;16.0;-3.0;13.0
4779;13.08;13.0;16.0;-3.0;13.0
4789;13.096666666666666;13.0;16.0;-3.0;13.0
4799;13.14;13.0;16.0;-3.0;13.0
4809;13.113333333333333;13.0;16.0;-3.0;13.0
4819;13.113333333333333;13.0;16.0;-3.0;13.0
4829;13.116666666666667;13.0;16.0;-3.0;13.0
4839;13.1;13.0;16.0;-3.0;13.0
4849;13.143333333333333;13.0;16.0;-3.0;13.0
4859;13.11;13.0;16.0;-3.0;13.0
4869;13.153333333333334;13.0;16.0;-3.0;13.0
4879;13.103333333333333;13.0;16.0;-3.0;13.0
4889;13.08;13.0;16.0;-3.0;13.0
4899;13.1;13.0;16.0;-3.0;13.0
4909;13.136666666666667;13.0;16.0;-3.0;13.0
4919;13.103333333333333;13.0;16.0;-3.0;13.0
4929;13.126666666666667;13.0;16.0;-3.0;13.0
4939;13.166666666666666;13.0;16.0;-3.0;13.0
4949;13.12;13.0;16.0;-3.0;13.0
4959;13.11;13.0;16.0;-3.0;13.0
4969;13.14;13.0;16.0;-3.0;13.0
4979;13.06;13.0;16.0;-3.0;13.0
4989;13.123333333333333;13.0;16.0;-3.0;13.0
4999;13.093333333333334;13.0;16.0;-3.0;13.0
5009;13.113333333333333;13.0;16.0;-3.0;13.0
5019;13.123333333333333;13.0;16.0;-3.0;13.0
5029;13.086666666666666;13.0;16.0;-3.0;13.0
5039;13.093333333333334;13.0;16.0;-3.0;13.0
5049;13.12;13.0;16.0;-3.0;13.0
5059;13.103333333333333;13.0;16.0;-3.0;13.0
5069;13.12;13.0;16.0;-3.0;13.0
5079;13.133333333333333;13.0;16.0;-3.0;13.0
5089;13.086666666666666;13.0;16.0;-3.0;13.0
5099;13.13;13.0;16.0;-3.0;13.0
5109;13.12;13.0;16.0;-3.0;13.0
5119;13.096666666666666;13.0;16.0;-3.0;13.0
5129;13.076666666666666;13.0;16.0;-3.0;13.0
5139;13.163333333333334;13.0;16.0;-3.0;13.0
5149;13.103333333333333;13.0;16.0;-3.0;13.0
5159;13.093333333333334;13.0;16.0;-3.0;13.0
5169;13.126666666666667;13.0;16.0;-3.0;13.0
5179;13.126666666666667;13.0;16.0;-3.0;13.0
5189;13.146666666666667;13.0;16.0;-3.0;13.0
5199;13.123333333333333;13.0;16.0;-3.0;13.0
5209;13.073333333333334;13.0;16.0;-3.0;13.0
5219;13.073333333333334;13.0;16.0;-3.0;13.0
5229;13.076666666666666;13.0;16.0;-3.0;13.0
5239;13.126666666666667;13.0;16.0;-3.0;13.0
5249;13.133333333333333;13.0;16.0;-3.0;13.0
5259;13.09;13.0;16.0;-3.0;13.0
5269;13.136666666666667;13.0;16.0;-3.0;13.0
5279;13.116666666666667;13.0;16.0;-3.0;13.0
5289;13.14;13.0;16.0;-3.0;13.0
5299;13.063333333333333;13.0;16.0;-3.0;13.0
5309;13.16;13.0;16.0;-3.0;13.0
5319;13.126666666666667;13.0;16.0;-3.0;13.0
5329;13.163333333333334;13.0;16.0;-3.0;13.0
5339;13.113333333333333;13.0;16.0;-3.0;13.0
5349;13.096666666666666;13.0;16.0;-3.0;13.0
5359;13.156666666666666;13.0;16.0;-3.0;13.0
5369;13.086666666666666;13.0;16.0;-3.0;13.0
5379;13.13;13.0;16.0;-3.0;13.0
5389;13.09;13.0;16.0;-3.0;13.0
5399;13.046666666666667;13.0;16.0;-3.0;13.0
5409;13.206666666666667;13.0;16.0;-3.0;13.0
5419;13.156666666666666;13.0;16.0;-3.0;13.0
5429;13.04;13.0;16.0;-3.0;13.0
5439;13.1;13.0;16.0;-3.0;13.0
5449;13.106666666666667;13.0;16.0;-3.0;13.0
5459;13.133333333333333;13.0;16.0;-3.0;13.0
5469;13.093333333333334;13.0;16.0;-3.0;13.0
5479;13.136666666666667;13.0;16.0;-3.0;13.0
5489;13.086666666666666;13.0;16.0;-3.0;13.0
5499;13.083333333333334;13.0;16.0;-3.0;13.0
5509;13.126666666666667;13.0;16.0;-3.0;13.0
5519;13.123333333333333;13.0;16.0;-3.0;13.0
5529;13.1;13.0;16.0;-3.0;13.0
5539;13.076666666666666;13.0;16.0;-3.0;13.0
5549;13.13;13.0;16.0;-3.0;13.0
5559;13.12;13.0;16.0;-3.0;13.0
5569;13.183333333333334;13.0;16.0;-3.0;13.0
5579;13.09;13.0;16.0;-3.0;13.0
5589;13.096666666666666;13.0;16.0;-3.0;13.0
5599;13.13;13.0;16.0;-3.0;13.0
5609;13.09;13.0;16.0;-3.0;13.0
5619;13.07;13.0;16.0;-3.0;13.0
5629;13.163333333333334;13.0;16.0;-3.0;13.0
5639;13.14;13.0;16.0;-3.0;13.0
5649;13.09;13.0;16.0;-3.0;13.0
5659;13.173333333333334;13.0;16.0;-3.0;13.0
5669;13.153333333333334;13.0;16.0;-3.0;13.0
5679;13.086666666666666;13.0;16.0;-3.0;13.0
5689;13.13;13.0;16.0;-3.0;13.0
5699;13.09;13.0;16.0;-3.0;13.0
5709;13.113333333333333;13.0;16.0;-3.0;13.0
5719;13.066666666666666;13.0;16.0;-3.0;13.0
5729;13.09;13.0;16.0;-3.0;13.0
5739;13.09;13.0;16.0;-3.0;13.0
5749;13.136666666666667;13.0;16.0;-3.0;13.0
5759;13.093333333333334;13.0;16.0;-3.0;13.0
5769;13.08;13.0;16.0;-3.0;13.0
5779;13.09;13.0;16.0;-3.0;13.0
5789;13.116666666666667;13.0;16.0;-3.0;13.0
5799;13.153333333333334;13.0;16.0;-3.0;13.0
5809;13.09;13.0;16.0;-3.0;13.0
5819;13.116666666666667;13.0;16.0;-3.0;13.0
5829;13.12;13.0;16.0;-3.0;13.0
5839;13.116666666666667;13.0;16.0;-3.0;13.0
5849;13.07;13.0;16.0;-3.0;13.0
5859;13.116666666666667;13.0;16.0;-3.0;13.0
5869;13.086666666666666;13.0;16.0;-3.0;13.0
5879;13.133333333333333;13.0;16.0;-3.0;13.0
5889;13.106666666666667;13.0;16.0;-3.0;13.0
5899;13.076666666666666;13.0;16.0;-3.0;13.0
5909;13.103333333333333;13.0;16.0;-3.0;13.0
5919;13.096666666666666;13.0;16.0;-3.0;13.0
5929;13.07;13.0;16.0;-3.0;13.0
5939;13.096666666666666;13.0;16.0;-3.0;13.0
5949;13.103333333333333;13.0;16.0;-3.0;13.0
5959;13.13;13.0;16.0;-3.0;13.0
5969;13.1;13.0;16.0;-3.0;13.0
5979;13.14;13.0;16.0;-3.0;13.0
5989;13.086666666666666;13.0;16.0;-3.0;13.0
5999;13.096666666666666;13.0;16.0;-3.0;13.0
6009;13.16;13.0;16.0;-3.0;13.0
6019;13.143333333333333;13.0;16.0;-3.0;13.0
6029;13.073333333333334;13.0;16.0;-3.0;13.0
6039;13.176666666666666;13.0;16.0;-3.0;13.0
6049;13.046666666666667;13.0;16.0;-3.0;13.0
6059;13.073333333333334;13.0;16.0;-3.0;13.0
6069;13.14;13.0;16.0;-3.0;13.0
6079;13.133333333333333;13.0;16.0;-3.0;13.0
6089;13.103333333333333;13.0;16.0;-3.0;13.0
6099;13.176666666666666;13.0;16.0;-3.0;13.0
6109;13.106666666666667;13.0;16.0;-3.0;13.0
6119;13.156666666666666;13.0;16.0;-3.0;13.0
6129;13.11;13.0;16.0;-3.0;13.0
6139;13.1;13.0;16.0;-3.0;13.0
6149;13.086666666666666;13.0;16.0;-3.0;13.0
6159;13.12;13.0;16.0;-3.0;13.0
6169;13.036666666666667;13.0;16.0;-3.0;13.0
6179;13.15;13.0;16.0;-3.0;13.0
6189;13.156666666666666;13.0;16.0;-3.0;13.0
6199;13.09;13.0;16.0;-3.0;13.0
6209;13.09;13.0;16.0;-3.0;13.0
6219;13.093333333333334;13.0;16.0;-3.0;13.0
6229;13.11;13.0;16.0;-3.0;13.0
6239;13.056666666666667;13.0;16.0;-3.0;13.0
6249;13.066666666666666;13.0;16.0;-3.0;13.0
6259;13.1;13.0;16.0;-3.0;13.0
6269;13.123333333333333;13.0;16.0;-3.0;13.0
6279;13.083333333333334;13.0;16.0;-3.0;13.0
6289;13.083333333333334;13.0;16.0;-3.0;13.0
6299;13.09;13.0;16.0;-3.0;13.0
6309;13.096666666666666;13.0;16.0;-3.0;13.0
6319;13.15;13.0;16.0;-3.0;13.0
6329;13.14;13.0;16.0;-3.0;13.0
6339;13.07;13.0;16.0;-3.0;13.0
6349;13.123333333333333;13.0;16.0;-3.0;13.0
6359;13.106666666666667;13.0;16.0;-3.0;13.0
6369;13.173333333333334;13.0;16.0;-3.0;13.0
6379;13.11;13.0;16.0;-3.0;13.0
6389;13.096666666666666;13.0;16.0;-3.0;13.0
6399;13.13;13.0;16.0;-3.0;13.0
6409;13.076666666666666;13.0;16.0;-3.0;13.0
6419;13.113333333333333;13.0;16.0;-3.0;13.0
6429;13.083333333333334;13.0;16.0;-3.0;13.0
6439;13.153333333333334;13.0;16.0;-3.0;13.0
6449;13.14;13.0;16.0;-3.0;13.0
6459;13.096666666666666;13.0;16.0;-3.0;13.0
6469;13.086666666666666;13.0;16.0;-3.0;13.0
6479;13.073333333333334;13.0;16.0;-3.0;13.0
6489;13.076666666666666;13.0;16.0;-3.0;13.0
6499;13.143333333333333;13.0;16.0;-3.0;13.0
6509;13.11;13.0;16.0;-3.0;13.0
6519;13.07;13.0;16.0;-3.0;13.0
6529;13.126666666666667;13.0;16.0;-3.0;13.0
6539;13.096666666666666;13.0;16.0;-3.0;13.0
6549;13.143333333333333;13.0;16.0;-3.0;13.0
6559;13.176666666666666;13.0;16.0;-3.0;13.0
6569;13.083333333333334;13.0;16.0;-3.0;13.0
6579;13.156666666666666;13.0;16.0;-3.0;13.0
6589;13.103333333333333;13.0;16.0;-3.0;13.0
6599;13.146666666666667;13.0;16.0;-3.0;13.0
6609;13.066666666666666;13.0;16.0;-3.0;13.0
6619;13.12;13.0;16.0;-3.0;13.0
6629;13.17;13.0;16.0;-3.0;13.0
6639;13.093333333333334;13.0;16.0;-3.0;13.0
6649;13.086666666666666;13.0;16.0;-3.0;13.0
6659;13.113333333333333;13.0;16.0;-3.0;13.0
6669;13.07;13.0;16.0;-3.0;13.0
6679;13.096666666666666;13.0;16.0;-3.0;13.0
6689;13.073333333333334;13.0;16.0;-3.0;13.0
6699;13.11;13.0;16.0;-3.0;13.0
6709;13.093333333333334;13.0;16.0;-3.0;13.0
6719;13.083333333333334;13.0;16.0;-3.0;13.0
6729;13.113333333333333;13.0;16.0;-3.0;13.0
6739;13.13;13.0;16.0;-3.0;13.0
6749;13.126666666666667;13.0;16.0;-3.0;13.0
6759;13.093333333333334;13.0;16.0;-3.0;13.0
6769;13.08;13.0;16.0;-3.0;13.0
6779;13.096666666666666;13.0;16.0;-3.0;13.0
6789;13.08;13.0;16.0;-3.0;13.0
6799;13.123333333333333;13.0;16.0;-3.0;13.0
6809;13.1;13.0;16.0;-3.0;13.0
6819;13.13;13.0;16.0;-3.0;13.0
6829;13.09;13.0;16.0;-3.0;13.0
6839;13.056666666666667;13.0;16.0;-3.0;13.0
6849;13.09;13.0;16.0;-3.0;13.0
6859;13.103333333333333;13.0;16.0;-3.0;13.0
6869;13.15;13.0;16.0;-3.0;13.0
6879;13.096666666666666;13.0;16.0;-3.0;13.0
6889;13.126666666666667;13.0;16.0;-3.0;13.0
6899;13.156666666666666;13.0;16.0;-3.0;13.0
6909;13.11;13.0;16.0;-3.0;13.0
6919;13.163333333333334;13.0;16.0;-3.0;13.0
6929;13.103333333333333;13.0;16.0;-3.0;13.0
6939;13.116666666666667;13.0;16.0;-3.0;13.0
6949;13.163333333333334;13.0;16.0;-3.0;13.0
6959;13.06;13.0;16.0;-3.0;13.0
6969;13.07;13.0;16.0;-3.0;13.0
6979;13.153333333333334;13.0;16.0;-3.0;13.0
6989;13.093333333333334;13.0;16.0;-3.0;13.0
6999;13.156666666666666;13.0;16.0;-3.0;13.0
7009;13.15;13.0;16.0;-3.0;13.0
7019;13.103333333333333;13.0;16.0;-3.0;13.0
7029;13.093333333333334;13.0;16.0;-3.0;13.0
7039;13.18;13.0;16.0;-3.0;13.0
7049;13.11;13.0;16.0;-3.0;13.0
7059;13.163333333333334;13.0;16.0;-3.0;13.0
7069;13.066666666666666;13.0;16.0;-3.0;13.0
7079;13.116666666666667;13.0;16.0;-3.0;13.0
7089;13.11;13.0;16.0;-3.0;13.0
7099;13.11;13.0;16.0;-3.0;13.0
7109;13.166666666666666;13.0;16.0;-3.0;13.0
7119;13.11;13.0;16.0;-3.0;13.0
7129;13.136666666666667;13.0;16.0;-3.0;13.0
7139;13.163333333333334;13.0;16.0;-3.0;13.0
7149;13.106666666666667;13.0;16.0;-3.0;13.0
7159;13.15;13.0;16.0;-3.0;13.0
7169;13.116666666666667;13.0;16.0;-3.0;13.0
7179;13.116666666666667;13.0;16.0;-3.0;13.0
7189;13.15;13.0;16.0;-3.0;13.0
7199;13.06;13.0;16.0;-3.0;13.0
7209;13.196666666666667;13.0;16.0;-3.0;13.0
7219;13.053333333333333;13.0;16.0;-3.0;13.0
7229;13.123333333333333;13.0;16.0;-3.0;13.0
7239;13.073333333333334;13.0;16.0;-3.0;13.0
7249;13.13;13.0;16.0;-3.0;13.0
7259;13.156666666666666;13.0;16.0;-3.0;13.0
7269;13.12;13.0;16.0;-3.0;13.0
7279;13.053333333333333;13.0;16.0;-3.0;13.0
7289;13.086666666666666;13.0;16.0;-3.0;13.0
7299;13.076666666666666;13.0;16.0;-3.0;13.0
7309;13.08;13.0;16.0;-3.0;13.0
7319;13.156666666666666;13.0;16.0;-3.0;13.0
7329;13.123333333333333;13.0;16.0;-3.0;13.0
7339;13.1;13.0;16.0;-3.0;13.0
7349;13.093333333333334;13.0;16.0;-3.0;13.0
7359;13.073333333333334;13.0;16.0;-3.0;13.0
7369;13.16;13.0;16.0;-3.0;13.0
7379;13.133333333333333;13.0;16.0;-3.0;13.0
7389;13.066666666666666;13.0;16.0;-3.0;13.0
7399;13.116666666666667;13.0;16.0;-3.0;13.0
7409;13.126666666666667;13.0;16.0;-3.0;13.0
7419;13.193333333333333;13.0;16.0;-3.0;13.0
7429;13.15;13.0;16.0;-3.0;13.0
7439;13.116666666666667;13.0;16.0;-3.0;13.0
7449;13.183333333333334;13.0;16.0;-3.0;13.0
7459;13.136666666666667;13.0;16.0;-3.0;13.0
7469;13.096666666666666;13.0;16.0;-3.0;13.0
7479;13.1;13.0;16.0;-3.0;13.0
7489;13.18;13.0;16.0;-3.0;13.0
7499;13.103333333333333;13.0;16.0;-3.0;13.0
7509;13.046666666666667;13.0;16.0;-3.0;13.0
7519;13.073333333333334;13.0;16.0;-3.0;13.0
7529;13.11;13.0;16.0;-3.0;13.0
7539;13.09;13.0;16.0;-3.0;13.0
7549;13.076666666666666;13.0;16.0;-3.0;13.0
7559;13.14;13.0;16.0;-3.0;13.0
7569;13.133333333333333;13.0;16.0;-3.0;13.0
7579;13.123333333333333;13.0;16.0;-3.0;13.0
7589;13.113333333333333;13.0;16.0;-3.0;13.0
7599;13.11;13.0;16.0;-3.0;13.0
7609;13.186666666666667;13.0;16.0;-3.0;13.0
7619;13.096666666666666;13.0;16.0;-3.0;13.0
7629;13.106666666666667;13.0;16.0;-3.0;13.0
7639;13.096666666666666;13.0;16.0;-3.0;13.0
7649;13.11;13.0;16.0;-3.0;13.0
7659;13.096666666666666;13.0;16.0;-3.0;13.0
7669;13.126666666666667;13.0;16.0;-3.0;13.0
7679;13.13;13.0;16.0;-3.0;13.0
7689;13.14;13.0;16.0;-3.0;13.0
7699;13.15;13.0;16.0;-3.0;13.0
7709;13.156666666666666;13.0;16.0;-3.0;13.0
7719;13.08;13.0;16.0;-3.0;13.0
7729;13.076666666666666;13.0;16.0;-3.0;13.0
7739;13.18;13.0;16.0;-3.0;13.0
7749;13.103333333333333;13.0;16.0;-3.0;13.0
7759;13.083333333333334;13.0;16.0;-3.0;13.0
7769;13.163333333333334;13.0;16.0;-3.0;13.0
7779;13.113333333333333;13.0;16.0;-3.0;13.0
7789;13.126666666666667;13.0;16.0;-3.0;13.0
7799;13.106666666666667;13.0;16.0;-3.0;13.0
7809;13.15;13.0;16.0;-3.0;13.0
7819;13.08;13.0;16.0;-3.0;13.0
7829;13.123333333333333;13.0;16.0;-3.0;13.0
7839;13.12;13.0;16.0;-3.0;13.0
7849;13.123333333333333;13.0;16.0;-3.0;13.0
7859;13.133333333333333;13.0;16.0;-3.0;13.0
7869;13.043333333333333;13.0;16.0;-3.0;13.0
7879;13.186666666666667;13.0;16.0;-3.0;13.0
7889;13.113333333333333;13.0;16.0;-3.0;13.0
7899;13.08;13.0;16.0;-3.0;13.0
7909;13.07;13.0;16.0;-3.0;13.0
7919;13.14;13.0;16.0;-3.0;13.0
7929;13.1;13.0;16.0;-3.0;13.0
7939;13.066666666666666;13.0;16.0;-3.0;13.0
7949;13.12;13.0;16.0;-3.0;13.0
7959;13.106666666666667;13.0;16.0;-3.0;13.0
7969;13.09;13.0;16.0;-3.0;13.0
7979;13.156666666666666;13.0;16.0;-3.0;13.0
7989;13.116666666666667;13.0;16.0;-3.0;13.0
7999;13.066666666666666;13.0;16.0;-3.0;13.0
8009;13.106666666666667;13.0;16.0;-3.0;13.0
8019;13.093333333333334;13.0;16.0;-3.0;13.0
8029;13.1;13.0;16.0;-3.0;13.0
8039;13.083333333333334;13.0;16.0;-3.0;13.0
8049;13.133333333333333;13.0;16.0;-3.0;13.0
8059;13.093333333333334;13.0;16.0;-3.0;13.0
8069;13.103333333333333;13.0;16.0;-3.0;13.0
8079;13.07;13.0;16.0;-3.0;13.0
8089;13.086666666666666;13.0;16.0;-3.0;13.0
8099;13.096666666666666;13.0;16.0;-3.0;13.0
8109;13.103333333333333;13.0;16.0;-3.0;13.0
8119;13.063333333333333;13.0;16.0;-3.0;13.0
8129;13.063333333333333;13.0;16.0;-3.0;13.0
8139;13.183333333333334;13.0;16.0;-3.0;13.0
8149;13.086666666666666;13.0;16.0;-3.0;13.0
8159;13.14;13.0;16.0;-3.0;13.0
8169;13.096666666666666;13.0;16.0;-3.0;13.0
8179;13.156666666666666;13.0;16.0;-3.0;13.0
8189;13.113333333333333;13.0;16.0;-3.0;13.0
8199;13.12;13.0;16.0;-3.0;13.0
8209;13.106666666666667;13.0;16.0;-3.0;13.0
8219;13.11;13.0;16.0;-3.0;13.0
8229;13.106666666666667;13.0;16.0;-3.0;13.0
8239;13.146666666666667;13.0;16.0;-3.0;13.0
8249;13.116666666666667;13.0;16.0;-3.0;13.0
8259;13.103333333333333;13.0;16.0;-3.0;13.0
8269;13.13;13.0;16.0;-3.0;13.0
8279;13.12;13.0;16.0;-3.0;13.0
8289;13.116666666666667;13.0;16.0;-3.0;13.0
8299;13.046666666666667;13.0;16.0;-3.0;13.0
8309;13.15;13.0;16.0;-3.0;13.0
8319;13.173333333333334;13.0;16.0;-3.0;13.0
8329;13.083333333333334;13.0;16.0;-3.0;13.0
8339;13.103333333333333;13.0;16.0;-3.0;13.0
8349;13.133333333333333;13.0;16.0;-3.0;13.0
8359;13.14;13.0;16.0;-3.0;13.0
8369;13.086666666666666;13.0;16.0;-3.0;13.0
8379;13.13;13.0;16.0;-3.0;13.0
8389;13.133333333333333;13.0;16.0;-3.0;13.0
8399;13.09;13.0;16.0;-3.0;13.0
8409;13.126666666666667;13.0;16.0;-3.0;13.0
8419;13.103333333333333;13.0;16.0;-3.0;13.0
8429;13.126666666666667;13.0;16.0;-3.0;13.0
8439;13.066666666666666;13.0;16.0;-3.0;13.0
8449;13.19;13.0;16.0;-3.0;13.0
8459;13.086666666666666;13.0;16.0;-3.0;13.0
8469;13.073333333333334;13.0;16.0;-3.0;13.0
8479;13.08;13.0;16.0;-3.0;13.0
8489;13.1;13.0;16.0;-3.0;13.0
8499;13.08;13.0;16.0;-3.0;13.0
8509;13.173333333333334;13.0;16.0;-3.0;13.0
8519;13.116666666666667;13.0;16.0;-3.0;13.0
8529;13.113333333333333;13.0;16.0;-3.0;13.0
8539;13.15;13.0;16.0;-3.0;13.0
8549;13.123333333333333;13.0;16.0;-3.0;13.0
8559;13.1;13.0;16.0;-3.0;13.0
8569;13.136666666666667;13.0;16.0;-3.0;13.0
8579;13.106666666666667;13.0;16.0;-3.0;13.0
8589;13.063333333333333;13.0;16.0;-3.0;13.0
8599;13.12;13.0;16.0;-3.0;13.0
8609;13.136666666666667;13.0;16.0;-3.0;13.0
8619;13.163333333333334;13.0;16.0;-3.0;13.0
8629;13.08;13.0;16.0;-3.0;13.0
8639;13.13;13.0;16.0;-3.0;13.0
8649;13.126666666666667;13.0;16.0;-3.0;13.0
8659;13.066666666666666;13.0;16.0;-3.0;13.0
8669;13.106666666666667;13.0;16.0;-3.0;13.0
8679;13.11;13.0;16.0;-3.0;13.0
8689;13.03;13.0;16.0;-3.0;13.0
8699;13.08;13.0;16.0;-3.0;13.0
8709;13.123333333333333;13.0;16.0;-3.0;13.0
8719;13.08;13.0;16.0;-3.0;13.0
8729;13.096666666666666;13.0;16.0;-3.0;13.0
8739;13.12;13.0;16.0;-3.0;13.0
8749;13.146666666666667;13.0;16.0;-3.0;13.0
8759;13.12;13.0;16.0;-3.0;13.0
8769;13.086666666666666;13.0;16.0;-3.0;13.0
8779;13.076666666666666;13.0;16.0;-3.0;13.0
8789;13.046666666666667;13.0;16.0;-3.0;13.0
8799;13.15;13.0;16.0;-3.0;13.0
8809;13.196666666666667;13.0;16.0;-3.0;13.0
8819;13.093333333333334;13.0;16.0;-3.0;13.0
8829;13.08;13.0;16.0;-3.0;13.0
8839;13.08;13.0;16.0;-3.0;13.0
8849;13.076666666666666;13.0;16.0;-3.0;13.0
8859;13.13;13.0;16.0;-3.0;13.0
8869;13.076666666666666;13.0;16.0;-3.0;13.0
8879;13.133333333333333;13.0;16.0;-3.0;13.0
8889;13.11;13.0;16.0;-3.0;13.0
8899;13.193333333333333;13.0;16.0;-3.0;13.0
8909;13.113333333333333;13.0;16.0;-3.0;13.0
8919;13.093333333333334;13.0;16.0;-3.0;13.0
8929;13.153333333333334;13.0;16.0;-3.0;13.0
8939;13.156666666666666;13.0;16.0;-3.0;13.0
8949;13.1;13.0;16.0;-3.0;13.0
8959;13.106666666666667;13.0;16.0;-3.0;13.0
8969;13.14;13.0;16.0;-3.0;13.0
8979;13.12;13.0;16.0;-3.0;13.0
8989;13.103333333333333;13.0;16.0;-3.0;13.0
8999;13.113333333333333;13.0;16.0;-3.0;13.0
9009;13.126666666666667;13.0;16.0;-3.0;13.0
9019;13.1;13.0;16.0;-3.0;13.0
9029;13.106666666666667;13.0;16.0;-3.0;13.0
9039;13.166666666666666;13.0;16.0;-3.0;13.0
9049;13.086666666666666;13.0;16.0;-3.0;13.0
9059;13.106666666666667;13.0;16.0;-3.0;13.0
9069;13.146666666666667;13.0;16.0;-3.0;13.0
9079;13.093333333333334;13.0;16.0;-3.0;13.0
9089;13.103333333333333;13.0;16.0;-3.0;13.0
9099;13.103333333333333;13.0;16.0;-3.0;13.0
9109;13.153333333333334;13.0;16.0;-3.0;13.0
9119;13.083333333333334;13.0;16.0;-3.0;13.0
9129;13.156666666666666;13.0;16.0;-3.0;13.0
9139;13.163333333333334;13.0;16.0;-3.0;13.0
9149;13.156666666666666;13.0;16.0;-3.0;13.0
9159;13.103333333333333;13.0;16.0;-3.0;13.0
9169;13.13;13.0;16.0;-3.0;13.0
9179;13.093333333333334;13.0;16.0;-3.0;13.0
9189;13.09;13.0;16.0;-3.0;13.0
9199;13.1;13.0;16.0;-3.0;13.0
9209;13.07;13.0;16.0;-3.0;13.0
9219;13.156666666666666;13.0;16.0;-3.0;13.0
9229;13.113333333333333;13.0;16.0;-3.0;13.0
9239;13.096666666666666;13.0;16.0;-3.0;13.0
9249;13.12;13.0;16.0;-3.0;13.0
9259;13.14;13.0;16.0;-3.0;13.0
9269;13.076666666666666;13.0;16.0;-3.0;13.0
9279;13.056666666666667;13.0;16.0;-3.0;13.0
9289;13.086666666666666;13.0;16.0;-3.0;13.0
9299;13.1;13.0;16.0;-3.0;13.0
9309;13.113333333333333;13.0;16.0;-3.0;13.0
9319;13.113333333333333;13.0;16.0;-3.0;13.0
9329;13.083333333333334;13.0;16.0;-3.0;13.0
9339;13.116666666666667;13.0;16.0;-3.0;13.0
9349;13.073333333333334;13.0;16.0;-3.0;13.0
9359;13.14;13.0;16.0;-3.0;13.0
9369;13.14;13.0;16.0;-3.0;13.0
9379;13.103333333333333;13.0;16.0;-3.0;13.0
9389;13.106666666666667;13.0;16.0;-3.0;13.0
9399;13.053333333333333;13.0;16.0;-3.0;13.0
9409;13.07;13.0;16.0;-3.0;13.0
9419;13.11;13.0;16.0;-3.0;13.0
9429;13.123333333333333;13.0;16.0;-3.0;13.0
9439;13.083333333333334;13.0;16.0;-3.0;13.0
9449;13.146666666666667;13.0;16.0;-3.0;13.0
9459;13.093333333333334;13.0;16.0;-3.0;13.0
9469;13.12;13.0;16.0;-3.0;13.0
9479;13.153333333333334;13.0;16.0;-3.0;13.0
9489;13.143333333333333;13.0;16.0;-3.0;13.0
9499;13.14;13.0;16.0;-3.0;13.0
9509;13.086666666666666;13.0;16.0;-3.0;13.0
9519;13.086666666666666;13.0;16.0;-3.0;13.0
9529;13.1;13.0;16.0;-3.0;13.0
9539;13.146666666666667;13.0;16.0;-3.0;13.0
9549;13.1;13.0;16.0;-3.0;13.0
9559;13.116666666666667;13.0;16.0;-3.0;13.0
9569;13.09;13.0;16.0;-3.0;13.0
9579;13.106666666666667;13.0;16.0;-3.0;13.0
9589;13.08;13.0;16.0;-3.0;13.0
9599;13.096666666666666;13.0;16.0;-3.0;13.0
9609;13.093333333333334;13.0;16.0;-3.0;13.0
9619;13.1;13.0;16.0;-3.0;13.0
9629;13.093333333333334;13.0;16.0;-3.0;13.0
9639;13.09;13.0;16.0;-3.0;13.0
9649;13.106666666666667;13.0;16.0;-3.0;13.0
9659;13.183333333333334;13.0;16.0;-3.0;13.0
9669;13.073333333333334;13.0;16.0;-3.0;13.0
9679;13.073333333333334;13.0;16.0;-3.0;13.0
9689;13.116666666666667;13.0;16.0;-3.0;13.0
9699;13.16;13.0;16.0;-3.0;13.0
9709;13.116666666666667;13.0;16.0;-3.0;13.0
9719;13.103333333333333;13.0;16.0;-3.0;13.0
9729;13.06;13.0;16.0;-3.0;13.0
9739;13.14;13.0;16.0;-3.0;13.0
9749;13.136666666666667;13.0;16.0;-3.0;13.0
9759;13.093333333333334;13.0;16.0;-3.0;13.0
9769;13.116666666666667;13.0;16.0;-3.0;13.0
9779;13.116666666666667;13.0;16.0;-3.0;13.0
9789;13.106666666666667;13.0;16.0;-3.0;13.0
9799;13.14;13.0;16.0;-3.0;13.0
9809;13.076666666666666;13.0;16.0;-3.0;13.0
9819;13.09;13.0;16.0;-3.0;13.0
9829;13.12;13.0;16.0;-3.0;13.0
9839;13.083333333333334;13.0;16.0;-3.0;13.0
9849;13.16;13.0;16.0;-3.0;13.0
9859;13.12;13.0;16.0;-3.0;13.0
9869;13.13;13.0;16.0;-3.0;13.0
9879;13.043333333333333;13.0;16.0;-3.0;13.0
9889;13.123333333333333;13.0;16.0;-3.0;13.0
9899;13.093333333333334;13.0;16.0;-3.0;13.0
9909;13.15;13.0;16.0;-3.0;13.0
9919;13.166666666666666;13.0;16.0;-3.0;13.0
9929;13.163333333333334;13.0;16.0;-3.0;13.0
9939;13.123333333333333;13.0;16.0;-3.0;13.0
9949;13.093333333333334;13.0;16.0;-3.0;13.0
9959;13.056666666666667;13.0;16.0;-3.0;13.0
9969;13.113333333333333;13.0;16.0;-3.0;13.0
9979;13.106666666666667;13.0;16.0;-3.0;13.0
9989;13.12;13.0;16.0;-3.0;13.0
9999;13.113333333333333;13.0;16.0;-3.0;13.0
10009;13.106666666666667;13.0;16.0;-3.0;13.0
10019;13.14;13.0;16.0;-3.0;13.0
10029;13.15;13.0;16.0;-3.0;13.0
10039;13.103333333333333;13.0;16.0;-3.0;13.0
10049;13.06;13.0;16.0;-3.0;13.0
10059;13.1;13.0;16.0;-3.0;13.0
10069;13.123333333333333;13.0;16.0;-3.0;13.0
10079;13.096666666666666;13.0;16.0;-3.0;13.0
10089;13.086666666666666;13.0;16.0;-3.0;13.0
10099;13.113333333333333;13.0;16.0;-3.0;13.0
10109;13.06;13.0;16.0;-3.0;13.0
10119;13.053333333333333;13.0;16.0;-3.0;13.0
10129;13.13;13.0;16.0;-3.0;13.0
10139;13.133333333333333;13.0;16.0;-3.0;13.0
10149;13.07;13.0;16.0;-3.0;13.0
10159;13.06;13.0;16.0;-3.0;13.0
10169;13.1;13.0;16.0;-3.0;13.0
10179;13.093333333333334;13.0;16.0;-3.0;13.0
10189;13.1;13.0;16.0;-3.0;13.0
10199;13.113333333333333;13.0;16.0;-3.0;13.0
10209;13.073333333333334;13.0;16.0;-3.0;13.0
10219;13.116666666666667;13.0;16.0;-3.0;13.0
10229;13.056666666666667;13.0;16.0;-3.0;13.0
10239;13.063333333333333;13.0;16.0;-3.0;13.0
10249;13.11;13.0;16.0;-3.0;13.0
10259;13.13;13.0;16.0;-3.0;13.0
10269;13.1;13.0;16.0;-3.0;13.0
10279;13.133333333333333;13.0;16.0;-3.0;13.0
10289;13.103333333333333;13.0;16.0;-3.0;13.0
10299;13.126666666666667;13.0;16.0;-3.0;13.0
10309;13.096666666666666;13.0;16.0;-3.0;13.0
10319;13.086666666666666;13.0;16.0;-3.0;13.0
10329;13.12;13.0;16.0;-3.0;13.0
10339;13.09;13.0;16.0;-3.0;13.0
10349;13.163333333333334;13.0;16.0;-3.0;13.0
10359;13.203333333333333;13.0;16.0;-3.0;13.0
10369;13.103333333333333;13.0;16.0;-3.0;13.0
10379;13.063333333333333;13.0;16.0;-3.0;13.0
10389;13.116666666666667;13.0;16.0;-3.0;13.0
10399;13.083333333333334;13.0;16.0;-3.0;13.0
10409;13.123333333333333;13.0;16.0;-3.0;13.0
10419;13.076666666666666;13.0;16.0;-3.0;13.0
10429;13.063333333333333;13.0;16.0;-3.0;13.0
10439;13.096666666666666;13.0;16.0;-3.0;13.0
10449;13.056666666666667;13.0;16.0;-3.0;13.0
10459;13.156666666666666;13.0;16.0;-3.0;13.0
10469;13.063333333333333;13.0;16.0;-3.0;13.0
10479;13.086666666666666;13.0;16.0;-3.0;13.0
10489;13.12;13.0;16.0;-3.0;13.0
10499;13.07;13.0;16.0;-3.0;13.0
10509;13.083333333333334;13.0;16.0;-3.0;13.0
10519;13.176666666666666;13.0;16.0;-3.0;13.0
10529;13.153333333333334;13.0;16.0;-3.0;13.0
10539;13.1;13.0;16.0;-3.0;13.0
10549;13.123333333333333;13.0;16.0;-3.0;13.0
10559;13.143333333333333;13.0;16.0;-3.0;13.0
10569;13.163333333333334;13.0;16.0;-3.0;13.0
10579;13.136666666666667;13.0;16.0;-3.0;13.0
10589;13.163333333333334;13.0;16.0;-3.0;13.0
10599;13.086666666666666;13.0;16.0;-3.0;13.0
10609;13.103333333333333;13.0;16.0;-3.0;13.0
10619;13.116666666666667;13.0;16.0;-3.0;13.0
10629;13.073333333333334;13.0;16.0;-3.0;13.0
10639;13.096666666666666;13.0;16.0;-3.0;13.0
10649;13.103333333333333;13.0;16.0;-3.0;13.0
10659;13.086666666666666;13.0;16.0;-3.0;13.0
10669;13.103333333333333;13.0;16.0;-3.0;13.0
10679;13.106666666666667;13.0;16.0;-3.0;13.0
10689;13.076666666666666;13.0;16.0;-3.0;13.0
10699;13.073333333333334;13.0;16.0;-3.0;13.0
10709;13.146666666666667;13.0;16.0;-3.0;13.0
10719;13.12;13.0;16.0;-3.0;13.0
10729;13.08;13.0;16.0;-3.0;13.0
10739;13.096666666666666;13.0;16.0;-3.0;13.0
10749;13.123333333333333;13.0;16.0;-3.0;13.0
10759;13.11;13.0;16.0;-3.0;13.0
10769;13.12;13.0;16.0;-3.0;13.0
10779;13.16;13.0;16.0;-3.0;13.0
10789;13.113333333333333;13.0;16.0;-3.0;13.0
10799;13.106666666666667;13.0;16.0;-3.0;13.0
10809;13.126666666666667;13.0;16.0;-3.0;13.0
10819;13.12;13.0;16.0;-3.0;13.0
10829;13.146666666666667;13.0;16.0;-3.0;13.0
10839;13.15;13.0;16.0;-3.0;13.0
10849;13.13;13.0;16.0;-3.0;13.0
10859;13.123333333333333;13.0;16.0;-3.0;13.0
10869;13.113333333333333;13.0;16.0;-3.0;13.0
10879;13.196666666666667;13.0;16.0;-3.0;13.0
10889;13.133333333333333;13.0;16.0;-3.0;13.0
10899;13.11;13.0;16.0;-3.0;13.0
10909;13.116666666666667;13.0;16.0;-3.0;13.0
10919;13.083333333333334;13.0;16.0;-3.0;13.0
10929;13.103333333333333;13.0;16.0;-3.0;13.0
10939;13.09;13.0;16.0;-3.0;13.0
10949;13.106666666666667;13.0;16.0;-3.0;13.0
10959;13.103333333333333;13.0;16.0;-3.0;13.0
10969;13.083333333333334;13.0;16.0;-3.0;13.0
10979;13.086666666666666;13.0;16.0;-3.0;13.0
10989;13.146666666666667;13.0;16.0;-3.0;13.0
10999;13.146666666666667;13.0;16.0;-3.0;13.0
11009;13.143333333333333;13.0;16.0;-3.0;13.0
11019;13.14;13.0;16.0;-3.0;13.0
11029;13.123333333333333;13.0;16.0;-3.0;13.0
11039;13.18;13.0;16.0;-3.0;13.0
11049;13.11;13.0;16.0;-3.0;13.0
11059;13.096666666666666;13.0;16.0;-3.0;13.0
11069;13.13;13.0;16.0;-3.0;13.0
11079;13.073333333333334;13.0;16.0;-3.0;13.0
11089;13.09;13.0;16.0;-3.0;13.0
11099;13.116666666666667;13.0;16.0;-3.0;13.0
11109;13.09;13.0;16.0;-3.0;13.0
11119;13.066666666666666;13.0;16.0;-3.0;13.0
11129;13.106666666666667;13.0;16.0;-3.0;13.0
11139;13.113333333333333;13.0;16.0;-3.0;13.0
11149;13.113333333333333;13.0;16.0;-3.0;13.0
11159;13.13;13.0;16.0;-3.0;13.0
11169;13.186666666666667;13.0;16.0;-3.0;13.0
11179;13.106666666666667;13.0;16.0;-3.0;13.0
11189;13.09;13.0;16.0;-3.0;13.0
11199;13.146666666666667;13.0;16.0;-3.0;13.0
11209;13.1;13.0;16.0;-3.0;13.0
11219;13.11;13.0;16.0;-3.0;13.0
11229;13.18;13.0;16.0;-3.0;13.0
11239;13.103333333333333;13.0;16.0;-3.0;13.0
11249;13.156666666666666;13.0;16.0;-3.0;13.0
11259;13.116666666666667;13.0;16.0;-3.0;13.0
11269;13.13;13.0;16.0;-3.0;13.0
11279;13.103333333333333;13.0;16.0;-3.0;13.0
11289;13.166666666666666;13.0;16.0;-3.0;13.0
11299;13.103333333333333;13.0;16.0;-3.0;13.0
11309;13.103333333333333;13.0;16.0;-3.0;13.0
11319;13.09;13.0;16.0;-3.0;13.0
11329;13.066666666666666;13.0;16.0;-3.0;13.0
11339;13.103333333333333;13.0;16.0;-3.0;13.0
11349;13.136666666666667;13.0;16.0;-3.0;13.0
11359;13.073333333333334;13.0;16.0;-3.0;13.0
11369;13.1;13.0;16.0;-3.0;13.0
11379;13.076666666666666;13.0;16.0;-3.0;13.0
11389;13.193333333333333;13.0;16.0;-3.0;13.0
11399;13.086666666666666;13.0;16.0;-3.0;13.0
11409;13.093333333333334;13.0;16.0;-3.0;13.0
11419;13.116666666666667;13.0;16.0;-3.0;13.0
11429;13.063333333333333;13.0;16.0;-3.0;13.0
11439;13.136666666666667;13.0;16.0;-3.0;13.0
11449;13.106666666666667;13.0;16.0;-3.0;13.0
11459;13.14;13.0;16.0;-3.0;13.0
11469;13.126666666666667;13.0;16.0;-3.0;13.0
11479;13.103333333333333;13.0;16.0;-3.0;13.0
11489;13.076666666666666;13.0;16.0;-3.0;13.0
11499;13.126666666666667;13.0;16.0;-3.0;13.0
11509;13.083333333333334;13.0;16.0;-3.0;13.0
11519;13.17;13.0;16.0;-3.0;13.0
11529;13.136666666666667;13.0;16.0;-3.0;13.0
11539;13.103333333333333;13.0;16.0;-3.0;13.0
11549;13.12;13.0;16.0;-3.0;13.0
11559;13.113333333333333;13.0;16.0;-3.0;13.0
11569;13.106666666666667;13.0;16.0;-3.0;13.0
11579;13.133333333333333;13.0;16.0;-3.0;13.0
11589;13.093333333333334;13.0;16.0;-3.0;13.0
11599;13.12;13.0;16.0;-3.0;13.0
11609;13.09;13.0;16.0;-3.0;13.0
11619;13.086666666666666;13.0;16.0;-3.0;13.0
11629;13.15;13.0;16.0;-3.0;13.0
11639;13.133333333333333;13.0;16.0;-3.0;13.0
11649;13.123333333333333;13.0;16.0;-3.0;13.0
11659;13.08;13.0;16.0;-3.0;13.0
11669;13.153333333333334;13.0;16.0;-3.0;13.0
11679;13.083333333333334;13.0;16.0;-3.0;13.0
11689;13.09;13.0;16.0;-3.0;13.0
11699;13.12;13.0;16.0;-3.0;13.0
11709;13.073333333333334;13.0;16.0;-3.0;13.0
11719;13.116666666666667;13.0;16.0;-3.0;13.0
11729;13.073333333333334;13.0;16.0;-3.0;13.0
11739;13.08;13.0;16.0;-3.0;13.0
11749;13.1;13.0;16.0;-3.0;13.0
11759;13.11;13.0;16.0;-3.0;13.0
11769;13.09;13.0;16.0;-3.0;13.0
11779;13.063333333333333;13.0;16.0;-3.0;13.0
11789;13.12;13.0;16.0;-3.0;13.0
11799;13.13;13.0;16.0;-3.0;13.0
11809;13.15;13.0;16.0;-3.0;13.0
11819;13.093333333333334;13.0;16.0;-3.0;13.0
11829;13.16;13.0;16.0;-3.0;13.0
11839;13.1;13.0;16.0;-3.0;13.0
11849;13.12;13.0;16.0;-3.0;13.0
11859;13.083333333333334;13.0;16.0;-3.0;13.0
11869;13.106666666666667;13.0;16.0;-3.0;13.0
11879;13.103333333333333;13.0;16.0;-3.0;13.0
11889;13.1;13.0;16.0;-3.0;13.0
11899;13.083333333333334;13.0;16.0;-3.0;13.0
11909;13.123333333333333;13.0;16.0;-3.0;13.0
11919;13.136666666666667;13.0;16.0;-3.0;13.0
11929;13.106666666666667;13.0;16.0;-3.0;13.0
11939;13.126666666666667;13.0;16.0;-3.0;13.0
11949;13.13;13.0;16.0;-3.0;13.0
11959;13.106666666666667;13.0;16.0;-3.0;13.0
11969;13.123333333333333;13.0;16.0;-3.0;13.0
11979;13.06;13.0;16.0;-3.0;13.0
11989;13.126666666666667;13.0;16.0;-3.0;13.0
11999;13.153333333333334;13.0;16.0;-3.0;13.0
12009;13.05;13.0;16.0;-3.0;13.0
12019;13.106666666666667;13.0;16.0;-3.0;13.0
12029;13.143333333333333;13.0;16.0;-3.0;13.0
12039;13.1;13.0;16.0;-3.0;13.0
12049;13.11;13.0;16.0;-3.0;13.0
12059;13.113333333333333;13.0;16.0;-3.0;13.0
12069;13.123333333333333;13.0;16.0;-3.0;13.0
12079;13.126666666666667;13.0;16.0;-3.0;13.0
12089;13.076666666666666;13.0;16.0;-3.0;13.0
12099;13.153333333333334;13.0;16.0;-3.0;13.0
12109;13.103333333333333;13.0;16.0;-3.0;13.0
12119;13.096666666666666;13.0;16.0;-3.0;13.0
12129;13.153333333333334;13.0;16.0;-3.0;13.0
12139;13.11;13.0;16.0;-3.0;13.0
12149;13.146666666666667;13.0;16.0;-3.0;13.0
12159;13.103333333333333;13.0;16.0;-3.0;13.0
12169;13.093333333333334;13.0;16.0;-3.0;13.0
12179;13.146666666666667;13.0;16.0;-3.0;13.0
12189;13.123333333333333;13.0;16.0;-3.0;13.0
12199;13.116666666666667;13.0;16.0;-3.0;13.0
12209;13.096666666666666;13.0;16.0;-3.0;13.0
12219;13.146666666666667;13.0;16.0;-3.0;13.0
12229;13.1;13.0;16.0;-3.0;13.0
12239;13.12;13.0;16.0;-3.0;13.0
12249;13.09;13.0;16.0;-3.0;13.0
12259;13.09;13.0;16.0;-3.0;13.0
12269;13.116666666666667;13.0;16.0;-3.0;13.0
12279;13.113333333333333;13.0;16.0;-3.0;13.0
12289;13.096666666666666;13.0;16.0;-3.0;13.0
12299;13.1;13.0;16.0;-3.0;13.0
12309;13.113333333333333;13.0;16.0;-3.0;13.0
12319;13.08;13.0;16.0;-3.0;13.0
12329;13.06;13.0;16.0;-3.0;13.0
12339;13.123333333333333;13.0;16.0;-3.0;13.0
12349;13.08;13.0;16.0;-3.0;13.0
12359;13.183333333333334;13.0;16.0;-3.0;13.0
12369;13.14;13.0;16.0;-3.0;13.0
12379;13.106666666666667;13.0;16.0;-3.0;13.0
12389;13.126666666666667;13.0;16.0;-3.0;13.0
12399;13.093333333333334;13.0;16.0;-3.0;13.0
12409;13.07;13.0;16.0;-3.0;13.0
12419;13.093333333333334;13.0;16.0;-3.0;13.0
12429;13.083333333333334;13.0;16.0;-3.0;13.0
12439;13.096666666666666;13.0;16.0;-3.0;13.0
12449;13.15;13.0;16.0;-3.0;13.0
12459;13.093333333333334;13.0;16.0;-3.0;13.0
12469;13.06;13.0;16.0;-3.0;13.0
12479;13.103333333333333;13.0;16.0;-3.0;13.0
12489;13.17;13.0;16.0;-3.0;13.0
12499;13.126666666666667;13.0;16.0;-3.0;13.0
12509;13.136666666666667;13.0;16.0;-3.0;13.0
12519;13.113333333333333;13.0;16.0;-3.0;13.0
12529;13.116666666666667;13.0;16.0;-3.0;13.0
12539;13.11;13.0;16.0;-3.0;13.0
12549;13.103333333333333;13.0;16.0;-3.0;13.0
12559;13.1;13.0;16.0;-3.0;13.0
12569;13.07;13.0;16.0;-3.0;13.0
12579;13.096666666666666;13.0;16.0;-3.0;13.0
12589;13.076666666666666;13.0;16.0;-3.0;13.0
12599;13.116666666666667;13.0;16.0;-3.0;13.0
12609;13.16;13.0;16.0;-3.0;13.0
12619;13.1;13.0;16.0;-3.0;13.0
12629;13.11;13.0;16.0;-3.0;13.0
12639;13.18;13.0;16.0;-3.0;13.0
12649;13.12;13.0;16.0;-3.0;13.0
12659;13.076666666666666;13.0;16.0;-3.0;13.0
12669;13.12;13.0;16.0;-3.0;13.0
12679;13.16;13.0;16.0;-3.0;13.0
12689;13.073333333333334;13.0;16.0;-3.0;13.0
12699;13.096666666666666;13.0;16.0;-3.0;13.0
12709;13.133333333333333;13.0;16.0;-3.0;13.0
12719;13.096666666666666;13.0;16.0;-3.0;13.0
12729;13.063333333333333;13.0;16.0;-3.0;13.0
12739;13.093333333333334;13.0;16.0;-3.0;13.0
12749;13.066666666666666;13.0;16.0;-3.0;13.0
12759;13.113333333333333;13.0;16.0;-3.0;13.0
12769;13.11;13.0;16.0;-3.0;13.0
12779;13.086666666666666;13.0;16.0;-3.0;13.0
12789;13.136666666666667;13.0;16.0;-3.0;13.0
12799;13.113333333333333;13.0;16.0;-3.0;13.0
12809;13.166666666666666;13.0;16.0;-3.0;13.0
12819;13.12;13.0;16.0;-3.0;13.0
12829;13.163333333333334;13.0;16.0;-3.0;13.0
12839;13.13;13.0;16.0;-3.0;13.0
12849;13.133333333333333;13.0;16.0;-3.0;13.0
12859;13.18;13.0;16.0;-3.0;13.0
12869;13.17;13.0;16.0;-3.0;13.0
12879;13.133333333333333;13.0;16.0;-3.0;13.0
12889;13.113333333333333;13.0;16.0;-3.0;13.0
12899;13.06;13.0;16.0;-3.0;13.0
12909;13.11;13.0;16.0;-3.0;13.0
12919;13.116666666666667;13.0;16.0;-3.0;13.0
12929;13.09;13.0;16.0;-3.0;13.0
12939;13.14;13.0;16.0;-3.0;13.0
12949;13.15;13.0;16.0;-3.0;13.0
12959;13.063333333333333;13.0;16.0;-3.0;13.0
12969;13.116666666666667;13.0;16.0;-3.0;13.0
12979;13.133333333333333;13.0;16.0;-3.0;13.0
12989;13.11;13.0;16.0;-3.0;13.0
12999;13.116666666666667;13.0;16.0;-3.0;13.0
13009;13.18;13.0;16.0;-3.0;13.0
13019;13.043333333333333;13.0;16.0;-3.0;13.0
13029;13.136666666666667;13.0;16.0;-3.0;13.0
13039;13.11;13.0;16.0;-3.0;13.0
13049;13.123333333333333;13.0;16.0;-3.0;13.0
13059;13.153333333333334;13.0;16.0;-3.0;13.0
13069;13.133333333333333;13.0;16.0;-3.0;13.0
13079;13.063333333333333;13.0;16.0;-3.0;13.0
13089;13.106666666666667;13.0;16.0;-3.0;13.0
13099;13.05;13.0;16.0;-3.0;13.0
13109;13.12;13.0;16.0;-3.0;13.0
13119;13.153333333333334;13.0;16.0;-3.0;13.0
13129;13.126666666666667;13.0;16.0;-3.0;13.0
13139;13.123333333333333;13.0;16.0;-3.0;13.0
13149;13.103333333333333;13.0;16.0;-3.0;13.0
13159;13.143333333333333;13.0;16.0;-3.0;13.0
13169;13.073333333333334;13.0;16.0;-3.0;13.0
13179;13.09;13.0;16.0;-3.0;13.0
13189;13.066666666666666;13.0;16.0;-3.0;13.0
13199;13.123333333333333;13.0;16.0;-3.0;13.0
13209;13.096666666666666;13.0;16.0;-3.0;13.0
13219;13.09;13.0;16.0;-3.0;13.0
13229;13.136666666666667;13.0;16.0;-3.0;13.0
13239;13.086666666666666;13.0;16.0;-3.0;13.0
13249;13.14;13.0;16.0;-3.0;13.0
13259;13.143333333333333;13.0;16.0;-3.0;13.0
13269;13.136666666666667;13.0;16.0;-3.0;13.0
13279;13.08;13.0;16.0;-3.0;13.0
13289;13.17;13.0;16.0;-3.0;13.0
13299;13.136666666666667;13.0;16.0;-3.0;13.0
13309;13.08;13.0;16.0;-3.0;13.0
13319;13.09;13.0;16.0;-3.0;13.0
13329;13.106666666666667;13.0;16.0;-3.0;13.0
13339;13.143333333333333;13.0;16.0;-3.0;13.0
13349;13.116666666666667;13.0;16.0;-3.0;13.0
13359;13.126666666666667;13.0;16.0;-3.0;13.0
13369;13.12;13.0;16.0;-3.0;13.0
13379;13.113333333333333;13.0;16.0;-3.0;13.0
13389;13.09;13.0;16.0;-3.0;13.0
13399;13.093333333333334;13.0;16.0;-3.0;13.0
13409;13.076666666666666;13.0;16.0;-3.0;13.0
13419;13.086666666666666;13.0;16.0;-3.0;13.0
13429;13.096666666666666;13.0;16.0;-3.0;13.0
13439;13.146666666666667;13.0;16.0;-3.0;13.0
13449;13.08;13.0;16.0;-3.0;13.0
13459;13.083333333333334;13.0;16.0;-3.0;13.0
13469;13.06;13.0;16.0;-3.0;13.0
13479;13.103333333333333;13.0;16.0;-3.0;13.0
13489;13.103333333333333;13.0;16.0;-3.0;13.0
13499;13.12;13.0;16.0;-3.0;13.0
13509;13.086666666666666;13.0;16.0;-3.0;13.0
13519;13.093333333333334;13.0;16.0;-3.0;13.0
13529;13.113333333333333;13.0;16.0;-3.0;13.0
13539;13.15;13.0;16.0;-3.0;13.0
13549;13.13;13.0;16.0;-3.0;13.0
13559;13.133333333333333;13.0;16.0;-3.0;13.0
13569;13.086666666666666;13.0;16.0;-3.0;13.0
13579;13.086666666666666;13.0;16.0;-3.0;13.0
13589;13.116666666666667;13.0;16.0;-3.0;13.0
13599;13.113333333333333;13.0;16.0;-3.0;13.0
13609;13.086666666666666;13.0;16.0;-3.0;13.0
13619;13.133333333333333;13.0;16.0;-3.0;13.0
13629;13.113333333333333;13.0;16.0;-3.0;13.0
13639;13.136666666666667;13.0;16.0;-3.0;13.0
13649;13.123333333333333;13.0;16.0;-3.0;13.0
13659;13.123333333333333;13.0;16.0;-3.0;13.0
13669;13.15;13.0;16.0;-3.0;13.0
13679;13.08;13.0;16.0;-3.0;13.0
13689;13.073333333333334;13.0;16.0;-3.0;13.0
13699;13.13;13.0;16.0;-3.0;13.0
13709;13.043333333333333;13.0;16.0;-3.0;13.0
13719;13.103333333333333;13.0;16.0;-3.0;13.0
13729;13.133333333333333;13.0;16.0;-3.0;13.0
13739;13.143333333333333;13.0;16.0;-3.0;13.0
13749;13.163333333333334;13.0;16.0;-3.0;13.0
13759;13.14;13.0;16.0;-3.0;13.0
13769;13.106666666666667;13.0;16.0;-3.0;13.0
13779;13.093333333333334;13.0;16.0;-3.0;13.0
13789;13.12;13.0;16.0;-3.0;13.0
13799;13.13;13.0;16.0;-3.0;13.0
13809;13.14;13.0;16.0;-3.0;13.0
13819;13.113333333333333;13.0;16.0;-3.0;13.0
13829;13.053333333333333;13.0;16.0;-3.0;13.0
13839;13.096666666666666;13.0;16.0;-3.0;13.0
13849;13.1;13.0;16.0;-3.0;13.0
13859;13.06;13.0;16.0;-3.0;13.0
13869;13.15;13.0;16.0;-3.0;13.0
13879;13.206666666666667;13.0;16.0;-3.0;13.0
13889;13.14;13.0;16.0;-3.0;13.0
13899;13.026666666666667;13.0;15.0;-2.0;13.0
13909;13.143333333333333;13.0;16.0;-3.0;13.0
13919;13.103333333333333;13.0;16.0;-3.0;13.0
13929;13.066666666666666;13.0;16.0;-3.0;13.0
13939;13.08;13.0;16.0;-3.0;13.0
13949;13.106666666666667;13.0;16.0;-3.0;13.0
13959;13.046666666666667;13.0;16.0;-3.0;13.0
13969;13.09;13.0;16.0;-3.0;13.0
13979;13.126666666666667;13.0;16.0;-3.0;13.0
13989;13.09;13.0;16.0;-3.0;13.0
13999;13.08;13.0;16.0;-3.0;13.0
14009;13.16;13.0;16.0;-3.0;13.0
14019;13.126666666666667;13.0;16.0;-3.0;13.0
14029;13.126666666666667;13.0;16.0;-3.0;13.0
14039;13.143333333333333;13.0;16.0;-3.0;13.0
14049;13.103333333333333;13.0;16.0;-3.0;13.0
14059;13.136666666666667;13.0;16.0;-3.0;13.0
14069;13.063333333333333;13.0;16.0;-3.0;13.0
14079;13.12;13.0;16.0;-3.0;13.0
14089;13.136666666666667;13.0;16.0;-3.0;13.0
14099;13.096666666666666;13.0;16.0;-3.0;13.0
14109;13.1;13.0;16.0;-3.0;13.0
14119;13.123333333333333;13.0;16.0;-3.0;13.0
14129;13.09;13.0;16.0;-3.0;13.0
14139;13.133333333333333;13.0;16.0;-3.0;13.0
14149;13.183333333333334;13.0;16.0;-3.0;13.0
14159;13.146666666666667;13.0;16.0;-3.0;13.0
14169;13.073333333333334;13.0;16.0;-3.0;13.0
14179;13.066666666666666;13.0;16.0;-3.0;13.0
14189;13.106666666666667;13.0;16.0;-3.0;13.0
14199;13.126666666666667;13.0;16.0;-3.0;13.0
14209;13.113333333333333;13.0;16.0;-3.0;13.0
14219;13.126666666666667;13.0;16.0;-3.0;13.0
14229;13.096666666666666;13.0;16.0;-3.0;13.0
14239;13.076666666666666;13.0;16.0;-3.0;13.0
14249;13.11;13.0;16.0;-3.0;13.0
14259;13.123333333333333;13.0;16.0;-3.0;13.0
14269;13.07;13.0;16.0;-3.0;13.0
14279;13.096666666666666;13.0;16.0;-3.0;13.0
14289;13.116666666666667;13.0;16.0;-3.0;13.0
14299;13.096666666666666;13.0;16.0;-3.0;13.0
14309;13.133333333333333;13.0;16.0;-3.0;13.0
14319;13.093333333333334;13.0;16.0;-3.0;13.0
14329;13.086666666666666;13.0;16.0;-3.0;13.0
14339;13.12;13.0;16.0;-3.0;13.0
14349;13.15;13.0;16.0;-3.0;13.0
14359;13.096666666666666;13.0;16.0;-3.0;13.0
14369;13.123333333333333;13.0;16.0;-3.0;13.0
14379;13.13;13.0;16.0;-3.0;13.0
14389;13.113333333333333;13.0;16.0;-3.0;13.0
14399;13.15;13.0;16.0;-3.0;13.0
14409;13.17;13.0;16.0;-3.0;13.0
14419;13.076666666666666;13.0;16.0;-3.0;13.0
14429;13.106666666666667;13.0;16.0;-3.0;13.0
14439;13.07;13.0;16.0;-3.0;13.0
14449;13.103333333333333;13.0;16.0;-3.0;13.0
14459;13.19;13.0;16.0;-3.0;13.0
14469;13.116666666666667;13.0;16.0;-3.0;13.0
14479;13.093333333333334;13.0;16.0;-3.0;13.0
14489;13.09;13.0;16.0;-3.0;13.0
14499;13.11;13.0;16.0;-3.0;13.0
14509;13.106666666666667;13.0;16.0;-3.0;13.0
14519;13.09;13.0;16.0;-3.0;13.0
14529;13.15;13.0;16.0;-3.0;13.0
14539;13.18;13.0;16.0;-3.0;13.0
14549;13.106666666666667;13.0;16.0;-3.0;13.0
14559;13.056666666666667;13.0;16.0;-3.0;13.0
14569;13.086666666666666;13.0;16.0;-3.0;13.0
14579;13.083333333333334;13.0;16.0;-3.0;13.0
14589;13.13;13.0;16.0;-3.0;13.0
14599;13.12;13.0;16.0;-3.0;13.0
14609;13.203333333333333;13.0;16.0;-3.0;13.0
14619;13.09;13.0;16.0;-3.0;13.0
14629;13.123333333333333;13.0;16.0;-3.0;13.0
14639;13.08;13.0;16.0;-3.0;13.0
14649;13.123333333333333;13.0;16.0;-3.0;13.0
14659;13.143333333333333;13.0;16.0;-3.0;13.0
14669;13.113333333333333;13.0;16.0;-3.0;13.0
14679;13.176666666666666;13.0;16.0;-3.0;13.0
14689;13.106666666666667;13.0;16.0;-3.0;13.0
14699;13.103333333333333;13.0;16.0;-3.0;13.0
14709;13.093333333333334;13.0;16.0;-3.0;13.0
14719;13.103333333333333;13.0;16.0;-3.0;13.0
14729;13.14;13.0;16.0;-3.0;13.0
14739;13.12;13.0;16.0;-3.0;13.0
14749;13.103333333333333;13.0;16.0;-3.0;13.0
14759;13.12;13.0;16.0;-3.0;13.0
14769;13.096666666666666;13.0;16.0;-3.0;13.0
14779;13.106666666666667;13.0;16.0;-3.0;13.0
14789;13.113333333333333;13.0;16.0;-3.0;13.0
14799;13.093333333333334;13.0;16.0;-3.0;13.0
14809;13.166666666666666;13.0;16.0;-3.0;13.0
14819;13.126666666666667;13.0;16.0;-3.0;13.0
14829;13.15;13.0;16.0;-3.0;13.0
14839;13.13;13.0;16.0;-3.0;13.0
14849;13.126666666666667;13.0;16.0;-3.0;13.0
14859;13.083333333333334;13.0;16.0;-3.0;13.0
14869;13.113333333333333;13.0;16.0;-3.0;13.0
14879;13.11;13.0;16.0;-3.0;13.0
14889;13.153333333333334;13.0;16.0;-3.0;13.0
14899;13.143333333333333;13.0;16.0;-3.0;13.0
14909;13.04;13.0;15.0;-2.0;13.0
14919;13.126666666666667;13.0;16.0;-3.0;13.0
14929;13.163333333333334;13.0;16.0;-3.0;13.0
14939;13.156666666666666;13.0;16.0;-3.0;13.0
14949;13.133333333333333;13.0;16.0;-3.0;13.0
14959;13.1;13.0;16.0;-3.0;13.0
14969;13.166666666666666;13.0;16.0;-3.0;13.0
14979;13.096666666666666;13.0;16.0;-3.0;13.0
14989;13.126666666666667;13.0;16.0;-3.0;13.0
14999;13.133333333333333;13.0;16.0;-3.0;13.0
