geracao;media da geracao;fitness do melhor da geracao;fitness do pior da geracao;relacao entre melhor e pior;fitness do melhor da run
Probabilidade Recombinação: 0.7
Probabilidade Mutação: 0.049999999999999996
Tipo de Selecção: Torneio
Tipo de Mutação: Simples Al.
Tamanho População: 300
Máximo de Gerações: 15000
0;76.64;63.0;96.0;-33.0;63.0
0;67.63;58.0;77.0;-19.0;58.0
9;47.35333333333333;46.0;50.0;-4.0;46.0
19;40.986666666666665;40.0;44.0;-4.0;40.0
29;35.79333333333334;35.0;40.0;-5.0;35.0
39;32.05;32.0;35.0;-3.0;32.0
49;29.053333333333335;29.0;32.0;-3.0;29.0
59;27.036666666666665;27.0;30.0;-3.0;27.0
69;27.073333333333334;27.0;30.0;-3.0;27.0
79;27.123333333333335;27.0;30.0;-3.0;27.0
89;27.086666666666666;27.0;30.0;-3.0;27.0
99;26.086666666666666;26.0;29.0;-3.0;26.0
109;26.073333333333334;25.0;29.0;-4.0;25.0
119;24.24;24.0;27.0;-3.0;24.0
129;23.086666666666666;23.0;26.0;-3.0;23.0
139;23.083333333333332;23.0;26.0;-3.0;23.0
149;23.076666666666668;23.0;26.0;-3.0;23.0
159;23.10333333333333;23.0;26.0;-3.0;23.0
169;22.293333333333333;22.0;26.0;-4.0;22.0
179;21.07;21.0;24.0;-3.0;21.0
189;21.113333333333333;21.0;24.0;-3.0;21.0
199;21.116666666666667;21.0;24.0;-3.0;21.0
209;21.073333333333334;21.0;24.0;-3.0;21.0
219;21.133333333333333;21.0;24.0;-3.0;21.0
229;21.096666666666668;21.0;24.0;-3.0;21.0
239;21.083333333333332;21.0;24.0;-3.0;21.0
249;21.12;21.0;24.0;-3.0;21.0
259;21.086666666666666;21.0;24.0;-3.0;21.0
269;21.14666666666667;21.0;24.0;-3.0;21.0
279;21.113333333333333;21.0;24.0;-3.0;21.0
289;21.05;21.0;24.0;-3.0;21.0
299;21.09;21.0;24.0;-3.0;21.0
309;21.073333333333334;21.0;24.0;-3.0;21.0
319;21.10333333333333;21.0;24.0;-3.0;21.0
329;21.076666666666668;21.0;24.0;-3.0;21.0
339;21.156666666666666;21.0;24.0;-3.0;21.0
349;21.15;21.0;24.0;-3.0;21.0
359;21.086666666666666;21.0;24.0;-3.0;21.0
369;21.116666666666667;21.0;24.0;-3.0;21.0
379;21.106666666666666;21.0;24.0;-3.0;21.0
389;19.46;19.0;23.0;-4.0;19.0
399;19.10333333333333;19.0;22.0;-3.0;19.0
409;19.076666666666668;19.0;22.0;-3.0;19.0
419;19.093333333333334;19.0;22.0;-3.0;19.0
429;19.11;19.0;22.0;-3.0;19.0
439;19.053333333333335;19.0;22.0;-3.0;19.0
449;19.1;19.0;22.0;-3.0;19.0
459;19.09;19.0;22.0;-3.0;19.0
469;19.1;19.0;22.0;-3.0;19.0
479;19.09;19.0;22.0;-3.0;19.0
489;19.106666666666666;19.0;22.0;-3.0;19.0
499;19.093333333333334;19.0;22.0;-3.0;19.0
509;19.126666666666665;19.0;22.0;-3.0;19.0
519;19.096666666666668;19.0;22.0;-3.0;19.0
529;19.123333333333335;19.0;22.0;-3.0;19.0
539;19.113333333333333;19.0;22.0;-3.0;19.0
549;19.18;19.0;22.0;-3.0;19.0
559;19.113333333333333;19.0;22.0;-3.0;19.0
569;19.10333333333333;19.0;22.0;-3.0;19.0
579;19.11;19.0;22.0;-3.0;19.0
589;19.10333333333333;19.0;22.0;-3.0;19.0
599;19.05666666666667;19.0;22.0;-3.0;19.0
609;19.066666666666666;19.0;22.0;-3.0;19.0
619;19.15;19.0;22.0;-3.0;19.0
629;19.14;19.0;22.0;-3.0;19.0
639;19.093333333333334;19.0;22.0;-3.0;19.0
649;19.086666666666666;19.0;22.0;-3.0;19.0
659;19.093333333333334;19.0;22.0;-3.0;19.0
669;19.1;19.0;22.0;-3.0;19.0
679;19.083333333333332;19.0;22.0;-3.0;19.0
689;19.053333333333335;19.0;22.0;-3.0;19.0
699;19.11;19.0;22.0;-3.0;19.0
709;19.13;19.0;22.0;-3.0;19.0
719;19.1;19.0;22.0;-3.0;19.0
729;19.066666666666666;19.0;22.0;-3.0;19.0
739;19.10333333333333;19.0;22.0;-3.0;19.0
749;19.153333333333332;19.0;22.0;-3.0;19.0
759;19.106666666666666;19.0;22.0;-3.0;19.0
769;19.066666666666666;19.0;22.0;-3.0;19.0
779;19.14;19.0;22.0;-3.0;19.0
789;19.086666666666666;19.0;22.0;-3.0;19.0
799;19.11;19.0;22.0;-3.0;19.0
809;19.136666666666667;19.0;22.0;-3.0;19.0
819;18.05;18.0;21.0;-3.0;18.0
829;18.113333333333333;18.0;21.0;-3.0;18.0
839;18.09;18.0;21.0;-3.0;18.0
849;18.1;18.0;21.0;-3.0;18.0
859;18.12;18.0;21.0;-3.0;18.0
869;18.04;16.0;21.0;-5.0;16.0
879;16.116666666666667;16.0;19.0;-3.0;16.0
889;16.143333333333334;16.0;19.0;-3.0;16.0
899;16.086666666666666;16.0;19.0;-3.0;16.0
909;16.123333333333335;16.0;19.0;-3.0;16.0
919;16.076666666666668;16.0;19.0;-3.0;16.0
929;16.096666666666668;16.0;19.0;-3.0;16.0
939;16.09;16.0;19.0;-3.0;16.0
949;16.133333333333333;16.0;19.0;-3.0;16.0
959;16.143333333333334;16.0;19.0;-3.0;16.0
969;16.15;16.0;19.0;-3.0;16.0
979;16.083333333333332;16.0;19.0;-3.0;16.0
989;16.096666666666668;16.0;19.0;-3.0;16.0
999;16.163333333333334;16.0;19.0;-3.0;16.0
1009;16.11;16.0;19.0;-3.0;16.0
1019;16.036666666666665;16.0;19.0;-3.0;16.0
1029;16.13;16.0;19.0;-3.0;16.0
1039;16.116666666666667;16.0;19.0;-3.0;16.0
1049;16.1;16.0;19.0;-3.0;16.0
1059;16.15;16.0;19.0;-3.0;16.0
1069;16.18;16.0;19.0;-3.0;16.0
1079;16.073333333333334;16.0;19.0;-3.0;16.0
1089;16.12;16.0;19.0;-3.0;16.0
1099;16.126666666666665;16.0;19.0;-3.0;16.0
1109;16.126666666666665;16.0;19.0;-3.0;16.0
1119;16.1;16.0;19.0;-3.0;16.0
1129;16.066666666666666;16.0;19.0;-3.0;16.0
1139;16.13;16.0;19.0;-3.0;16.0
1149;16.18;16.0;19.0;-3.0;16.0
1159;16.06;16.0;19.0;-3.0;16.0
1169;16.16;16.0;19.0;-3.0;16.0
1179;16.086666666666666;16.0;19.0;-3.0;16.0
1189;16.06;16.0;19.0;-3.0;16.0
1199;16.12;16.0;19.0;-3.0;16.0
1209;16.043333333333333;16.0;19.0;-3.0;16.0
1219;16.093333333333334;16.0;19.0;-3.0;16.0
1229;16.13;16.0;19.0;-3.0;16.0
1239;16.053333333333335;16.0;19.0;-3.0;16.0
1249;16.08;16.0;19.0;-3.0;16.0
1259;16.096666666666668;16.0;19.0;-3.0;16.0
1269;16.11;16.0;19.0;-3.0;16.0
1279;16.123333333333335;16.0;19.0;-3.0;16.0
1289;16.073333333333334;16.0;19.0;-3.0;16.0
1299;16.10333333333333;16.0;19.0;-3.0;16.0
1309;16.093333333333334;16.0;19.0;-3.0;16.0
1319;16.12;16.0;19.0;-3.0;16.0
1329;16.14666666666667;16.0;19.0;-3.0;16.0
1339;16.19333333333333;16.0;19.0;-3.0;16.0
1349;16.11;16.0;19.0;-3.0;16.0
1359;16.076666666666668;16.0;19.0;-3.0;16.0
1369;16.04;16.0;19.0;-3.0;16.0
1379;16.05666666666667;16.0;19.0;-3.0;16.0
1389;16.096666666666668;16.0;19.0;-3.0;16.0
1399;16.10333333333333;16.0;19.0;-3.0;16.0
1409;16.15;16.0;19.0;-3.0;16.0
1419;16.11;16.0;19.0;-3.0;16.0
1429;16.12;16.0;19.0;-3.0;16.0
1439;16.18;16.0;19.0;-3.0;16.0
1449;16.1;16.0;19.0;-3.0;16.0
1459;16.123333333333335;16.0;19.0;-3.0;16.0
1469;16.13;16.0;19.0;-3.0;16.0
1479;16.083333333333332;16.0;19.0;-3.0;16.0
1489;16.083333333333332;16.0;19.0;-3.0;16.0
1499;16.126666666666665;16.0;19.0;-3.0;16.0
1509;16.12;16.0;19.0;-3.0;16.0
1519;16.126666666666665;16.0;19.0;-3.0;16.0
1529;16.08;16.0;19.0;-3.0;16.0
1539;16.093333333333334;16.0;19.0;-3.0;16.0
1549;16.106666666666666;16.0;19.0;-3.0;16.0
1559;16.116666666666667;16.0;19.0;-3.0;16.0
1569;16.09;16.0;19.0;-3.0;16.0
1579;16.10333333333333;16.0;19.0;-3.0;16.0
1589;16.06;16.0;19.0;-3.0;16.0
1599;16.113333333333333;16.0;19.0;-3.0;16.0
1609;16.14666666666667;16.0;19.0;-3.0;16.0
1619;16.076666666666668;16.0;19.0;-3.0;16.0
1629;16.15;16.0;19.0;-3.0;16.0
1639;16.136666666666667;16.0;19.0;-3.0;16.0
1649;16.05666666666667;16.0;19.0;-3.0;16.0
1659;16.123333333333335;16.0;19.0;-3.0;16.0
1669;16.12;16.0;19.0;-3.0;16.0
1679;16.133333333333333;16.0;19.0;-3.0;16.0
1689;16.106666666666666;16.0;19.0;-3.0;16.0
1699;16.106666666666666;16.0;19.0;-3.0;16.0
1709;16.16;16.0;19.0;-3.0;16.0
1719;16.116666666666667;16.0;19.0;-3.0;16.0
1729;16.106666666666666;16.0;19.0;-3.0;16.0
1739;16.1;16.0;19.0;-3.0;16.0
1749;16.12;16.0;19.0;-3.0;16.0
1759;16.1;16.0;19.0;-3.0;16.0
1769;16.14666666666667;16.0;19.0;-3.0;16.0
1779;16.14;16.0;19.0;-3.0;16.0
1789;16.046666666666667;16.0;19.0;-3.0;16.0
1799;16.12;16.0;19.0;-3.0;16.0
1809;16.11;16.0;19.0;-3.0;16.0
1819;16.06;16.0;19.0;-3.0;16.0
1829;16.06;16.0;19.0;-3.0;16.0
1839;16.11;16.0;19.0;-3.0;16.0
1849;16.063333333333333;16.0;19.0;-3.0;16.0
1859;16.143333333333334;16.0;19.0;-3.0;16.0
1869;16.123333333333335;16.0;19.0;-3.0;16.0
1879;16.083333333333332;16.0;19.0;-3.0;16.0
1889;16.11;16.0;19.0;-3.0;16.0
1899;16.10333333333333;16.0;19.0;-3.0;16.0
1909;16.09;16.0;19.0;-3.0;16.0
1919;16.086666666666666;16.0;19.0;-3.0;16.0
1929;16.166666666666668;16.0;19.0;-3.0;16.0
1939;16.13;16.0;19.0;-3.0;16.0
1949;16.156666666666666;16.0;19.0;-3.0;16.0
1959;16.05;16.0;19.0;-3.0;16.0
1969;16.096666666666668;16.0;19.0;-3.0;16.0
1979;16.126666666666665;16.0;19.0;-3.0;16.0
1989;16.116666666666667;16.0;19.0;-3.0;16.0
1999;16.083333333333332;16.0;19.0;-3.0;16.0
2009;16.096666666666668;16.0;19.0;-3.0;16.0
2019;16.13;16.0;19.0;-3.0;16.0
2029;16.14666666666667;16.0;19.0;-3.0;16.0
2039;16.106666666666666;16.0;19.0;-3.0;16.0
2049;16.106666666666666;16.0;19.0;-3.0;16.0
2059;16.163333333333334;16.0;19.0;-3.0;16.0
2069;16.12;16.0;19.0;-3.0;16.0
2079;16.066666666666666;16.0;19.0;-3.0;16.0
2089;16.10333333333333;16.0;19.0;-3.0;16.0
2099;16.12;16.0;19.0;-3.0;16.0
2109;16.086666666666666;16.0;19.0;-3.0;16.0
2119;16.15;16.0;19.0;-3.0;16.0
2129;16.123333333333335;16.0;19.0;-3.0;16.0
2139;16.163333333333334;16.0;19.0;-3.0;16.0
2149;16.17;16.0;19.0;-3.0;16.0
2159;16.11;16.0;19.0;-3.0;16.0
2169;16.123333333333335;16.0;19.0;-3.0;16.0
2179;16.08;16.0;19.0;-3.0;16.0
2189;16.13;16.0;19.0;-3.0;16.0
2199;16.156666666666666;16.0;19.0;-3.0;16.0
2209;16.086666666666666;16.0;19.0;-3.0;16.0
2219;16.1;16.0;19.0;-3.0;16.0
2229;16.07;16.0;19.0;-3.0;16.0
2239;16.18;16.0;19.0;-3.0;16.0
2249;16.066666666666666;16.0;19.0;-3.0;16.0
2259;16.093333333333334;16.0;19.0;-3.0;16.0
2269;16.053333333333335;16.0;19.0;-3.0;16.0
2279;16.11;16.0;19.0;-3.0;16.0
2289;16.08;16.0;19.0;-3.0;16.0
2299;16.023333333333333;16.0;19.0;-3.0;16.0
2309;16.126666666666665;16.0;19.0;-3.0;16.0
2319;16.14;16.0;19.0;-3.0;16.0
2329;16.09;16.0;19.0;-3.0;16.0
2339;15.073333333333334;15.0;18.0;-3.0;15.0
2349;15.12;15.0;18.0;-3.0;15.0
2359;15.093333333333334;15.0;18.0;-3.0;15.0
2369;15.096666666666666;15.0;18.0;-3.0;15.0
2379;15.103333333333333;15.0;18.0;-3.0;15.0
2389;15.113333333333333;15.0;18.0;-3.0;15.0
2399;15.106666666666667;15.0;18.0;-3.0;15.0
2409;15.11;15.0;18.0;-3.0;15.0
2419;15.076666666666666;15.0;18.0;-3.0;15.0
2429;15.073333333333334;15.0;18.0;-3.0;15.0
2439;15.113333333333333;15.0;18.0;-3.0;15.0
2449;15.043333333333333;15.0;18.0;-3.0;15.0
2459;15.133333333333333;15.0;18.0;-3.0;15.0
2469;15.076666666666666;15.0;18.0;-3.0;15.0
2479;15.1;15.0;18.0;-3.0;15.0
2489;15.123333333333333;15.0;18.0;-3.0;15.0
2499;15.103333333333333;15.0;18.0;-3.0;15.0
2509;15.083333333333334;15.0;18.0;-3.0;15.0
2519;15.156666666666666;15.0;18.0;-3.0;15.0
2529;15.073333333333334;15.0;18.0;-3.0;15.0
2539;15.116666666666667;15.0;18.0;-3.0;15.0
2549;15.103333333333333;15.0;18.0;-3.0;15.0
2559;15.176666666666666;15.0;18.0;-3.0;15.0
2569;15.113333333333333;15.0;18.0;-3.0;15.0
2579;15.113333333333333;15.0;18.0;-3.0;15.0
2589;15.11;15.0;18.0;-3.0;15.0
2599;15.103333333333333;15.0;18.0;-3.0;15.0
2609;15.136666666666667;15.0;18.0;-3.0;15.0
2619;15.1;15.0;18.0;-3.0;15.0
2629;15.093333333333334;15.0;18.0;-3.0;15.0
2639;15.086666666666666;15.0;18.0;-3.0;15.0
2649;15.083333333333334;15.0;18.0;-3.0;15.0
2659;15.096666666666666;15.0;18.0;-3.0;15.0
2669;15.143333333333333;15.0;18.0;-3.0;15.0
2679;15.093333333333334;15.0;18.0;-3.0;15.0
2689;15.096666666666666;15.0;18.0;-3.0;15.0
2699;15.096666666666666;15.0;18.0;-3.0;15.0
2709;15.09;15.0;18.0;-3.0;15.0
2719;15.103333333333333;15.0;18.0;-3.0;15.0
2729;15.126666666666667;15.0;18.0;-3.0;15.0
2739;15.073333333333334;15.0;18.0;-3.0;15.0
2749;15.103333333333333;15.0;18.0;-3.0;15.0
2759;15.126666666666667;15.0;18.0;-3.0;15.0
2769;15.176666666666666;15.0;18.0;-3.0;15.0
2779;15.17;15.0;18.0;-3.0;15.0
2789;15.086666666666666;15.0;18.0;-3.0;15.0
2799;15.076666666666666;15.0;18.0;-3.0;15.0
2809;15.083333333333334;15.0;18.0;-3.0;15.0
2819;15.176666666666666;15.0;18.0;-3.0;15.0
2829;15.1;15.0;18.0;-3.0;15.0
2839;15.133333333333333;15.0;18.0;-3.0;15.0
2849;15.096666666666666;15.0;18.0;-3.0;15.0
2859;15.086666666666666;15.0;18.0;-3.0;15.0
2869;15.106666666666667;15.0;18.0;-3.0;15.0
2879;15.126666666666667;15.0;18.0;-3.0;15.0
2889;15.106666666666667;15.0;18.0;-3.0;15.0
2899;15.13;15.0;18.0;-3.0;15.0
2909;15.116666666666667;15.0;18.0;-3.0;15.0
2919;15.08;15.0;18.0;-3.0;15.0
2929;15.156666666666666;15.0;18.0;-3.0;15.0
2939;15.1;15.0;18.0;-3.0;15.0
2949;15.07;15.0;18.0;-3.0;15.0
2959;15.153333333333334;15.0;18.0;-3.0;15.0
2969;15.1;15.0;18.0;-3.0;15.0
2979;15.113333333333333;15.0;18.0;-3.0;15.0
2989;15.05;15.0;18.0;-3.0;15.0
2999;15.103333333333333;15.0;18.0;-3.0;15.0
3009;15.153333333333334;15.0;18.0;-3.0;15.0
3019;15.106666666666667;15.0;18.0;-3.0;15.0
3029;15.08;15.0;18.0;-3.0;15.0
3039;15.096666666666666;15.0;18.0;-3.0;15.0
3049;15.126666666666667;15.0;18.0;-3.0;15.0
3059;15.123333333333333;15.0;18.0;-3.0;15.0
3069;15.113333333333333;15.0;18.0;-3.0;15.0
3079;15.096666666666666;15.0;18.0;-3.0;15.0
3089;15.093333333333334;15.0;18.0;-3.0;15.0
3099;15.13;15.0;18.0;-3.0;15.0
3109;15.066666666666666;15.0;18.0;-3.0;15.0
3119;15.136666666666667;15.0;18.0;-3.0;15.0
3129;15.096666666666666;15.0;18.0;-3.0;15.0
3139;15.123333333333333;15.0;18.0;-3.0;15.0
3149;15.093333333333334;15.0;18.0;-3.0;15.0
3159;15.2;15.0;18.0;-3.0;15.0
3169;15.1;15.0;18.0;-3.0;15.0
3179;15.153333333333334;15.0;18.0;-3.0;15.0
3189;15.093333333333334;15.0;18.0;-3.0;15.0
3199;15.043333333333333;15.0;18.0;-3.0;15.0
3209;15.153333333333334;15.0;18.0;-3.0;15.0
3219;15.166666666666666;15.0;18.0;-3.0;15.0
3229;15.086666666666666;15.0;18.0;-3.0;15.0
3239;15.05;15.0;18.0;-3.0;15.0
3249;15.123333333333333;15.0;18.0;-3.0;15.0
3259;15.07;15.0;18.0;-3.0;15.0
3269;15.09;15.0;18.0;-3.0;15.0
3279;15.11;15.0;18.0;-3.0;15.0
3289;15.14;15.0;18.0;-3.0;15.0
3299;15.103333333333333;15.0;18.0;-3.0;15.0
3309;15.08;15.0;18.0;-3.0;15.0
3319;15.11;15.0;18.0;-3.0;15.0
3329;15.086666666666666;15.0;18.0;-3.0;15.0
3339;15.093333333333334;15.0;18.0;-3.0;15.0
3349;15.08;15.0;18.0;-3.0;15.0
3359;15.096666666666666;15.0;18.0;-3.0;15.0
3369;15.096666666666666;15.0;18.0;-3.0;15.0
3379;15.093333333333334;15.0;18.0;-3.0;15.0
3389;15.14;15.0;18.0;-3.0;15.0
3399;15.08;15.0;18.0;-3.0;15.0
3409;15.086666666666666;15.0;18.0;-3.0;15.0
3419;15.093333333333334;15.0;18.0;-3.0;15.0
3429;15.106666666666667;15.0;18.0;-3.0;15.0
3439;15.12;15.0;18.0;-3.0;15.0
3449;15.136666666666667;15.0;18.0;-3.0;15.0
3459;15.076666666666666;15.0;18.0;-3.0;15.0
3469;15.063333333333333;15.0;18.0;-3.0;15.0
3479;15.153333333333334;15.0;18.0;-3.0;15.0
3489;15.133333333333333;15.0;18.0;-3.0;15.0
3499;15.103333333333333;15.0;18.0;-3.0;15.0
3509;15.12;15.0;18.0;-3.0;15.0
3519;15.133333333333333;15.0;18.0;-3.0;15.0
3529;15.096666666666666;15.0;18.0;-3.0;15.0
3539;15.083333333333334;15.0;18.0;-3.0;15.0
3549;15.09;15.0;18.0;-3.0;15.0
3559;15.09;15.0;18.0;-3.0;15.0
3569;15.106666666666667;15.0;18.0;-3.0;15.0
3579;15.15;15.0;18.0;-3.0;15.0
3589;15.086666666666666;15.0;18.0;-3.0;15.0
3599;15.05;15.0;18.0;-3.0;15.0
3609;15.106666666666667;15.0;18.0;-3.0;15.0
3619;15.096666666666666;15.0;18.0;-3.0;15.0
3629;15.156666666666666;15.0;18.0;-3.0;15.0
3639;15.123333333333333;15.0;18.0;-3.0;15.0
3649;15.06;15.0;18.0;-3.0;15.0
3659;15.183333333333334;15.0;18.0;-3.0;15.0
3669;15.1;15.0;18.0;-3.0;15.0
3679;15.156666666666666;15.0;18.0;-3.0;15.0
3689;15.133333333333333;15.0;18.0;-3.0;15.0
3699;15.093333333333334;15.0;18.0;-3.0;15.0
3709;15.11;15.0;18.0;-3.0;15.0
3719;15.086666666666666;15.0;18.0;-3.0;15.0
3729;15.1;15.0;18.0;-3.0;15.0
3739;15.086666666666666;15.0;18.0;-3.0;15.0
3749;15.14;15.0;18.0;-3.0;15.0
3759;15.1;15.0;18.0;-3.0;15.0
3769;15.08;15.0;18.0;-3.0;15.0
3779;15.1;15.0;18.0;-3.0;15.0
3789;15.096666666666666;15.0;18.0;-3.0;15.0
3799;15.09;15.0;18.0;-3.0;15.0
3809;15.086666666666666;15.0;18.0;-3.0;15.0
3819;15.133333333333333;15.0;18.0;-3.0;15.0
3829;15.113333333333333;15.0;18.0;-3.0;15.0
3839;15.1;15.0;18.0;-3.0;15.0
3849;15.106666666666667;15.0;18.0;-3.0;15.0
3859;15.096666666666666;15.0;18.0;-3.0;15.0
3869;15.1;15.0;18.0;-3.0;15.0
3879;15.05;15.0;18.0;-3.0;15.0
3889;15.116666666666667;15.0;18.0;-3.0;15.0
3899;15.04;15.0;18.0;-3.0;15.0
3909;15.08;15.0;18.0;-3.0;15.0
3919;15.06;15.0;18.0;-3.0;15.0
3929;15.07;15.0;18.0;-3.0;15.0
3939;15.17;15.0;18.0;-3.0;15.0
3949;15.13;15.0;18.0;-3.0;15.0
3959;15.16;15.0;18.0;-3.0;15.0
3969;15.116666666666667;15.0;18.0;-3.0;15.0
3979;15.076666666666666;15.0;18.0;-3.0;15.0
3989;15.13;15.0;18.0;-3.0;15.0
3999;15.076666666666666;15.0;18.0;-3.0;15.0
4009;15.146666666666667;15.0;18.0;-3.0;15.0
4019;15.096666666666666;15.0;18.0;-3.0;15.0
4029;15.063333333333333;15.0;18.0;-3.0;15.0
4039;15.136666666666667;15.0;18.0;-3.0;15.0
4049;15.083333333333334;14.0;18.0;-4.0;14.0
4059;14.083333333333334;14.0;17.0;-3.0;14.0
4069;14.066666666666666;14.0;17.0;-3.0;14.0
4079;14.09;14.0;17.0;-3.0;14.0
4089;14.056666666666667;14.0;17.0;-3.0;14.0
4099;14.093333333333334;14.0;17.0;-3.0;14.0
4109;14.13;14.0;17.0;-3.0;14.0
4119;14.133333333333333;14.0;17.0;-3.0;14.0
4129;14.1;14.0;17.0;-3.0;14.0
4139;14.106666666666667;14.0;17.0;-3.0;14.0
4149;14.08;14.0;17.0;-3.0;14.0
4159;14.126666666666667;14.0;17.0;-3.0;14.0
4169;14.126666666666667;14.0;17.0;-3.0;14.0
4179;14.113333333333333;14.0;17.0;-3.0;14.0
4189;14.09;14.0;17.0;-3.0;14.0
4199;14.12;14.0;17.0;-3.0;14.0
4209;14.06;14.0;17.0;-3.0;14.0
4219;14.133333333333333;14.0;17.0;-3.0;14.0
4229;14.11;14.0;17.0;-3.0;14.0
4239;14.08;14.0;17.0;-3.0;14.0
4249;14.096666666666666;14.0;17.0;-3.0;14.0
4259;14.07;14.0;17.0;-3.0;14.0
4269;14.103333333333333;14.0;17.0;-3.0;14.0
4279;14.063333333333333;14.0;17.0;-3.0;14.0
4289;14.11;14.0;17.0;-3.0;14.0
4299;14.08;14.0;17.0;-3.0;14.0
4309;14.083333333333334;14.0;17.0;-3.0;14.0
4319;14.133333333333333;14.0;17.0;-3.0;14.0
4329;14.063333333333333;14.0;17.0;-3.0;14.0
4339;14.07;14.0;17.0;-3.0;14.0
4349;14.123333333333333;14.0;17.0;-3.0;14.0
4359;14.083333333333334;14.0;17.0;-3.0;14.0
4369;14.136666666666667;14.0;17.0;-3.0;14.0
4379;14.106666666666667;14.0;17.0;-3.0;14.0
4389;14.136666666666667;14.0;17.0;-3.0;14.0
4399;14.193333333333333;14.0;17.0;-3.0;14.0
4409;14.123333333333333;14.0;17.0;-3.0;14.0
4419;14.093333333333334;14.0;17.0;-3.0;14.0
4429;14.126666666666667;14.0;17.0;-3.0;14.0
4439;14.136666666666667;14.0;17.0;-3.0;14.0
4449;14.12;14.0;17.0;-3.0;14.0
4459;14.076666666666666;14.0;17.0;-3.0;14.0
4469;14.15;14.0;17.0;-3.0;14.0
4479;14.13;14.0;17.0;-3.0;14.0
4489;14.116666666666667;14.0;17.0;-3.0;14.0
4499;14.093333333333334;14.0;17.0;-3.0;14.0
4509;14.116666666666667;14.0;17.0;-3.0;14.0
4519;14.126666666666667;14.0;17.0;-3.0;14.0
4529;14.086666666666666;14.0;17.0;-3.0;14.0
4539;14.13;14.0;17.0;-3.0;14.0
4549;14.126666666666667;14.0;17.0;-3.0;14.0
4559;14.126666666666667;14.0;17.0;-3.0;14.0
4569;14.09;14.0;17.0;-3.0;14.0
4579;14.126666666666667;14.0;17.0;-3.0;14.0
4589;14.1;14.0;17.0;-3.0;14.0
4599;14.15;14.0;17.0;-3.0;14.0
4609;14.103333333333333;14.0;17.0;-3.0;14.0
4619;14.08;14.0;17.0;-3.0;14.0
4629;14.113333333333333;14.0;17.0;-3.0;14.0
4639;14.136666666666667;14.0;17.0;-3.0;14.0
4649;14.093333333333334;14.0;17.0;-3.0;14.0
4659;14.123333333333333;14.0;17.0;-3.0;14.0
4669;14.093333333333334;14.0;17.0;-3.0;14.0
4679;14.08;14.0;17.0;-3.0;14.0
4689;14.04;14.0;17.0;-3.0;14.0
4699;14.2;14.0;17.0;-3.0;14.0
4709;14.143333333333333;14.0;17.0;-3.0;14.0
4719;14.103333333333333;14.0;17.0;-3.0;14.0
4729;14.096666666666666;14.0;17.0;-3.0;14.0
4739;14.08;14.0;17.0;-3.0;14.0
4749;14.136666666666667;14.0;17.0;-3.0;14.0
4759;14.19;14.0;17.0;-3.0;14.0
4769;14.166666666666666;14.0;17.0;-3.0;14.0
4779;14.093333333333334;14.0;17.0;-3.0;14.0
4789;14.09;14.0;17.0;-3.0;14.0
4799;14.13;14.0;17.0;-3.0;14.0
4809;14.12;14.0;17.0;-3.0;14.0
4819;14.133333333333333;14.0;17.0;-3.0;14.0
4829;14.086666666666666;14.0;17.0;-3.0;14.0
4839;14.073333333333334;14.0;17.0;-3.0;14.0
4849;14.136666666666667;14.0;17.0;-3.0;14.0
4859;14.106666666666667;14.0;17.0;-3.0;14.0
4869;14.153333333333334;14.0;17.0;-3.0;14.0
4879;14.123333333333333;14.0;17.0;-3.0;14.0
4889;14.096666666666666;14.0;17.0;-3.0;14.0
4899;14.093333333333334;14.0;17.0;-3.0;14.0
4909;14.086666666666666;14.0;17.0;-3.0;14.0
4919;14.093333333333334;14.0;17.0;-3.0;14.0
4929;14.11;14.0;17.0;-3.0;14.0
4939;14.153333333333334;14.0;17.0;-3.0;14.0
4949;14.126666666666667;14.0;17.0;-3.0;14.0
4959;14.103333333333333;14.0;17.0;-3.0;14.0
4969;14.13;14.0;17.0;-3.0;14.0
4979;14.066666666666666;14.0;17.0;-3.0;14.0
4989;14.153333333333334;14.0;17.0;-3.0;14.0
4999;14.09;14.0;17.0;-3.0;14.0
5009;14.123333333333333;14.0;17.0;-3.0;14.0
5019;14.066666666666666;14.0;17.0;-3.0;14.0
5029;14.076666666666666;14.0;17.0;-3.0;14.0
5039;14.093333333333334;14.0;17.0;-3.0;14.0
5049;14.12;14.0;17.0;-3.0;14.0
5059;14.123333333333333;14.0;17.0;-3.0;14.0
5069;14.086666666666666;14.0;17.0;-3.0;14.0
5079;14.13;14.0;17.0;-3.0;14.0
5089;14.09;14.0;17.0;-3.0;14.0
5099;14.116666666666667;14.0;17.0;-3.0;14.0
5109;14.106666666666667;14.0;17.0;-3.0;14.0
5119;14.09;14.0;17.0;-3.0;14.0
5129;14.063333333333333;14.0;17.0;-3.0;14.0
5139;14.16;14.0;17.0;-3.0;14.0
5149;14.096666666666666;14.0;17.0;-3.0;14.0
5159;14.103333333333333;14.0;17.0;-3.0;14.0
5169;14.12;14.0;17.0;-3.0;14.0
5179;14.093333333333334;14.0;17.0;-3.0;14.0
5189;14.156666666666666;14.0;17.0;-3.0;14.0
5199;14.093333333333334;14.0;17.0;-3.0;14.0
5209;14.086666666666666;14.0;17.0;-3.0;14.0
5219;14.106666666666667;14.0;17.0;-3.0;14.0
5229;14.106666666666667;14.0;17.0;-3.0;14.0
5239;14.13;14.0;17.0;-3.0;14.0
5249;14.11;14.0;17.0;-3.0;14.0
5259;14.08;14.0;17.0;-3.0;14.0
5269;14.143333333333333;14.0;17.0;-3.0;14.0
5279;14.106666666666667;14.0;17.0;-3.0;14.0
5289;14.133333333333333;14.0;17.0;-3.0;14.0
5299;14.06;14.0;17.0;-3.0;14.0
5309;14.123333333333333;14.0;17.0;-3.0;14.0
5319;14.106666666666667;14.0;17.0;-3.0;14.0
5329;14.086666666666666;13.0;17.0;-4.0;13.0
5339;13.123333333333333;13.0;16.0;-3.0;13.0
5349;13.073333333333334;13.0;16.0;-3.0;13.0
5359;13.13;13.0;16.0;-3.0;13.0
5369;13.12;13.0;16.0;-3.0;13.0
5379;13.113333333333333;13.0;16.0;-3.0;13.0
5389;13.09;13.0;16.0;-3.0;13.0
5399;13.056666666666667;13.0;16.0;-3.0;13.0
5409;13.21;13.0;16.0;-3.0;13.0
5419;13.133333333333333;13.0;16.0;-3.0;13.0
5429;13.09;13.0;16.0;-3.0;13.0
5439;13.06;13.0;16.0;-3.0;13.0
5449;13.1;13.0;16.0;-3.0;13.0
5459;13.11;13.0;16.0;-3.0;13.0
5469;13.07;13.0;16.0;-3.0;13.0
5479;13.146666666666667;13.0;16.0;-3.0;13.0
5489;13.08;13.0;16.0;-3.0;13.0
5499;13.08;13.0;16.0;-3.0;13.0
5509;13.103333333333333;13.0;16.0;-3.0;13.0
5519;13.116666666666667;13.0;16.0;-3.0;13.0
5529;13.106666666666667;13.0;16.0;-3.0;13.0
5539;13.08;13.0;16.0;-3.0;13.0
5549;13.103333333333333;13.0;16.0;-3.0;13.0
5559;13.113333333333333;13.0;16.0;-3.0;13.0
5569;13.17;13.0;16.0;-3.0;13.0
5579;13.086666666666666;13.0;16.0;-3.0;13.0
5589;13.073333333333334;13.0;16.0;-3.0;13.0
5599;13.13;13.0;16.0;-3.0;13.0
5609;13.09;13.0;16.0;-3.0;13.0
5619;13.073333333333334;13.0;16.0;-3.0;13.0
5629;13.163333333333334;13.0;16.0;-3.0;13.0
5639;13.123333333333333;13.0;16.0;-3.0;13.0
5649;13.12;13.0;16.0;-3.0;13.0
5659;13.166666666666666;13.0;16.0;-3.0;13.0
5669;13.116666666666667;13.0;16.0;-3.0;13.0
5679;13.086666666666666;13.0;16.0;-3.0;13.0
5689;13.14;13.0;16.0;-3.0;13.0
5699;13.11;13.0;16.0;-3.0;13.0
5709;13.076666666666666;13.0;16.0;-3.0;13.0
5719;13.083333333333334;13.0;16.0;-3.0;13.0
5729;13.076666666666666;13.0;16.0;-3.0;13.0
5739;13.08;13.0;16.0;-3.0;13.0
5749;13.153333333333334;13.0;16.0;-3.0;13.0
5759;13.116666666666667;13.0;16.0;-3.0;13.0
5769;13.11;13.0;16.0;-3.0;13.0
5779;13.073333333333334;13.0;16.0;-3.0;13.0
5789;13.09;13.0;16.0;-3.0;13.0
5799;13.133333333333333;13.0;16.0;-3.0;13.0
5809;13.06;13.0;16.0;-3.0;13.0
5819;13.1;13.0;16.0;-3.0;13.0
5829;13.11;13.0;16.0;-3.0;13.0
5839;13.133333333333333;13.0;16.0;-3.0;13.0
5849;13.073333333333334;13.0;16.0;-3.0;13.0
5859;13.103333333333333;13.0;16.0;-3.0;13.0
5869;13.123333333333333;13.0;16.0;-3.0;13.0
5879;13.143333333333333;13.0;16.0;-3.0;13.0
5889;13.086666666666666;13.0;16.0;-3.0;13.0
5899;13.11;13.0;16.0;-3.0;13.0
5909;13.103333333333333;13.0;16.0;-3.0;13.0
5919;13.13;13.0;16.0;-3.0;13.0
5929;13.103333333333333;13.0;16.0;-3.0;13.0
5939;13.11;13.0;16.0;-3.0;13.0
5949;13.08;13.0;16.0;-3.0;13.0
5959;13.106666666666667;13.0;16.0;-3.0;13.0
5969;13.096666666666666;13.0;16.0;-3.0;13.0
5979;13.133333333333333;13.0;16.0;-3.0;13.0
5989;13.096666666666666;13.0;16.0;-3.0;13.0
5999;13.08;13.0;16.0;-3.0;13.0
6009;13.166666666666666;13.0;16.0;-3.0;13.0
6019;13.136666666666667;13.0;16.0;-3.0;13.0
6029;13.09;13.0;16.0;-3.0;13.0
6039;13.143333333333333;13.0;16.0;-3.0;13.0
6049;13.056666666666667;13.0;16.0;-3.0;13.0
6059;13.053333333333333;13.0;16.0;-3.0;13.0
6069;13.126666666666667;13.0;16.0;-3.0;13.0
6079;13.103333333333333;13.0;16.0;-3.0;13.0
6089;13.093333333333334;13.0;16.0;-3.0;13.0
6099;13.17;13.0;16.0;-3.0;13.0
6109;13.126666666666667;13.0;16.0;-3.0;13.0
6119;13.136666666666667;13.0;16.0;-3.0;13.0
6129;13.11;13.0;16.0;-3.0;13.0
6139;13.083333333333334;13.0;16.0;-3.0;13.0
6149;13.086666666666666;13.0;16.0;-3.0;13.0
6159;13.133333333333333;13.0;16.0;-3.0;13.0
6169;13.033333333333333;13.0;16.0;-3.0;13.0
6179;13.15;13.0;16.0;-3.0;13.0
6189;13.13;13.0;16.0;-3.0;13.0
6199;13.103333333333333;13.0;16.0;-3.0;13.0
6209;13.07;13.0;16.0;-3.0;13.0
6219;13.09;13.0;16.0;-3.0;13.0
6229;13.093333333333334;13.0;16.0;-3.0;13.0
6239;13.063333333333333;13.0;16.0;-3.0;13.0
6249;13.093333333333334;13.0;16.0;-3.0;13.0
6259;13.086666666666666;13.0;16.0;-3.0;13.0
6269;13.11;13.0;16.0;-3.0;13.0
6279;13.126666666666667;13.0;16.0;-3.0;13.0
6289;13.09;13.0;16.0;-3.0;13.0
6299;13.076666666666666;13.0;16.0;-3.0;13.0
6309;13.086666666666666;13.0;16.0;-3.0;13.0
6319;13.13;13.0;16.0;-3.0;13.0
6329;13.116666666666667;13.0;16.0;-3.0;13.0
6339;13.1;13.0;16.0;-3.0;13.0
6349;13.096666666666666;13.0;16.0;-3.0;13.0
6359;13.12;13.0;16.0;-3.0;13.0
6369;13.14;13.0;16.0;-3.0;13.0
6379;13.106666666666667;13.0;16.0;-3.0;13.0
6389;13.096666666666666;13.0;16.0;-3.0;13.0
6399;13.126666666666667;13.0;16.0;-3.0;13.0
6409;13.08;13.0;16.0;-3.0;13.0
6419;13.093333333333334;13.0;16.0;-3.0;13.0
6429;13.093333333333334;13.0;16.0;-3.0;13.0
6439;13.136666666666667;13.0;16.0;-3.0;13.0
6449;13.18;13.0;16.0;-3.0;13.0
6459;13.106666666666667;13.0;16.0;-3.0;13.0
6469;13.07;13.0;16.0;-3.0;13.0
6479;13.11;13.0;16.0;-3.0;13.0
6489;13.083333333333334;13.0;16.0;-3.0;13.0
6499;13.163333333333334;13.0;16.0;-3.0;13.0
6509;13.11;13.0;16.0;-3.0;13.0
6519;13.063333333333333;13.0;16.0;-3.0;13.0
6529;13.11;13.0;16.0;-3.0;13.0
6539;13.116666666666667;13.0;16.0;-3.0;13.0
6549;13.123333333333333;13.0;16.0;-3.0;13.0
6559;13.14;13.0;16.0;-3.0;13.0
6569;13.076666666666666;13.0;16.0;-3.0;13.0
6579;13.156666666666666;13.0;16.0;-3.0;13.0
6589;13.106666666666667;13.0;16.0;-3.0;13.0
6599;13.14;13.0;16.0;-3.0;13.0
6609;13.07;13.0;16.0;-3.0;13.0
6619;13.126666666666667;13.0;16.0;-3.0;13.0
6629;13.136666666666667;13.0;16.0;-3.0;13.0
6639;13.086666666666666;13.0;16.0;-3.0;13.0
6649;13.09;13.0;16.0;-3.0;13.0
6659;13.113333333333333;13.0;16.0;-3.0;13.0
6669;13.1;13.0;16.0;-3.0;13.0
6679;13.08;13.0;16.0;-3.0;13.0
6689;13.08;13.0;16.0;-3.0;13.0
6699;13.126666666666667;13.0;16.0;-3.0;13.0
6709;13.083333333333334;13.0;16.0;-3.0;13.0
6719;13.126666666666667;13.0;16.0;-3.0;13.0
6729;13.11;13.0;16.0;-3.0;13.0
6739;13.136666666666667;13.0;16.0;-3.0;13.0
6749;13.12;13.0;16.0;-3.0;13.0
6759;13.12;13.0;16.0;-3.0;13.0
6769;13.11;13.0;16.0;-3.0;13.0
6779;13.073333333333334;13.0;16.0;-3.0;13.0
6789;13.07;13.0;16.0;-3.0;13.0
6799;13.106666666666667;13.0;16.0;-3.0;13.0
6809;13.143333333333333;13.0;16.0;-3.0;13.0
6819;13.116666666666667;13.0;16.0;-3.0;13.0
6829;13.096666666666666;13.0;16.0;-3.0;13.0
6839;13.07;13.0;16.0;-3.0;13.0
6849;13.056666666666667;13.0;16.0;-3.0;13.0
6859;13.09;13.0;16.0;-3.0;13.0
6869;13.153333333333334;13.0;16.0;-3.0;13.0
6879;13.073333333333334;13.0;16.0;-3.0;13.0
6889;13.133333333333333;13.0;16.0;-3.0;13.0
6899;13.143333333333333;13.0;16.0;-3.0;13.0
6909;13.106666666666667;13.0;16.0;-3.0;13.0
6919;13.183333333333334;13.0;16.0;-3.0;13.0
6929;13.103333333333333;13.0;16.0;-3.0;13.0
6939;13.123333333333333;13.0;16.0;-3.0;13.0
6949;13.153333333333334;13.0;16.0;-3.0;13.0
6959;13.04;13.0;16.0;-3.0;13.0
6969;13.07;13.0;16.0;-3.0;13.0
6979;13.16;13.0;16.0;-3.0;13.0
6989;13.066666666666666;13.0;16.0;-3.0;13.0
6999;13.143333333333333;13.0;16.0;-3.0;13.0
7009;13.143333333333333;13.0;16.0;-3.0;13.0
7019;13.066666666666666;13.0;16.0;-3.0;13.0
7029;13.126666666666667;13.0;16.0;-3.0;13.0
7039;13.183333333333334;13.0;16.0;-3.0;13.0
7049;13.126666666666667;13.0;16.0;-3.0;13.0
7059;13.12;13.0;16.0;-3.0;13.0
7069;13.076666666666666;13.0;16.0;-3.0;13.0
7079;13.11;13.0;16.0;-3.0;13.0
7089;13.12;13.0;16.0;-3.0;13.0
7099;13.103333333333333;13.0;16.0;-3.0;13.0
7109;13.17;13.0;16.0;-3.0;13.0
7119;13.14;13.0;16.0;-3.0;13.0
7129;13.156666666666666;13.0;16.0;-3.0;13.0
7139;13.13;13.0;16.0;-3.0;13.0
7149;13.103333333333333;13.0;16.0;-3.0;13.0
7159;13.17;13.0;16.0;-3.0;13.0
7169;13.123333333333333;13.0;16.0;-3.0;13.0
7179;13.126666666666667;13.0;16.0;-3.0;13.0
7189;13.13;13.0;16.0;-3.0;13.0
7199;13.063333333333333;13.0;16.0;-3.0;13.0
7209;13.17;13.0;16.0;-3.0;13.0
7219;13.06;13.0;16.0;-3.0;13.0
7229;13.156666666666666;13.0;16.0;-3.0;13.0
7239;13.056666666666667;13.0;16.0;-3.0;13.0
7249;13.12;13.0;16.0;-3.0;13.0
7259;13.153333333333334;13.0;16.0;-3.0;13.0
7269;13.14;13.0;16.0;-3.0;13.0
7279;13.05;13.0;16.0;-3.0;13.0
7289;13.086666666666666;13.0;16.0;-3.0;13.0
7299;13.103333333333333;13.0;16.0;-3.0;13.0
7309;13.06;13.0;16.0;-3.0;13.0
7319;13.15;13.0;16.0;-3.0;13.0
7329;13.133333333333333;13.0;16.0;-3.0;13.0
7339;13.106666666666667;13.0;16.0;-3.0;13.0
7349;13.106666666666667;13.0;16.0;-3.0;13.0
7359;13.056666666666667;13.0;16.0;-3.0;13.0
7369;13.14;13.0;16.0;-3.0;13.0
7379;13.123333333333333;13.0;16.0;-3.0;13.0
7389;13.083333333333334;13.0;16.0;-3.0;13.0
7399;13.126666666666667;13.0;16.0;-3.0;13.0
7409;13.11;13.0;16.0;-3.0;13.0
7419;13.166666666666666;13.0;16.0;-3.0;13.0
7429;13.14;13.0;16.0;-3.0;13.0
7439;13.116666666666667;13.0;16.0;-3.0;13.0
7449;13.14;13.0;16.0;-3.0;13.0
7459;13.12;13.0;16.0;-3.0;13.0
7469;13.086666666666666;13.0;16.0;-3.0;13.0
7479;13.103333333333333;13.0;16.0;-3.0;13.0
7489;13.183333333333334;13.0;16.0;-3.0;13.0
7499;13.136666666666667;13.0;16.0;-3.0;13.0
7509;13.02;13.0;16.0;-3.0;13.0
7519;13.083333333333334;13.0;16.0;-3.0;13.0
7529;13.1;13.0;16.0;-3.0;13.0
7539;13.113333333333333;13.0;16.0;-3.0;13.0
7549;13.056666666666667;13.0;16.0;-3.0;13.0
7559;13.14;13.0;16.0;-3.0;13.0
7569;13.133333333333333;13.0;16.0;-3.0;13.0
7579;13.09;13.0;16.0;-3.0;13.0
7589;13.113333333333333;13.0;16.0;-3.0;13.0
7599;13.11;13.0;16.0;-3.0;13.0
7609;13.153333333333334;13.0;16.0;-3.0;13.0
7619;13.093333333333334;13.0;16.0;-3.0;13.0
7629;13.093333333333334;13.0;16.0;-3.0;13.0
7639;13.106666666666667;13.0;16.0;-3.0;13.0
7649;13.083333333333334;13.0;16.0;-3.0;13.0
7659;13.103333333333333;13.0;16.0;-3.0;13.0
7669;13.13;13.0;16.0;-3.0;13.0
7679;13.08;13.0;16.0;-3.0;13.0
7689;13.14;13.0;16.0;-3.0;13.0
7699;13.133333333333333;13.0;16.0;-3.0;13.0
7709;13.143333333333333;13.0;16.0;-3.0;13.0
7719;13.083333333333334;13.0;16.0;-3.0;13.0
7729;13.076666666666666;13.0;16.0;-3.0;13.0
7739;13.18;13.0;16.0;-3.0;13.0
7749;13.103333333333333;13.0;16.0;-3.0;13.0
7759;13.09;13.0;16.0;-3.0;13.0
7769;13.133333333333333;13.0;16.0;-3.0;13.0
7779;13.11;13.0;16.0;-3.0;13.0
7789;13.163333333333334;13.0;16.0;-3.0;13.0
7799;13.1;13.0;16.0;-3.0;13.0
7809;13.12;13.0;16.0;-3.0;13.0
7819;13.076666666666666;13.0;16.0;-3.0;13.0
7829;13.15;13.0;16.0;-3.0;13.0
7839;13.113333333333333;13.0;16.0;-3.0;13.0
7849;13.1;13.0;16.0;-3.0;13.0
7859;13.143333333333333;13.0;16.0;-3.0;13.0
7869;13.04;13.0;16.0;-3.0;13.0
7879;13.186666666666667;13.0;16.0;-3.0;13.0
7889;13.116666666666667;13.0;16.0;-3.0;13.0
7899;13.093333333333334;13.0;16.0;-3.0;13.0
7909;13.053333333333333;13.0;16.0;-3.0;13.0
7919;13.156666666666666;13.0;16.0;-3.0;13.0
7929;13.093333333333334;13.0;16.0;-3.0;13.0
7939;13.093333333333334;13.0;16.0;-3.0;13.0
7949;13.106666666666667;13.0;16.0;-3.0;13.0
7959;13.096666666666666;13.0;16.0;-3.0;13.0
7969;13.08;13.0;16.0;-3.0;13.0
7979;13.136666666666667;13.0;16.0;-3.0;13.0
7989;13.14;13.0;16.0;-3.0;13.0
7999;13.07;13.0;16.0;-3.0;13.0
8009;13.116666666666667;13.0;16.0;-3.0;13.0
8019;13.076666666666666;13.0;16.0;-3.0;13.0
8029;13.106666666666667;13.0;16.0;-3.0;13.0
8039;13.086666666666666;13.0;16.0;-3.0;13.0
8049;13.12;13.0;16.0;-3.0;13.0
8059;13.06;13.0;16.0;-3.0;13.0
8069;13.12;13.0;16.0;-3.0;13.0
8079;13.093333333333334;13.0;16.0;-3.0;13.0
8089;13.096666666666666;13.0;16.0;-3.0;13.0
8099;13.106666666666667;13.0;16.0;-3.0;13.0
8109;13.103333333333333;13.0;16.0;-3.0;13.0
8119;13.076666666666666;13.0;16.0;-3.0;13.0
8129;13.076666666666666;13.0;16.0;-3.0;13.0
8139;13.163333333333334;13.0;16.0;-3.0;13.0
8149;13.09;13.0;16.0;-3.0;13.0
8159;13.123333333333333;13.0;16.0;-3.0;13.0
8169;13.12;13.0;16.0;-3.0;13.0
8179;13.133333333333333;13.0;16.0;-3.0;13.0
8189;13.1;13.0;16.0;-3.0;13.0
8199;13.106666666666667;13.0;16.0;-3.0;13.0
8209;13.106666666666667;13.0;16.0;-3.0;13.0
8219;13.116666666666667;13.0;16.0;-3.0;13.0
8229;13.126666666666667;13.0;16.0;-3.0;13.0
8239;13.116666666666667;13.0;16.0;-3.0;13.0
8249;13.103333333333333;13.0;16.0;-3.0;13.0
8259;13.09;13.0;16.0;-3.0;13.0
8269;13.1;13.0;16.0;-3.0;13.0
8279;13.133333333333333;13.0;16.0;-3.0;13.0
8289;13.136666666666667;13.0;16.0;-3.0;13.0
8299;13.07;13.0;16.0;-3.0;13.0
8309;13.1;13.0;16.0;-3.0;13.0
8319;13.173333333333334;13.0;16.0;-3.0;13.0
8329;13.076666666666666;13.0;16.0;-3.0;13.0
8339;13.1;13.0;16.0;-3.0;13.0
8349;13.086666666666666;13.0;16.0;-3.0;13.0
8359;13.126666666666667;13.0;16.0;-3.0;13.0
8369;13.096666666666666;13.0;16.0;-3.0;13.0
8379;13.136666666666667;13.0;16.0;-3.0;13.0
8389;13.133333333333333;13.0;16.0;-3.0;13.0
8399;13.09;13.0;16.0;-3.0;13.0
8409;13.15;13.0;16.0;-3.0;13.0
8419;13.08;13.0;16.0;-3.0;13.0
8429;13.153333333333334;13.0;16.0;-3.0;13.0
8439;13.083333333333334;13.0;16.0;-3.0;13.0
8449;13.156666666666666;13.0;16.0;-3.0;13.0
8459;13.106666666666667;13.0;16.0;-3.0;13.0
8469;13.066666666666666;13.0;16.0;-3.0;13.0
8479;13.09;13.0;16.0;-3.0;13.0
8489;13.096666666666666;13.0;16.0;-3.0;13.0
8499;13.073333333333334;13.0;16.0;-3.0;13.0
8509;13.153333333333334;13.0;16.0;-3.0;13.0
8519;13.12;13.0;16.0;-3.0;13.0
8529;13.113333333333333;13.0;16.0;-3.0;13.0
8539;13.146666666666667;13.0;16.0;-3.0;13.0
8549;13.106666666666667;13.0;16.0;-3.0;13.0
8559;13.086666666666666;13.0;16.0;-3.0;13.0
8569;13.126666666666667;13.0;16.0;-3.0;13.0
8579;13.106666666666667;13.0;16.0;-3.0;13.0
8589;13.063333333333333;13.0;16.0;-3.0;13.0
8599;13.113333333333333;13.0;16.0;-3.0;13.0
8609;13.113333333333333;13.0;16.0;-3.0;13.0
8619;13.15;13.0;16.0;-3.0;13.0
8629;13.076666666666666;13.0;16.0;-3.0;13.0
8639;13.12;13.0;16.0;-3.0;13.0
8649;13.11;13.0;16.0;-3.0;13.0
8659;13.06;13.0;16.0;-3.0;13.0
8669;13.08;13.0;16.0;-3.0;13.0
8679;13.11;13.0;16.0;-3.0;13.0
8689;13.043333333333333;13.0;16.0;-3.0;13.0
8699;13.07;13.0;16.0;-3.0;13.0
8709;13.17;13.0;16.0;-3.0;13.0
8719;13.083333333333334;13.0;16.0;-3.0;13.0
8729;13.096666666666666;13.0;16.0;-3.0;13.0
8739;13.073333333333334;13.0;16.0;-3.0;13.0
8749;13.093333333333334;13.0;16.0;-3.0;13.0
8759;13.11;13.0;16.0;-3.0;13.0
8769;13.076666666666666;13.0;16.0;-3.0;13.0
8779;13.096666666666666;13.0;16.0;-3.0;13.0
8789;13.056666666666667;13.0;16.0;-3.0;13.0
8799;13.143333333333333;13.0;16.0;-3.0;13.0
8809;13.14;13.0;16.0;-3.0;13.0
8819;13.083333333333334;13.0;16.0;-3.0;13.0
8829;13.07;13.0;16.0;-3.0;13.0
8839;13.09;13.0;16.0;-3.0;13.0
8849;13.086666666666666;13.0;16.0;-3.0;13.0
8859;13.116666666666667;13.0;16.0;-3.0;13.0
8869;13.09;13.0;16.0;-3.0;13.0
8879;13.14;13.0;16.0;-3.0;13.0
8889;13.133333333333333;13.0;16.0;-3.0;13.0
8899;13.16;13.0;16.0;-3.0;13.0
8909;13.103333333333333;13.0;16.0;-3.0;13.0
8919;13.06;13.0;16.0;-3.0;13.0
8929;13.146666666666667;13.0;16.0;-3.0;13.0
8939;13.146666666666667;13.0;16.0;-3.0;13.0
8949;13.143333333333333;13.0;16.0;-3.0;13.0
8959;13.13;13.0;16.0;-3.0;13.0
8969;13.14;13.0;16.0;-3.0;13.0
8979;13.136666666666667;13.0;16.0;-3.0;13.0
8989;13.09;13.0;16.0;-3.0;13.0
8999;13.083333333333334;13.0;16.0;-3.0;13.0
9009;13.103333333333333;13.0;16.0;-3.0;13.0
9019;13.09;13.0;16.0;-3.0;13.0
9029;13.09;13.0;16.0;-3.0;13.0
9039;13.143333333333333;13.0;16.0;-3.0;13.0
9049;13.076666666666666;13.0;16.0;-3.0;13.0
9059;13.11;13.0;16.0;-3.0;13.0
9069;13.126666666666667;13.0;16.0;-3.0;13.0
9079;13.116666666666667;13.0;16.0;-3.0;13.0
9089;13.126666666666667;13.0;16.0;-3.0;13.0
9099;13.1;13.0;16.0;-3.0;13.0
9109;13.123333333333333;13.0;16.0;-3.0;13.0
9119;13.056666666666667;13.0;16.0;-3.0;13.0
9129;13.133333333333333;13.0;16.0;-3.0;13.0
9139;13.156666666666666;13.0;16.0;-3.0;13.0
9149;13.163333333333334;13.0;16.0;-3.0;13.0
9159;13.163333333333334;13.0;16.0;-3.0;13.0
9169;13.11;13.0;16.0;-3.0;13.0
9179;13.08;13.0;16.0;-3.0;13.0
9189;13.083333333333334;13.0;16.0;-3.0;13.0
9199;13.086666666666666;13.0;16.0;-3.0;13.0
9209;13.076666666666666;13.0;16.0;-3.0;13.0
9219;13.133333333333333;13.0;16.0;-3.0;13.0
9229;13.08;13.0;16.0;-3.0;13.0
9239;13.113333333333333;13.0;16.0;-3.0;13.0
9249;13.123333333333333;13.0;16.0;-3.0;13.0
9259;13.133333333333333;13.0;16.0;-3.0;13.0
9269;13.083333333333334;13.0;16.0;-3.0;13.0
9279;13.09;13.0;16.0;-3.0;13.0
9289;13.07;13.0;16.0;-3.0;13.0
9299;13.086666666666666;13.0;16.0;-3.0;13.0
9309;13.14;13.0;16.0;-3.0;13.0
9319;13.09;13.0;16.0;-3.0;13.0
9329;13.086666666666666;13.0;16.0;-3.0;13.0
9339;13.11;13.0;16.0;-3.0;13.0
9349;13.076666666666666;13.0;16.0;-3.0;13.0
9359;13.16;13.0;16.0;-3.0;13.0
9369;13.156666666666666;13.0;16.0;-3.0;13.0
9379;13.1;13.0;16.0;-3.0;13.0
9389;13.113333333333333;13.0;16.0;-3.0;13.0
9399;13.07;13.0;16.0;-3.0;13.0
9409;13.076666666666666;13.0;16.0;-3.0;13.0
9419;13.11;13.0;16.0;-3.0;13.0
9429;13.113333333333333;13.0;16.0;-3.0;13.0
9439;13.08;13.0;16.0;-3.0;13.0
9449;13.106666666666667;13.0;16.0;-3.0;13.0
9459;13.093333333333334;13.0;16.0;-3.0;13.0
9469;13.123333333333333;13.0;16.0;-3.0;13.0
9479;13.14;13.0;16.0;-3.0;13.0
9489;13.113333333333333;13.0;16.0;-3.0;13.0
9499;13.123333333333333;13.0;16.0;-3.0;13.0
9509;13.1;13.0;16.0;-3.0;13.0
9519;13.09;13.0;16.0;-3.0;13.0
9529;13.093333333333334;13.0;16.0;-3.0;13.0
9539;13.17;13.0;16.0;-3.0;13.0
9549;13.103333333333333;13.0;16.0;-3.0;13.0
9559;13.09;13.0;16.0;-3.0;13.0
9569;13.076666666666666;13.0;16.0;-3.0;13.0
9579;13.126666666666667;13.0;16.0;-3.0;13.0
9589;13.07;13.0;16.0;-3.0;13.0
9599;13.1;13.0;16.0;-3.0;13.0
9609;13.093333333333334;13.0;16.0;-3.0;13.0
9619;13.08;13.0;16.0;-3.0;13.0
9629;13.113333333333333;13.0;16.0;-3.0;13.0
9639;13.086666666666666;13.0;16.0;-3.0;13.0
9649;13.143333333333333;13.0;16.0;-3.0;13.0
9659;13.18;13.0;16.0;-3.0;13.0
9669;13.086666666666666;13.0;16.0;-3.0;13.0
9679;13.09;13.0;16.0;-3.0;13.0
9689;13.133333333333333;13.0;16.0;-3.0;13.0
9699;13.176666666666666;13.0;16.0;-3.0;13.0
9709;13.116666666666667;13.0;16.0;-3.0;13.0
9719;13.09;13.0;16.0;-3.0;13.0
9729;13.053333333333333;13.0;16.0;-3.0;13.0
9739;13.136666666666667;13.0;16.0;-3.0;13.0
9749;13.156666666666666;13.0;16.0;-3.0;13.0
9759;13.09;13.0;16.0;-3.0;13.0
9769;13.113333333333333;13.0;16.0;-3.0;13.0
9779;13.103333333333333;13.0;16.0;-3.0;13.0
9789;13.103333333333333;13.0;16.0;-3.0;13.0
9799;13.136666666666667;13.0;16.0;-3.0;13.0
9809;13.066666666666666;13.0;16.0;-3.0;13.0
9819;13.12;13.0;16.0;-3.0;13.0
9829;13.096666666666666;13.0;16.0;-3.0;13.0
9839;13.09;13.0;16.0;-3.0;13.0
9849;13.14;13.0;16.0;-3.0;13.0
9859;13.1;13.0;16.0;-3.0;13.0
9869;13.133333333333333;13.0;16.0;-3.0;13.0
9879;13.07;13.0;16.0;-3.0;13.0
9889;13.093333333333334;13.0;16.0;-3.0;13.0
9899;13.086666666666666;13.0;16.0;-3.0;13.0
9909;13.133333333333333;13.0;16.0;-3.0;13.0
9919;13.176666666666666;13.0;16.0;-3.0;13.0
9929;13.14;13.0;16.0;-3.0;13.0
9939;13.11;13.0;16.0;-3.0;13.0
9949;13.083333333333334;13.0;16.0;-3.0;13.0
9959;13.046666666666667;13.0;16.0;-3.0;13.0
9969;13.093333333333334;13.0;16.0;-3.0;13.0
9979;13.126666666666667;13.0;16.0;-3.0;13.0
9989;13.113333333333333;13.0;16.0;-3.0;13.0
9999;13.136666666666667;13.0;16.0;-3.0;13.0
10009;13.086666666666666;13.0;16.0;-3.0;13.0
10019;13.156666666666666;13.0;16.0;-3.0;13.0
10029;13.123333333333333;13.0;16.0;-3.0;13.0
10039;13.123333333333333;13.0;16.0;-3.0;13.0
10049;13.073333333333334;13.0;16.0;-3.0;13.0
10059;13.133333333333333;13.0;16.0;-3.0;13.0
10069;13.123333333333333;13.0;16.0;-3.0;13.0
10079;13.086666666666666;13.0;16.0;-3.0;13.0
10089;13.066666666666666;13.0;16.0;-3.0;13.0
10099;13.1;13.0;16.0;-3.0;13.0
10109;13.06;13.0;16.0;-3.0;13.0
10119;13.05;13.0;16.0;-3.0;13.0
10129;13.156666666666666;13.0;16.0;-3.0;13.0
10139;13.123333333333333;13.0;16.0;-3.0;13.0
10149;13.063333333333333;13.0;16.0;-3.0;13.0
10159;13.053333333333333;13.0;16.0;-3.0;13.0
10169;13.096666666666666;13.0;16.0;-3.0;13.0
10179;13.09;13.0;16.0;-3.0;13.0
10189;13.096666666666666;13.0;16.0;-3.0;13.0
10199;13.126666666666667;13.0;16.0;-3.0;13.0
10209;13.096666666666666;13.0;16.0;-3.0;13.0
10219;13.13;13.0;16.0;-3.0;13.0
10229;13.073333333333334;13.0;16.0;-3.0;13.0
10239;13.06;13.0;16.0;-3.0;13.0
10249;13.13;13.0;16.0;-3.0;13.0
10259;13.153333333333334;13.0;16.0;-3.0;13.0
10269;13.1;13.0;16.0;-3.0;13.0
10279;13.126666666666667;13.0;16.0;-3.0;13.0
10289;13.096666666666666;13.0;16.0;-3.0;13.0
10299;13.123333333333333;13.0;16.0;-3.0;13.0
10309;13.086666666666666;13.0;16.0;-3.0;13.0
10319;13.103333333333333;13.0;16.0;-3.0;13.0
10329;13.113333333333333;13.0;16.0;-3.0;13.0
10339;13.076666666666666;13.0;16.0;-3.0;13.0
10349;13.166666666666666;13.0;16.0;-3.0;13.0
10359;13.2;13.0;16.0;-3.0;13.0
10369;13.106666666666667;13.0;16.0;-3.0;13.0
10379;13.07;13.0;16.0;-3.0;13.0
10389;13.12;13.0;16.0;-3.0;13.0
10399;13.103333333333333;13.0;16.0;-3.0;13.0
10409;13.1;13.0;16.0;-3.0;13.0
10419;13.086666666666666;13.0;16.0;-3.0;13.0
10429;13.046666666666667;13.0;16.0;-3.0;13.0
10439;13.073333333333334;13.0;16.0;-3.0;13.0
10449;13.073333333333334;13.0;16.0;-3.0;13.0
10459;13.146666666666667;13.0;16.0;-3.0;13.0
10469;13.063333333333333;13.0;16.0;-3.0;13.0
10479;13.083333333333334;13.0;16.0;-3.0;13.0
10489;13.076666666666666;13.0;16.0;-3.0;13.0
10499;13.06;13.0;16.0;-3.0;13.0
10509;13.12;13.0;16.0;-3.0;13.0
10519;13.176666666666666;13.0;16.0;-3.0;13.0
10529;13.15;13.0;16.0;-3.0;13.0
10539;13.136666666666667;13.0;16.0;-3.0;13.0
10549;13.146666666666667;13.0;16.0;-3.0;13.0
10559;13.14;13.0;16.0;-3.0;13.0
10569;13.143333333333333;13.0;16.0;-3.0;13.0
10579;13.123333333333333;13.0;16.0;-3.0;13.0
10589;13.136666666666667;13.0;16.0;-3.0;13.0
10599;13.063333333333333;13.0;16.0;-3.0;13.0
10609;13.093333333333334;13.0;16.0;-3.0;13.0
10619;13.123333333333333;13.0;16.0;-3.0;13.0
10629;13.103333333333333;13.0;16.0;-3.0;13.0
10639;13.093333333333334;13.0;16.0;-3.0;13.0
10649;13.103333333333333;13.0;16.0;-3.0;13.0
10659;13.073333333333334;13.0;16.0;-3.0;13.0
10669;13.12;13.0;16.0;-3.0;13.0
10679;13.11;13.0;16.0;-3.0;13.0
10689;13.076666666666666;13.0;16.0;-3.0;13.0
10699;13.073333333333334;13.0;16.0;-3.0;13.0
10709;13.11;13.0;16.0;-3.0;13.0
10719;13.093333333333334;13.0;16.0;-3.0;13.0
10729;13.09;13.0;16.0;-3.0;13.0
10739;13.113333333333333;13.0;16.0;-3.0;13.0
10749;13.13;13.0;16.0;-3.0;13.0
10759;13.096666666666666;13.0;16.0;-3.0;13.0
10769;13.103333333333333;13.0;16.0;-3.0;13.0
10779;13.14;13.0;16.0;-3.0;13.0
10789;13.09;13.0;16.0;-3.0;13.0
10799;13.08;13.0;16.0;-3.0;13.0
10809;13.15;13.0;16.0;-3.0;13.0
10819;13.116666666666667;13.0;16.0;-3.0;13.0
10829;13.106666666666667;13.0;16.0;-3.0;13.0
10839;13.116666666666667;13.0;16.0;-3.0;13.0
10849;13.113333333333333;13.0;16.0;-3.0;13.0
10859;13.11;13.0;16.0;-3.0;13.0
10869;13.1;13.0;16.0;-3.0;13.0
10879;13.193333333333333;13.0;16.0;-3.0;13.0
10889;13.116666666666667;13.0;16.0;-3.0;13.0
10899;13.103333333333333;13.0;16.0;-3.0;13.0
10909;13.106666666666667;13.0;16.0;-3.0;13.0
10919;13.096666666666666;13.0;16.0;-3.0;13.0
10929;13.09;13.0;16.0;-3.0;13.0
10939;13.133333333333333;13.0;16.0;-3.0;13.0
10949;13.103333333333333;13.0;16.0;-3.0;13.0
10959;13.133333333333333;13.0;16.0;-3.0;13.0
10969;13.07;13.0;16.0;-3.0;13.0
10979;13.083333333333334;13.0;16.0;-3.0;13.0
10989;13.15;13.0;16.0;-3.0;13.0
10999;13.156666666666666;13.0;16.0;-3.0;13.0
11009;13.133333333333333;13.0;16.0;-3.0;13.0
11019;13.143333333333333;13.0;16.0;-3.0;13.0
11029;13.116666666666667;13.0;16.0;-3.0;13.0
11039;13.18;13.0;16.0;-3.0;13.0
11049;13.136666666666667;13.0;16.0;-3.0;13.0
11059;13.113333333333333;13.0;16.0;-3.0;13.0
11069;13.15;13.0;16.0;-3.0;13.0
11079;13.116666666666667;13.0;16.0;-3.0;13.0
11089;13.07;13.0;16.0;-3.0;13.0
11099;13.106666666666667;13.0;16.0;-3.0;13.0
11109;13.11;13.0;16.0;-3.0;13.0
11119;13.063333333333333;13.0;16.0;-3.0;13.0
11129;13.096666666666666;13.0;16.0;-3.0;13.0
11139;13.096666666666666;13.0;16.0;-3.0;13.0
11149;13.14;13.0;16.0;-3.0;13.0
11159;13.113333333333333;13.0;16.0;-3.0;13.0
11169;13.19;13.0;16.0;-3.0;13.0
11179;13.103333333333333;13.0;16.0;-3.0;13.0
11189;13.083333333333334;13.0;16.0;-3.0;13.0
11199;13.113333333333333;13.0;16.0;-3.0;13.0
11209;13.13;13.0;16.0;-3.0;13.0
11219;13.103333333333333;13.0;16.0;-3.0;13.0
11229;13.143333333333333;13.0;16.0;-3.0;13.0
11239;13.096666666666666;13.0;16.0;-3.0;13.0
11249;13.16;13.0;16.0;-3.0;13.0
11259;13.063333333333333;13.0;16.0;-3.0;13.0
11269;13.133333333333333;13.0;16.0;-3.0;13.0
11279;13.12;13.0;16.0;-3.0;13.0
11289;13.116666666666667;13.0;16.0;-3.0;13.0
11299;13.1;13.0;16.0;-3.0;13.0
11309;13.07;13.0;16.0;-3.0;13.0
11319;13.073333333333334;13.0;16.0;-3.0;13.0
11329;13.1;13.0;16.0;-3.0;13.0
11339;13.116666666666667;13.0;16.0;-3.0;13.0
11349;13.073333333333334;13.0;16.0;-3.0;13.0
11359;13.076666666666666;13.0;16.0;-3.0;13.0
11369;13.1;13.0;16.0;-3.0;13.0
11379;13.063333333333333;13.0;16.0;-3.0;13.0
11389;13.14;13.0;16.0;-3.0;13.0
11399;13.076666666666666;13.0;16.0;-3.0;13.0
11409;13.126666666666667;13.0;16.0;-3.0;13.0
11419;13.103333333333333;13.0;16.0;-3.0;13.0
11429;13.08;13.0;16.0;-3.0;13.0
11439;13.133333333333333;13.0;16.0;-3.0;13.0
11449;13.086666666666666;13.0;16.0;-3.0;13.0
11459;13.123333333333333;13.0;16.0;-3.0;13.0
11469;13.136666666666667;13.0;16.0;-3.0;13.0
11479;13.106666666666667;13.0;16.0;-3.0;13.0
11489;13.086666666666666;13.0;16.0;-3.0;13.0
11499;13.12;13.0;16.0;-3.0;13.0
11509;13.096666666666666;13.0;16.0;-3.0;13.0
11519;13.15;13.0;16.0;-3.0;13.0
11529;13.143333333333333;13.0;16.0;-3.0;13.0
11539;13.12;13.0;16.0;-3.0;13.0
11549;13.1;13.0;16.0;-3.0;13.0
11559;13.11;13.0;16.0;-3.0;13.0
11569;13.086666666666666;13.0;16.0;-3.0;13.0
11579;13.143333333333333;13.0;16.0;-3.0;13.0
11589;13.076666666666666;13.0;16.0;-3.0;13.0
11599;13.116666666666667;13.0;16.0;-3.0;13.0
11609;13.113333333333333;13.0;16.0;-3.0;13.0
11619;13.076666666666666;13.0;16.0;-3.0;13.0
11629;13.156666666666666;13.0;16.0;-3.0;13.0
11639;13.13;13.0;16.0;-3.0;13.0
11649;13.133333333333333;13.0;16.0;-3.0;13.0
11659;13.09;13.0;16.0;-3.0;13.0
11669;13.146666666666667;13.0;16.0;-3.0;13.0
11679;13.076666666666666;13.0;16.0;-3.0;13.0
11689;13.08;13.0;16.0;-3.0;13.0
11699;13.09;13.0;16.0;-3.0;13.0
11709;13.09;13.0;16.0;-3.0;13.0
11719;13.11;13.0;16.0;-3.0;13.0
11729;13.043333333333333;13.0;16.0;-3.0;13.0
11739;13.09;13.0;16.0;-3.0;13.0
11749;13.11;13.0;16.0;-3.0;13.0
11759;13.08;13.0;16.0;-3.0;13.0
11769;13.13;13.0;16.0;-3.0;13.0
11779;13.07;13.0;16.0;-3.0;13.0
11789;13.093333333333334;13.0;16.0;-3.0;13.0
11799;13.116666666666667;13.0;16.0;-3.0;13.0
11809;13.123333333333333;13.0;16.0;-3.0;13.0
11819;13.113333333333333;13.0;16.0;-3.0;13.0
11829;13.133333333333333;13.0;16.0;-3.0;13.0
11839;13.08;13.0;16.0;-3.0;13.0
11849;13.113333333333333;13.0;16.0;-3.0;13.0
11859;13.083333333333334;13.0;16.0;-3.0;13.0
11869;13.11;13.0;16.0;-3.0;13.0
11879;13.09;13.0;16.0;-3.0;13.0
11889;13.093333333333334;13.0;16.0;-3.0;13.0
11899;13.08;13.0;16.0;-3.0;13.0
11909;13.116666666666667;13.0;16.0;-3.0;13.0
11919;13.116666666666667;13.0;16.0;-3.0;13.0
11929;13.113333333333333;13.0;16.0;-3.0;13.0
11939;13.146666666666667;13.0;16.0;-3.0;13.0
11949;13.133333333333333;13.0;16.0;-3.0;13.0
11959;13.096666666666666;13.0;16.0;-3.0;13.0
11969;13.116666666666667;13.0;16.0;-3.0;13.0
11979;13.093333333333334;13.0;16.0;-3.0;13.0
11989;13.133333333333333;13.0;16.0;-3.0;13.0
11999;13.123333333333333;13.0;16.0;-3.0;13.0
12009;13.05;13.0;16.0;-3.0;13.0
12019;13.116666666666667;13.0;16.0;-3.0;13.0
12029;13.143333333333333;13.0;16.0;-3.0;13.0
12039;13.083333333333334;13.0;16.0;-3.0;13.0
12049;13.103333333333333;13.0;16.0;-3.0;13.0
12059;13.103333333333333;13.0;16.0;-3.0;13.0
12069;13.123333333333333;13.0;16.0;-3.0;13.0
12079;13.133333333333333;13.0;16.0;-3.0;13.0
12089;13.066666666666666;13.0;16.0;-3.0;13.0
12099;13.133333333333333;13.0;16.0;-3.0;13.0
12109;13.126666666666667;13.0;16.0;-3.0;13.0
12119;13.096666666666666;13.0;16.0;-3.0;13.0
12129;13.14;13.0;16.0;-3.0;13.0
12139;13.11;13.0;16.0;-3.0;13.0
12149;13.146666666666667;13.0;16.0;-3.0;13.0
12159;13.076666666666666;13.0;16.0;-3.0;13.0
12169;13.096666666666666;13.0;16.0;-3.0;13.0
12179;13.146666666666667;13.0;16.0;-3.0;13.0
12189;13.12;13.0;16.0;-3.0;13.0
12199;13.08;13.0;16.0;-3.0;13.0
12209;13.076666666666666;13.0;16.0;-3.0;13.0
12219;13.113333333333333;13.0;16.0;-3.0;13.0
12229;13.09;13.0;16.0;-3.0;13.0
12239;13.1;13.0;16.0;-3.0;13.0
12249;13.083333333333334;13.0;16.0;-3.0;13.0
12259;13.09;13.0;16.0;-3.0;13.0
12269;13.093333333333334;13.0;16.0;-3.0;13.0
12279;13.08;13.0;16.0;-3.0;13.0
12289;13.086666666666666;13.0;16.0;-3.0;13.0
12299;13.113333333333333;13.0;16.0;-3.0;13.0
12309;13.1;13.0;16.0;-3.0;13.0
12319;13.083333333333334;13.0;16.0;-3.0;13.0
12329;13.086666666666666;13.0;16.0;-3.0;13.0
12339;13.113333333333333;13.0;16.0;-3.0;13.0
12349;13.083333333333334;13.0;16.0;-3.0;13.0
12359;13.163333333333334;13.0;16.0;-3.0;13.0
12369;13.123333333333333;13.0;16.0;-3.0;13.0
12379;13.11;13.0;16.0;-3.0;13.0
12389;13.113333333333333;13.0;16.0;-3.0;13.0
12399;13.093333333333334;13.0;16.0;-3.0;13.0
12409;13.076666666666666;13.0;16.0;-3.0;13.0
12419;13.113333333333333;13.0;16.0;-3.0;13.0
12429;13.096666666666666;13.0;16.0;-3.0;13.0
12439;13.123333333333333;13.0;16.0;-3.0;13.0
12449;13.16;13.0;16.0;-3.0;13.0
12459;13.093333333333334;13.0;16.0;-3.0;13.0
12469;13.05;13.0;16.0;-3.0;13.0
12479;13.123333333333333;13.0;16.0;-3.0;13.0
12489;13.166666666666666;13.0;16.0;-3.0;13.0
12499;13.116666666666667;13.0;16.0;-3.0;13.0
12509;13.116666666666667;13.0;16.0;-3.0;13.0
12519;13.086666666666666;13.0;16.0;-3.0;13.0
12529;13.12;13.0;16.0;-3.0;13.0
12539;13.096666666666666;13.0;16.0;-3.0;13.0
12549;13.103333333333333;13.0;16.0;-3.0;13.0
12559;13.106666666666667;13.0;16.0;-3.0;13.0
12569;13.056666666666667;13.0;16.0;-3.0;13.0
12579;13.073333333333334;13.0;16.0;-3.0;13.0
12589;13.07;13.0;16.0;-3.0;13.0
12599;13.1;13.0;16.0;-3.0;13.0
12609;13.156666666666666;13.0;16.0;-3.0;13.0
12619;13.1;13.0;16.0;-3.0;13.0
12629;13.093333333333334;13.0;16.0;-3.0;13.0
12639;13.16;13.0;16.0;-3.0;13.0
12649;13.1;13.0;16.0;-3.0;13.0
12659;13.076666666666666;13.0;16.0;-3.0;13.0
12669;13.116666666666667;13.0;16.0;-3.0;13.0
12679;13.123333333333333;13.0;16.0;-3.0;13.0
12689;13.04;13.0;16.0;-3.0;13.0
12699;13.106666666666667;13.0;16.0;-3.0;13.0
12709;13.126666666666667;13.0;16.0;-3.0;13.0
12719;13.113333333333333;13.0;16.0;-3.0;13.0
12729;13.07;13.0;16.0;-3.0;13.0
12739;13.086666666666666;13.0;16.0;-3.0;13.0
12749;13.086666666666666;13.0;16.0;-3.0;13.0
12759;13.1;13.0;16.0;-3.0;13.0
12769;13.093333333333334;13.0;16.0;-3.0;13.0
12779;13.096666666666666;13.0;16.0;-3.0;13.0
12789;13.12;13.0;16.0;-3.0;13.0
12799;13.106666666666667;13.0;16.0;-3.0;13.0
12809;13.133333333333333;13.0;16.0;-3.0;13.0
12819;13.1;13.0;16.0;-3.0;13.0
12829;13.176666666666666;13.0;16.0;-3.0;13.0
12839;13.153333333333334;13.0;16.0;-3.0;13.0
12849;13.156666666666666;13.0;16.0;-3.0;13.0
12859;13.18;13.0;16.0;-3.0;13.0
12869;13.15;13.0;16.0;-3.0;13.0
12879;13.126666666666667;13.0;16.0;-3.0;13.0
12889;13.103333333333333;13.0;16.0;-3.0;13.0
12899;13.06;13.0;16.0;-3.0;13.0
12909;13.12;13.0;16.0;-3.0;13.0
12919;13.106666666666667;13.0;16.0;-3.0;13.0
12929;13.106666666666667;13.0;16.0;-3.0;13.0
12939;13.093333333333334;13.0;16.0;-3.0;13.0
12949;13.136666666666667;13.0;16.0;-3.0;13.0
12959;13.06;13.0;16.0;-3.0;13.0
12969;13.133333333333333;13.0;16.0;-3.0;13.0
12979;13.116666666666667;13.0;16.0;-3.0;13.0
12989;13.113333333333333;13.0;16.0;-3.0;13.0
12999;13.12;13.0;16.0;-3.0;13.0
13009;13.176666666666666;13.0;16.0;-3.0;13.0
13019;13.063333333333333;13.0;16.0;-3.0;13.0
13029;13.133333333333333;13.0;16.0;-3.0;13.0
13039;13.116666666666667;13.0;16.0;-3.0;13.0
13049;13.123333333333333;13.0;16.0;-3.0;13.0
13059;13.143333333333333;13.0;16.0;-3.0;13.0
13069;13.136666666666667;13.0;16.0;-3.0;13.0
13079;13.053333333333333;13.0;16.0;-3.0;13.0
13089;13.11;13.0;16.0;-3.0;13.0
13099;13.056666666666667;13.0;16.0;-3.0;13.0
13109;13.11;13.0;16.0;-3.0;13.0
13119;13.133333333333333;13.0;16.0;-3.0;13.0
13129;13.113333333333333;13.0;16.0;-3.0;13.0
13139;13.113333333333333;13.0;16.0;-3.0;13.0
13149;13.143333333333333;13.0;16.0;-3.0;13.0
13159;13.11;13.0;16.0;-3.0;13.0
13169;13.063333333333333;13.0;16.0;-3.0;13.0
13179;13.093333333333334;13.0;16.0;-3.0;13.0
13189;13.056666666666667;13.0;16.0;-3.0;13.0
13199;13.106666666666667;13.0;16.0;-3.0;13.0
13209;13.066666666666666;13.0;16.0;-3.0;13.0
13219;13.106666666666667;13.0;16.0;-3.0;13.0
13229;13.136666666666667;13.0;16.0;-3.0;13.0
13239;13.08;13.0;16.0;-3.0;13.0
13249;13.146666666666667;13.0;16.0;-3.0;13.0
13259;13.103333333333333;13.0;16.0;-3.0;13.0
13269;13.13;13.0;16.0;-3.0;13.0
13279;13.086666666666666;13.0;16.0;-3.0;13.0
13289;13.163333333333334;13.0;16.0;-3.0;13.0
13299;13.11;13.0;16.0;-3.0;13.0
13309;13.07;13.0;16.0;-3.0;13.0
13319;13.08;13.0;16.0;-3.0;13.0
13329;13.09;13.0;16.0;-3.0;13.0
13339;13.173333333333334;13.0;16.0;-3.0;13.0
13349;13.106666666666667;13.0;16.0;-3.0;13.0
13359;13.13;13.0;16.0;-3.0;13.0
13369;13.116666666666667;13.0;16.0;-3.0;13.0
13379;13.126666666666667;13.0;16.0;-3.0;13.0
13389;13.086666666666666;13.0;16.0;-3.0;13.0
13399;13.106666666666667;13.0;16.0;-3.0;13.0
13409;13.063333333333333;13.0;16.0;-3.0;13.0
13419;13.103333333333333;13.0;16.0;-3.0;13.0
13429;13.083333333333334;13.0;16.0;-3.0;13.0
13439;13.103333333333333;13.0;16.0;-3.0;13.0
13449;13.11;13.0;16.0;-3.0;13.0
13459;13.066666666666666;13.0;16.0;-3.0;13.0
13469;13.07;13.0;16.0;-3.0;13.0
13479;13.11;13.0;16.0;-3.0;13.0
13489;13.083333333333334;13.0;16.0;-3.0;13.0
13499;13.123333333333333;13.0;16.0;-3.0;13.0
13509;13.106666666666667;13.0;16.0;-3.0;13.0
13519;13.066666666666666;13.0;16.0;-3.0;13.0
13529;13.1;13.0;16.0;-3.0;13.0
13539;13.13;13.0;16.0;-3.0;13.0
13549;13.13;13.0;16.0;-3.0;13.0
13559;13.11;13.0;16.0;-3.0;13.0
13569;13.073333333333334;13.0;16.0;-3.0;13.0
13579;13.09;13.0;16.0;-3.0;13.0
13589;13.096666666666666;13.0;16.0;-3.0;13.0
13599;13.1;13.0;16.0;-3.0;13.0
13609;13.106666666666667;13.0;16.0;-3.0;13.0
13619;13.086666666666666;13.0;16.0;-3.0;13.0
13629;13.08;13.0;16.0;-3.0;13.0
13639;13.14;13.0;16.0;-3.0;13.0
13649;13.09;13.0;16.0;-3.0;13.0
13659;13.096666666666666;13.0;16.0;-3.0;13.0
13669;13.133333333333333;13.0;16.0;-3.0;13.0
13679;13.103333333333333;13.0;16.0;-3.0;13.0
13689;13.076666666666666;13.0;16.0;-3.0;13.0
13699;13.116666666666667;13.0;16.0;-3.0;13.0
13709;13.036666666666667;13.0;16.0;-3.0;13.0
13719;13.093333333333334;13.0;16.0;-3.0;13.0
13729;13.126666666666667;13.0;16.0;-3.0;13.0
13739;13.136666666666667;13.0;16.0;-3.0;13.0
13749;13.13;13.0;16.0;-3.0;13.0
13759;13.126666666666667;13.0;16.0;-3.0;13.0
13769;13.113333333333333;13.0;16.0;-3.0;13.0
13779;13.066666666666666;13.0;16.0;-3.0;13.0
13789;13.106666666666667;13.0;16.0;-3.0;13.0
13799;13.103333333333333;13.0;16.0;-3.0;13.0
13809;13.16;13.0;16.0;-3.0;13.0
13819;13.1;13.0;16.0;-3.0;13.0
13829;13.05;13.0;16.0;-3.0;13.0
13839;13.106666666666667;13.0;16.0;-3.0;13.0
13849;13.086666666666666;13.0;16.0;-3.0;13.0
13859;13.07;13.0;16.0;-3.0;13.0
13869;13.17;13.0;16.0;-3.0;13.0
13879;13.203333333333333;13.0;16.0;-3.0;13.0
13889;13.123333333333333;13.0;16.0;-3.0;13.0
13899;13.05;13.0;16.0;-3.0;13.0
13909;13.156666666666666;13.0;16.0;-3.0;13.0
13919;13.116666666666667;13.0;16.0;-3.0;13.0
13929;13.083333333333334;13.0;16.0;-3.0;13.0
13939;13.1;13.0;16.0;-3.0;13.0
13949;13.086666666666666;13.0;16.0;-3.0;13.0
13959;13.04;13.0;16.0;-3.0;13.0
13969;13.103333333333333;13.0;16.0;-3.0;13.0
13979;13.116666666666667;13.0;16.0;-3.0;13.0
13989;13.123333333333333;13.0;16.0;-3.0;13.0
13999;13.063333333333333;13.0;16.0;-3.0;13.0
14009;13.123333333333333;13.0;16.0;-3.0;13.0
14019;13.116666666666667;13.0;16.0;-3.0;13.0
14029;13.126666666666667;13.0;16.0;-3.0;13.0
14039;13.13;13.0;16.0;-3.0;13.0
14049;13.093333333333334;13.0;16.0;-3.0;13.0
14059;13.106666666666667;13.0;16.0;-3.0;13.0
14069;13.056666666666667;13.0;16.0;-3.0;13.0
14079;13.113333333333333;13.0;16.0;-3.0;13.0
14089;13.146666666666667;13.0;16.0;-3.0;13.0
14099;13.083333333333334;13.0;16.0;-3.0;13.0
14109;13.086666666666666;13.0;16.0;-3.0;13.0
14119;13.106666666666667;13.0;16.0;-3.0;13.0
14129;13.076666666666666;13.0;16.0;-3.0;13.0
14139;13.146666666666667;13.0;16.0;-3.0;13.0
14149;13.193333333333333;13.0;16.0;-3.0;13.0
14159;13.133333333333333;13.0;16.0;-3.0;13.0
14169;13.09;13.0;16.0;-3.0;13.0
14179;13.086666666666666;13.0;16.0;-3.0;13.0
14189;13.09;13.0;16.0;-3.0;13.0
14199;13.126666666666667;13.0;16.0;-3.0;13.0
14209;13.16;13.0;16.0;-3.0;13.0
14219;13.116666666666667;13.0;16.0;-3.0;13.0
14229;13.08;13.0;16.0;-3.0;13.0
14239;13.076666666666666;13.0;16.0;-3.0;13.0
14249;13.11;13.0;16.0;-3.0;13.0
14259;13.133333333333333;13.0;16.0;-3.0;13.0
14269;13.036666666666667;13.0;16.0;-3.0;13.0
14279;13.09;13.0;16.0;-3.0;13.0
14289;13.133333333333333;13.0;16.0;-3.0;13.0
14299;13.093333333333334;13.0;16.0;-3.0;13.0
14309;13.146666666666667;13.0;16.0;-3.0;13.0
14319;13.083333333333334;13.0;16.0;-3.0;13.0
14329;13.103333333333333;13.0;16.0;-3.0;13.0
14339;13.11;13.0;16.0;-3.0;13.0
14349;13.156666666666666;13.0;16.0;-3.0;13.0
14359;13.086666666666666;13.0;16.0;-3.0;13.0
14369;13.13;13.0;16.0;-3.0;13.0
14379;13.106666666666667;13.0;16.0;-3.0;13.0
14389;13.103333333333333;13.0;16.0;-3.0;13.0
14399;13.13;13.0;16.0;-3.0;13.0
14409;13.163333333333334;13.0;16.0;-3.0;13.0
14419;13.093333333333334;13.0;16.0;-3.0;13.0
14429;13.093333333333334;13.0;16.0;-3.0;13.0
14439;13.066666666666666;13.0;16.0;-3.0;13.0
14449;13.123333333333333;13.0;16.0;-3.0;13.0
14459;13.16;13.0;16.0;-3.0;13.0
14469;13.12;13.0;16.0;-3.0;13.0
14479;13.093333333333334;13.0;16.0;-3.0;13.0
14489;13.096666666666666;13.0;16.0;-3.0;13.0
14499;13.113333333333333;13.0;16.0;-3.0;13.0
14509;13.116666666666667;13.0;16.0;-3.0;13.0
14519;13.086666666666666;13.0;16.0;-3.0;13.0
14529;13.153333333333334;13.0;16.0;-3.0;13.0
14539;13.136666666666667;13.0;16.0;-3.0;13.0
14549;13.083333333333334;13.0;16.0;-3.0;13.0
14559;13.056666666666667;13.0;16.0;-3.0;13.0
14569;13.1;13.0;16.0;-3.0;13.0
14579;13.086666666666666;13.0;16.0;-3.0;13.0
14589;13.14;13.0;16.0;-3.0;13.0
14599;13.106666666666667;13.0;16.0;-3.0;13.0
14609;13.183333333333334;13.0;16.0;-3.0;13.0
14619;13.103333333333333;13.0;16.0;-3.0;13.0
14629;13.1;13.0;16.0;-3.0;13.0
14639;13.106666666666667;13.0;16.0;-3.0;13.0
14649;13.146666666666667;13.0;16.0;-3.0;13.0
14659;13.126666666666667;13.0;16.0;-3.0;13.0
14669;13.086666666666666;13.0;16.0;-3.0;13.0
14679;13.17;13.0;16.0;-3.0;13.0
14689;13.106666666666667;13.0;16.0;-3.0;13.0
14699;13.11;13.0;16.0;-3.0;13.0
14709;13.086666666666666;13.0;16.0;-3.0;13.0
14719;13.043333333333333;13.0;16.0;-3.0;13.0
14729;13.163333333333334;13.0;16.0;-3.0;13.0
14739;13.103333333333333;13.0;16.0;-3.0;13.0
14749;13.076666666666666;13.0;16.0;-3.0;13.0
14759;13.12;13.0;16.0;-3.0;13.0
14769;13.103333333333333;13.0;16.0;-3.0;13.0
14779;13.1;13.0;16.0;-3.0;13.0
14789;13.103333333333333;13.0;16.0;-3.0;13.0
14799;13.1;13.0;16.0;-3.0;13.0
14809;13.136666666666667;13.0;16.0;-3.0;13.0
14819;13.136666666666667;13.0;16.0;-3.0;13.0
14829;13.16;13.0;16.0;-3.0;13.0
14839;13.113333333333333;13.0;16.0;-3.0;13.0
14849;13.14;13.0;16.0;-3.0;13.0
14859;13.086666666666666;13.0;16.0;-3.0;13.0
14869;13.103333333333333;13.0;16.0;-3.0;13.0
14879;13.096666666666666;13.0;16.0;-3.0;13.0
14889;13.133333333333333;13.0;16.0;-3.0;13.0
14899;13.14;13.0;16.0;-3.0;13.0
14909;13.06;13.0;16.0;-3.0;13.0
14919;13.113333333333333;13.0;16.0;-3.0;13.0
14929;13.126666666666667;13.0;16.0;-3.0;13.0
14939;13.14;13.0;16.0;-3.0;13.0
14949;13.136666666666667;13.0;16.0;-3.0;13.0
14959;13.103333333333333;13.0;16.0;-3.0;13.0
14969;13.153333333333334;13.0;16.0;-3.0;13.0
14979;13.12;13.0;16.0;-3.0;13.0
14989;13.136666666666667;13.0;16.0;-3.0;13.0
14999;13.113333333333333;13.0;16.0;-3.0;13.0
