geracao;media da geracao;fitness do melhor da geracao;fitness do pior da geracao;relacao entre melhor e pior;fitness do melhor da run
Probabilidade Recombinação: 0.7
Probabilidade Mutação: 0.049999999999999996
Tipo de Selecção: Torneio
Tipo de Mutação: Simples Al.
Tamanho População: 300
Máximo de Gerações: 15000
0;76.64;63.0;96.0;-33.0;63.0
0;67.67666666666666;58.0;77.0;-19.0;58.0
9;50.056666666666665;49.0;53.0;-4.0;49.0
19;43.00666666666667;42.0;46.0;-4.0;42.0
29;37.02;36.0;40.0;-4.0;36.0
39;33.05;33.0;36.0;-3.0;33.0
49;32.04666666666667;32.0;35.0;-3.0;32.0
59;29.03;29.0;32.0;-3.0;29.0
69;27.06;27.0;30.0;-3.0;27.0
79;26.096666666666668;26.0;29.0;-3.0;26.0
89;25.086666666666666;25.0;28.0;-3.0;25.0
99;25.073333333333334;25.0;28.0;-3.0;25.0
109;25.1;25.0;28.0;-3.0;25.0
119;25.033333333333335;25.0;28.0;-3.0;25.0
129;25.063333333333333;25.0;28.0;-3.0;25.0
139;25.02;24.0;28.0;-4.0;24.0
149;24.046666666666667;24.0;27.0;-3.0;24.0
159;24.123333333333335;24.0;27.0;-3.0;24.0
169;24.106666666666666;24.0;27.0;-3.0;24.0
179;23.08;23.0;25.0;-2.0;23.0
189;22.086666666666666;22.0;25.0;-3.0;22.0
199;22.11;22.0;25.0;-3.0;22.0
209;22.06;22.0;25.0;-3.0;22.0
219;22.093333333333334;22.0;25.0;-3.0;22.0
229;22.11;22.0;25.0;-3.0;22.0
239;22.063333333333333;22.0;25.0;-3.0;22.0
249;22.12;22.0;25.0;-3.0;22.0
259;22.086666666666666;22.0;25.0;-3.0;22.0
269;22.126666666666665;22.0;25.0;-3.0;22.0
279;22.163333333333334;22.0;25.0;-3.0;22.0
289;22.066666666666666;22.0;25.0;-3.0;22.0
299;22.076666666666668;22.0;25.0;-3.0;22.0
309;22.086666666666666;22.0;25.0;-3.0;22.0
319;22.086666666666666;22.0;25.0;-3.0;22.0
329;22.073333333333334;22.0;25.0;-3.0;22.0
339;22.14;22.0;25.0;-3.0;22.0
349;22.133333333333333;22.0;25.0;-3.0;22.0
359;22.08;22.0;25.0;-3.0;22.0
369;22.113333333333333;22.0;25.0;-3.0;22.0
379;22.083333333333332;22.0;25.0;-3.0;22.0
389;22.126666666666665;22.0;25.0;-3.0;22.0
399;22.086666666666666;22.0;25.0;-3.0;22.0
409;22.09;22.0;25.0;-3.0;22.0
419;22.083333333333332;22.0;25.0;-3.0;22.0
429;22.126666666666665;22.0;25.0;-3.0;22.0
439;22.063333333333333;22.0;24.0;-2.0;22.0
449;22.093333333333334;22.0;25.0;-3.0;22.0
459;22.066666666666666;22.0;25.0;-3.0;22.0
469;22.096666666666668;22.0;25.0;-3.0;22.0
479;22.076666666666668;22.0;25.0;-3.0;22.0
489;22.093333333333334;22.0;25.0;-3.0;22.0
499;22.096666666666668;22.0;25.0;-3.0;22.0
509;21.113333333333333;21.0;24.0;-3.0;21.0
519;21.106666666666666;21.0;24.0;-3.0;21.0
529;21.116666666666667;21.0;24.0;-3.0;21.0
539;21.08;21.0;24.0;-3.0;21.0
549;21.17;21.0;24.0;-3.0;21.0
559;21.116666666666667;21.0;24.0;-3.0;21.0
569;21.106666666666666;21.0;24.0;-3.0;21.0
579;21.10333333333333;21.0;24.0;-3.0;21.0
589;21.116666666666667;21.0;24.0;-3.0;21.0
599;21.036666666666665;21.0;24.0;-3.0;21.0
609;21.08;20.0;24.0;-4.0;20.0
619;20.133333333333333;20.0;23.0;-3.0;20.0
629;20.136666666666667;20.0;23.0;-3.0;20.0
639;20.093333333333334;20.0;23.0;-3.0;20.0
649;20.086666666666666;20.0;23.0;-3.0;20.0
659;20.086666666666666;20.0;23.0;-3.0;20.0
669;20.076666666666668;20.0;23.0;-3.0;20.0
679;20.096666666666668;20.0;23.0;-3.0;20.0
689;20.04;20.0;23.0;-3.0;20.0
699;20.12;20.0;23.0;-3.0;20.0
709;20.123333333333335;20.0;23.0;-3.0;20.0
719;20.10333333333333;20.0;23.0;-3.0;20.0
729;20.076666666666668;20.0;23.0;-3.0;20.0
739;20.113333333333333;20.0;23.0;-3.0;20.0
749;20.15;20.0;23.0;-3.0;20.0
759;20.10333333333333;20.0;23.0;-3.0;20.0
769;20.086666666666666;20.0;23.0;-3.0;20.0
779;19.156666666666666;19.0;22.0;-3.0;19.0
789;17.10333333333333;17.0;20.0;-3.0;17.0
799;16.11;16.0;19.0;-3.0;16.0
809;16.14666666666667;16.0;19.0;-3.0;16.0
819;16.086666666666666;16.0;19.0;-3.0;16.0
829;15.39;15.0;19.0;-4.0;15.0
839;15.083333333333334;15.0;18.0;-3.0;15.0
849;15.14;15.0;18.0;-3.0;15.0
859;15.116666666666667;15.0;18.0;-3.0;15.0
869;14.116666666666667;14.0;17.0;-3.0;14.0
879;14.103333333333333;14.0;17.0;-3.0;14.0
889;13.136666666666667;13.0;16.0;-3.0;13.0
899;13.083333333333334;13.0;16.0;-3.0;13.0
909;13.116666666666667;13.0;16.0;-3.0;13.0
919;13.083333333333334;13.0;16.0;-3.0;13.0
929;13.07;13.0;16.0;-3.0;13.0
939;13.096666666666666;13.0;16.0;-3.0;13.0
949;13.096666666666666;13.0;16.0;-3.0;13.0
959;13.123333333333333;13.0;16.0;-3.0;13.0
969;13.146666666666667;13.0;16.0;-3.0;13.0
979;13.086666666666666;13.0;16.0;-3.0;13.0
989;13.083333333333334;13.0;16.0;-3.0;13.0
999;13.156666666666666;13.0;16.0;-3.0;13.0
1009;13.123333333333333;13.0;16.0;-3.0;13.0
1019;13.08;13.0;16.0;-3.0;13.0
1029;13.163333333333334;13.0;16.0;-3.0;13.0
1039;13.136666666666667;13.0;16.0;-3.0;13.0
1049;13.116666666666667;13.0;16.0;-3.0;13.0
1059;13.12;13.0;16.0;-3.0;13.0
1069;13.16;13.0;16.0;-3.0;13.0
1079;13.096666666666666;13.0;16.0;-3.0;13.0
1089;13.116666666666667;13.0;16.0;-3.0;13.0
1099;13.103333333333333;13.0;16.0;-3.0;13.0
1109;13.14;13.0;16.0;-3.0;13.0
1119;13.093333333333334;13.0;16.0;-3.0;13.0
1129;13.05;13.0;16.0;-3.0;13.0
1139;13.15;13.0;16.0;-3.0;13.0
1149;13.163333333333334;13.0;16.0;-3.0;13.0
1159;13.073333333333334;13.0;16.0;-3.0;13.0
1169;13.16;13.0;16.0;-3.0;13.0
1179;13.106666666666667;13.0;16.0;-3.0;13.0
1189;13.03;13.0;16.0;-3.0;13.0
1199;13.123333333333333;13.0;16.0;-3.0;13.0
1209;13.036666666666667;13.0;16.0;-3.0;13.0
1219;13.096666666666666;13.0;16.0;-3.0;13.0
1229;13.16;13.0;16.0;-3.0;13.0
1239;13.06;13.0;16.0;-3.0;13.0
1249;13.083333333333334;13.0;16.0;-3.0;13.0
1259;13.11;13.0;16.0;-3.0;13.0
1269;13.113333333333333;13.0;16.0;-3.0;13.0
1279;13.116666666666667;13.0;16.0;-3.0;13.0
1289;13.053333333333333;13.0;16.0;-3.0;13.0
1299;12.113333333333333;12.0;15.0;-3.0;12.0
1309;12.093333333333334;12.0;15.0;-3.0;12.0
1319;12.133333333333333;12.0;15.0;-3.0;12.0
1329;12.146666666666667;12.0;15.0;-3.0;12.0
1339;12.16;12.0;15.0;-3.0;12.0
1349;12.093333333333334;12.0;15.0;-3.0;12.0
1359;12.086666666666666;12.0;15.0;-3.0;12.0
1369;12.05;12.0;15.0;-3.0;12.0
1379;12.073333333333334;12.0;15.0;-3.0;12.0
1389;12.096666666666666;12.0;15.0;-3.0;12.0
1399;12.09;12.0;15.0;-3.0;12.0
1409;12.176666666666666;12.0;15.0;-3.0;12.0
1419;12.116666666666667;12.0;15.0;-3.0;12.0
1429;12.163333333333334;12.0;15.0;-3.0;12.0
1439;12.156666666666666;12.0;15.0;-3.0;12.0
1449;12.09;12.0;15.0;-3.0;12.0
1459;12.12;12.0;15.0;-3.0;12.0
1469;12.123333333333333;12.0;15.0;-3.0;12.0
1479;12.116666666666667;12.0;15.0;-3.0;12.0
1489;12.093333333333334;12.0;15.0;-3.0;12.0
1499;12.146666666666667;12.0;15.0;-3.0;12.0
1509;12.116666666666667;12.0;15.0;-3.0;12.0
1519;12.116666666666667;12.0;15.0;-3.0;12.0
1529;12.08;12.0;15.0;-3.0;12.0
1539;12.103333333333333;12.0;15.0;-3.0;12.0
1549;12.076666666666666;12.0;15.0;-3.0;12.0
1559;12.116666666666667;12.0;15.0;-3.0;12.0
1569;12.12;12.0;15.0;-3.0;12.0
1579;12.083333333333334;12.0;15.0;-3.0;12.0
1589;12.086666666666666;12.0;15.0;-3.0;12.0
1599;12.126666666666667;12.0;15.0;-3.0;12.0
1609;12.13;12.0;15.0;-3.0;12.0
1619;12.08;12.0;15.0;-3.0;12.0
1629;12.146666666666667;12.0;15.0;-3.0;12.0
1639;12.156666666666666;12.0;15.0;-3.0;12.0
1649;12.06;12.0;15.0;-3.0;12.0
1659;12.106666666666667;12.0;15.0;-3.0;12.0
1669;12.103333333333333;12.0;15.0;-3.0;12.0
1679;12.12;12.0;15.0;-3.0;12.0
1689;12.106666666666667;12.0;15.0;-3.0;12.0
1699;12.11;12.0;15.0;-3.0;12.0
1709;12.173333333333334;12.0;15.0;-3.0;12.0
1719;12.143333333333333;12.0;15.0;-3.0;12.0
1729;12.133333333333333;12.0;15.0;-3.0;12.0
1739;12.133333333333333;12.0;15.0;-3.0;12.0
1749;12.11;12.0;15.0;-3.0;12.0
1759;12.076666666666666;12.0;15.0;-3.0;12.0
1769;12.146666666666667;12.0;15.0;-3.0;12.0
1779;12.17;12.0;15.0;-3.0;12.0
1789;12.08;12.0;15.0;-3.0;12.0
1799;12.12;12.0;15.0;-3.0;12.0
1809;12.12;12.0;15.0;-3.0;12.0
1819;12.06;12.0;15.0;-3.0;12.0
1829;12.086666666666666;12.0;15.0;-3.0;12.0
1839;12.113333333333333;12.0;15.0;-3.0;12.0
1849;12.066666666666666;12.0;15.0;-3.0;12.0
1859;12.156666666666666;12.0;15.0;-3.0;12.0
1869;12.143333333333333;12.0;15.0;-3.0;12.0
1879;12.1;12.0;15.0;-3.0;12.0
1889;12.136666666666667;12.0;15.0;-3.0;12.0
1899;12.113333333333333;12.0;15.0;-3.0;12.0
1909;12.106666666666667;12.0;15.0;-3.0;12.0
1919;12.16;12.0;15.0;-3.0;12.0
1929;12.15;12.0;15.0;-3.0;12.0
1939;12.143333333333333;12.0;15.0;-3.0;12.0
1949;12.146666666666667;12.0;15.0;-3.0;12.0
1959;12.056666666666667;12.0;15.0;-3.0;12.0
1969;12.146666666666667;12.0;15.0;-3.0;12.0
1979;12.143333333333333;12.0;15.0;-3.0;12.0
1989;12.136666666666667;12.0;15.0;-3.0;12.0
1999;12.08;12.0;15.0;-3.0;12.0
2009;12.096666666666666;12.0;15.0;-3.0;12.0
2019;12.113333333333333;12.0;15.0;-3.0;12.0
2029;12.173333333333334;12.0;15.0;-3.0;12.0
2039;12.09;12.0;15.0;-3.0;12.0
2049;12.106666666666667;12.0;15.0;-3.0;12.0
2059;12.163333333333334;12.0;15.0;-3.0;12.0
2069;12.116666666666667;12.0;15.0;-3.0;12.0
2079;12.046666666666667;12.0;15.0;-3.0;12.0
2089;12.123333333333333;12.0;15.0;-3.0;12.0
2099;12.09;12.0;15.0;-3.0;12.0
2109;12.093333333333334;12.0;15.0;-3.0;12.0
2119;12.133333333333333;12.0;15.0;-3.0;12.0
2129;12.133333333333333;12.0;15.0;-3.0;12.0
2139;12.16;12.0;15.0;-3.0;12.0
2149;12.146666666666667;12.0;15.0;-3.0;12.0
2159;12.116666666666667;12.0;15.0;-3.0;12.0
2169;12.116666666666667;12.0;15.0;-3.0;12.0
2179;12.076666666666666;12.0;15.0;-3.0;12.0
2189;12.11;12.0;15.0;-3.0;12.0
2199;12.136666666666667;12.0;15.0;-3.0;12.0
2209;12.096666666666666;12.0;15.0;-3.0;12.0
2219;12.083333333333334;12.0;15.0;-3.0;12.0
2229;12.07;12.0;15.0;-3.0;12.0
2239;12.143333333333333;12.0;15.0;-3.0;12.0
2249;12.073333333333334;12.0;15.0;-3.0;12.0
2259;12.126666666666667;12.0;15.0;-3.0;12.0
2269;12.066666666666666;12.0;15.0;-3.0;12.0
2279;12.116666666666667;12.0;15.0;-3.0;12.0
2289;12.113333333333333;12.0;15.0;-3.0;12.0
2299;12.036666666666667;12.0;15.0;-3.0;12.0
2309;12.123333333333333;12.0;15.0;-3.0;12.0
2319;12.153333333333334;12.0;15.0;-3.0;12.0
2329;12.066666666666666;12.0;15.0;-3.0;12.0
2339;12.083333333333334;12.0;15.0;-3.0;12.0
2349;12.123333333333333;12.0;15.0;-3.0;12.0
2359;12.083333333333334;12.0;15.0;-3.0;12.0
2369;12.106666666666667;12.0;15.0;-3.0;12.0
2379;12.12;12.0;15.0;-3.0;12.0
2389;12.126666666666667;12.0;15.0;-3.0;12.0
2399;12.11;12.0;15.0;-3.0;12.0
2409;12.08;12.0;15.0;-3.0;12.0
2419;12.086666666666666;12.0;15.0;-3.0;12.0
2429;12.103333333333333;12.0;15.0;-3.0;12.0
2439;12.116666666666667;12.0;15.0;-3.0;12.0
2449;12.05;12.0;15.0;-3.0;12.0
2459;12.146666666666667;12.0;15.0;-3.0;12.0
2469;12.12;12.0;15.0;-3.0;12.0
2479;12.133333333333333;12.0;15.0;-3.0;12.0
2489;12.153333333333334;12.0;15.0;-3.0;12.0
2499;12.106666666666667;12.0;15.0;-3.0;12.0
2509;12.073333333333334;12.0;15.0;-3.0;12.0
2519;12.15;12.0;15.0;-3.0;12.0
2529;12.093333333333334;12.0;15.0;-3.0;12.0
2539;12.133333333333333;12.0;15.0;-3.0;12.0
2549;12.103333333333333;12.0;15.0;-3.0;12.0
2559;12.143333333333333;12.0;15.0;-3.0;12.0
2569;12.106666666666667;12.0;15.0;-3.0;12.0
2579;12.136666666666667;12.0;15.0;-3.0;12.0
2589;12.093333333333334;12.0;15.0;-3.0;12.0
2599;12.1;12.0;15.0;-3.0;12.0
2609;12.14;12.0;15.0;-3.0;12.0
2619;12.096666666666666;12.0;15.0;-3.0;12.0
2629;12.096666666666666;12.0;15.0;-3.0;12.0
2639;12.08;12.0;15.0;-3.0;12.0
2649;12.076666666666666;12.0;15.0;-3.0;12.0
2659;12.093333333333334;12.0;15.0;-3.0;12.0
2669;12.116666666666667;12.0;15.0;-3.0;12.0
2679;12.1;12.0;15.0;-3.0;12.0
2689;12.113333333333333;12.0;15.0;-3.0;12.0
2699;12.12;12.0;15.0;-3.0;12.0
2709;12.096666666666666;12.0;15.0;-3.0;12.0
2719;12.093333333333334;12.0;15.0;-3.0;12.0
2729;12.106666666666667;12.0;15.0;-3.0;12.0
2739;12.076666666666666;12.0;15.0;-3.0;12.0
2749;12.153333333333334;12.0;15.0;-3.0;12.0
2759;12.14;12.0;15.0;-3.0;12.0
2769;12.156666666666666;12.0;15.0;-3.0;12.0
2779;12.16;12.0;15.0;-3.0;12.0
2789;12.083333333333334;12.0;15.0;-3.0;12.0
2799;12.063333333333333;12.0;15.0;-3.0;12.0
2809;12.096666666666666;12.0;15.0;-3.0;12.0
2819;12.156666666666666;12.0;15.0;-3.0;12.0
2829;12.106666666666667;12.0;15.0;-3.0;12.0
2839;12.15;12.0;15.0;-3.0;12.0
2849;12.1;12.0;15.0;-3.0;12.0
2859;12.086666666666666;12.0;15.0;-3.0;12.0
2869;12.11;12.0;15.0;-3.0;12.0
2879;12.126666666666667;12.0;15.0;-3.0;12.0
2889;12.096666666666666;12.0;15.0;-3.0;12.0
2899;12.153333333333334;12.0;15.0;-3.0;12.0
2909;12.116666666666667;12.0;15.0;-3.0;12.0
2919;12.076666666666666;12.0;15.0;-3.0;12.0
2929;12.146666666666667;12.0;15.0;-3.0;12.0
2939;12.093333333333334;12.0;15.0;-3.0;12.0
2949;12.076666666666666;12.0;15.0;-3.0;12.0
2959;12.14;12.0;15.0;-3.0;12.0
2969;12.086666666666666;12.0;15.0;-3.0;12.0
2979;12.086666666666666;12.0;15.0;-3.0;12.0
2989;12.056666666666667;12.0;15.0;-3.0;12.0
2999;12.103333333333333;12.0;15.0;-3.0;12.0
3009;12.126666666666667;12.0;15.0;-3.0;12.0
3019;12.093333333333334;12.0;15.0;-3.0;12.0
3029;12.093333333333334;12.0;15.0;-3.0;12.0
3039;12.083333333333334;12.0;15.0;-3.0;12.0
3049;12.136666666666667;12.0;15.0;-3.0;12.0
3059;12.14;12.0;15.0;-3.0;12.0
3069;12.106666666666667;12.0;15.0;-3.0;12.0
3079;12.096666666666666;12.0;15.0;-3.0;12.0
3089;12.093333333333334;12.0;15.0;-3.0;12.0
3099;12.113333333333333;12.0;15.0;-3.0;12.0
3109;12.086666666666666;12.0;15.0;-3.0;12.0
3119;12.136666666666667;12.0;15.0;-3.0;12.0
3129;12.093333333333334;12.0;15.0;-3.0;12.0
3139;12.12;12.0;15.0;-3.0;12.0
3149;12.09;12.0;15.0;-3.0;12.0
3159;12.143333333333333;12.0;15.0;-3.0;12.0
3169;12.093333333333334;12.0;15.0;-3.0;12.0
3179;12.15;12.0;15.0;-3.0;12.0
3189;12.103333333333333;12.0;15.0;-3.0;12.0
3199;12.07;12.0;15.0;-3.0;12.0
3209;12.15;12.0;15.0;-3.0;12.0
3219;12.166666666666666;12.0;15.0;-3.0;12.0
3229;12.1;12.0;15.0;-3.0;12.0
3239;12.066666666666666;12.0;15.0;-3.0;12.0
3249;12.14;12.0;15.0;-3.0;12.0
3259;12.083333333333334;12.0;15.0;-3.0;12.0
3269;12.083333333333334;12.0;15.0;-3.0;12.0
3279;12.143333333333333;12.0;15.0;-3.0;12.0
3289;12.136666666666667;12.0;15.0;-3.0;12.0
3299;12.11;12.0;15.0;-3.0;12.0
3309;12.073333333333334;12.0;15.0;-3.0;12.0
3319;12.11;12.0;15.0;-3.0;12.0
3329;12.13;12.0;15.0;-3.0;12.0
3339;12.076666666666666;12.0;15.0;-3.0;12.0
3349;12.076666666666666;12.0;15.0;-3.0;12.0
3359;12.123333333333333;12.0;15.0;-3.0;12.0
3369;12.12;12.0;15.0;-3.0;12.0
3379;12.136666666666667;12.0;15.0;-3.0;12.0
3389;12.163333333333334;12.0;15.0;-3.0;12.0
3399;12.096666666666666;12.0;15.0;-3.0;12.0
3409;12.08;12.0;15.0;-3.0;12.0
3419;12.13;12.0;15.0;-3.0;12.0
3429;12.09;12.0;15.0;-3.0;12.0
3439;12.123333333333333;12.0;15.0;-3.0;12.0
3449;12.11;12.0;15.0;-3.0;12.0
3459;12.07;12.0;15.0;-3.0;12.0
3469;12.09;12.0;15.0;-3.0;12.0
3479;12.136666666666667;12.0;15.0;-3.0;12.0
3489;12.133333333333333;12.0;15.0;-3.0;12.0
3499;12.083333333333334;12.0;15.0;-3.0;12.0
3509;12.086666666666666;12.0;15.0;-3.0;12.0
3519;12.106666666666667;12.0;15.0;-3.0;12.0
3529;12.12;12.0;15.0;-3.0;12.0
3539;12.083333333333334;12.0;15.0;-3.0;12.0
3549;12.126666666666667;12.0;15.0;-3.0;12.0
3559;12.08;12.0;15.0;-3.0;12.0
3569;12.09;12.0;15.0;-3.0;12.0
3579;12.173333333333334;12.0;15.0;-3.0;12.0
3589;12.093333333333334;12.0;15.0;-3.0;12.0
3599;12.05;12.0;15.0;-3.0;12.0
3609;12.106666666666667;12.0;15.0;-3.0;12.0
3619;12.103333333333333;12.0;15.0;-3.0;12.0
3629;12.136666666666667;12.0;15.0;-3.0;12.0
3639;12.123333333333333;12.0;15.0;-3.0;12.0
3649;12.08;12.0;15.0;-3.0;12.0
3659;12.19;12.0;15.0;-3.0;12.0
3669;12.096666666666666;12.0;15.0;-3.0;12.0
3679;12.153333333333334;12.0;15.0;-3.0;12.0
3689;12.116666666666667;12.0;15.0;-3.0;12.0
3699;12.106666666666667;12.0;15.0;-3.0;12.0
3709;12.133333333333333;12.0;15.0;-3.0;12.0
3719;12.086666666666666;12.0;15.0;-3.0;12.0
3729;12.143333333333333;12.0;15.0;-3.0;12.0
3739;12.11;12.0;15.0;-3.0;12.0
3749;12.153333333333334;12.0;15.0;-3.0;12.0
3759;12.106666666666667;12.0;15.0;-3.0;12.0
3769;12.073333333333334;12.0;15.0;-3.0;12.0
3779;12.096666666666666;12.0;15.0;-3.0;12.0
3789;12.09;12.0;15.0;-3.0;12.0
3799;12.083333333333334;12.0;15.0;-3.0;12.0
3809;12.11;12.0;15.0;-3.0;12.0
3819;12.146666666666667;12.0;15.0;-3.0;12.0
3829;12.106666666666667;12.0;15.0;-3.0;12.0
3839;12.09;12.0;15.0;-3.0;12.0
3849;12.126666666666667;12.0;15.0;-3.0;12.0
3859;12.116666666666667;12.0;15.0;-3.0;12.0
3869;12.103333333333333;12.0;15.0;-3.0;12.0
3879;12.053333333333333;12.0;15.0;-3.0;12.0
3889;12.103333333333333;12.0;15.0;-3.0;12.0
3899;12.03;12.0;15.0;-3.0;12.0
3909;12.09;12.0;15.0;-3.0;12.0
3919;12.036666666666667;12.0;15.0;-3.0;12.0
3929;12.07;12.0;15.0;-3.0;12.0
3939;12.14;12.0;15.0;-3.0;12.0
3949;12.17;12.0;15.0;-3.0;12.0
3959;12.143333333333333;12.0;15.0;-3.0;12.0
3969;12.136666666666667;12.0;15.0;-3.0;12.0
3979;12.063333333333333;12.0;15.0;-3.0;12.0
3989;12.126666666666667;12.0;15.0;-3.0;12.0
3999;12.073333333333334;12.0;15.0;-3.0;12.0
4009;12.17;12.0;15.0;-3.0;12.0
4019;12.073333333333334;12.0;15.0;-3.0;12.0
4029;12.053333333333333;12.0;15.0;-3.0;12.0
4039;12.14;12.0;15.0;-3.0;12.0
4049;12.136666666666667;12.0;15.0;-3.0;12.0
4059;12.09;12.0;15.0;-3.0;12.0
4069;12.08;12.0;15.0;-3.0;12.0
4079;12.076666666666666;12.0;15.0;-3.0;12.0
4089;12.06;12.0;15.0;-3.0;12.0
4099;12.106666666666667;12.0;15.0;-3.0;12.0
4109;12.133333333333333;12.0;15.0;-3.0;12.0
4119;12.14;12.0;15.0;-3.0;12.0
4129;12.113333333333333;12.0;15.0;-3.0;12.0
4139;12.086666666666666;12.0;15.0;-3.0;12.0
4149;12.096666666666666;12.0;15.0;-3.0;12.0
4159;12.113333333333333;12.0;15.0;-3.0;12.0
4169;12.12;12.0;15.0;-3.0;12.0
4179;12.09;12.0;15.0;-3.0;12.0
4189;12.086666666666666;12.0;15.0;-3.0;12.0
4199;12.113333333333333;12.0;15.0;-3.0;12.0
4209;12.076666666666666;12.0;15.0;-3.0;12.0
4219;12.166666666666666;12.0;15.0;-3.0;12.0
4229;12.113333333333333;12.0;15.0;-3.0;12.0
4239;12.09;12.0;15.0;-3.0;12.0
4249;12.07;12.0;15.0;-3.0;12.0
4259;12.103333333333333;12.0;15.0;-3.0;12.0
4269;12.083333333333334;12.0;15.0;-3.0;12.0
4279;12.06;12.0;15.0;-3.0;12.0
4289;12.123333333333333;12.0;15.0;-3.0;12.0
4299;12.116666666666667;12.0;15.0;-3.0;12.0
4309;12.09;12.0;15.0;-3.0;12.0
4319;12.14;12.0;15.0;-3.0;12.0
4329;12.09;12.0;15.0;-3.0;12.0
4339;12.086666666666666;12.0;15.0;-3.0;12.0
4349;12.11;12.0;15.0;-3.0;12.0
4359;12.073333333333334;12.0;15.0;-3.0;12.0
4369;12.153333333333334;12.0;15.0;-3.0;12.0
4379;12.096666666666666;12.0;15.0;-3.0;12.0
4389;12.126666666666667;12.0;15.0;-3.0;12.0
4399;12.18;12.0;15.0;-3.0;12.0
4409;12.11;12.0;15.0;-3.0;12.0
4419;12.113333333333333;12.0;15.0;-3.0;12.0
4429;12.14;12.0;15.0;-3.0;12.0
4439;12.103333333333333;12.0;15.0;-3.0;12.0
4449;12.146666666666667;12.0;15.0;-3.0;12.0
4459;12.066666666666666;12.0;15.0;-3.0;12.0
4469;12.16;12.0;15.0;-3.0;12.0
4479;12.11;12.0;15.0;-3.0;12.0
4489;12.096666666666666;12.0;15.0;-3.0;12.0
4499;12.093333333333334;12.0;15.0;-3.0;12.0
4509;12.126666666666667;12.0;15.0;-3.0;12.0
4519;12.113333333333333;12.0;15.0;-3.0;12.0
4529;12.103333333333333;12.0;15.0;-3.0;12.0
4539;12.14;12.0;15.0;-3.0;12.0
4549;12.146666666666667;12.0;15.0;-3.0;12.0
4559;12.123333333333333;12.0;15.0;-3.0;12.0
4569;12.073333333333334;12.0;15.0;-3.0;12.0
4579;12.116666666666667;12.0;15.0;-3.0;12.0
4589;12.07;12.0;15.0;-3.0;12.0
4599;12.136666666666667;12.0;15.0;-3.0;12.0
4609;12.116666666666667;12.0;15.0;-3.0;12.0
4619;12.09;12.0;15.0;-3.0;12.0
4629;12.123333333333333;12.0;15.0;-3.0;12.0
4639;12.146666666666667;12.0;15.0;-3.0;12.0
4649;12.116666666666667;12.0;15.0;-3.0;12.0
4659;12.126666666666667;12.0;15.0;-3.0;12.0
4669;12.103333333333333;12.0;15.0;-3.0;12.0
4679;12.106666666666667;12.0;15.0;-3.0;12.0
4689;12.073333333333334;12.0;15.0;-3.0;12.0
4699;12.186666666666667;12.0;15.0;-3.0;12.0
4709;12.16;12.0;15.0;-3.0;12.0
4719;12.12;12.0;15.0;-3.0;12.0
4729;12.093333333333334;12.0;15.0;-3.0;12.0
4739;12.103333333333333;12.0;15.0;-3.0;12.0
4749;12.09;12.0;15.0;-3.0;12.0
4759;12.203333333333333;12.0;15.0;-3.0;12.0
4769;12.223333333333333;12.0;15.0;-3.0;12.0
4779;12.103333333333333;12.0;15.0;-3.0;12.0
4789;12.103333333333333;12.0;15.0;-3.0;12.0
4799;12.136666666666667;12.0;15.0;-3.0;12.0
4809;12.11;12.0;15.0;-3.0;12.0
4819;12.146666666666667;12.0;15.0;-3.0;12.0
4829;12.123333333333333;12.0;15.0;-3.0;12.0
4839;12.07;12.0;15.0;-3.0;12.0
4849;12.126666666666667;12.0;15.0;-3.0;12.0
4859;12.096666666666666;12.0;15.0;-3.0;12.0
4869;12.17;12.0;15.0;-3.0;12.0
4879;12.12;12.0;15.0;-3.0;12.0
4889;12.096666666666666;12.0;15.0;-3.0;12.0
4899;12.093333333333334;12.0;15.0;-3.0;12.0
4909;12.11;12.0;15.0;-3.0;12.0
4919;12.073333333333334;12.0;15.0;-3.0;12.0
4929;12.096666666666666;12.0;15.0;-3.0;12.0
4939;12.193333333333333;12.0;15.0;-3.0;12.0
4949;12.14;12.0;15.0;-3.0;12.0
4959;12.11;12.0;15.0;-3.0;12.0
4969;12.16;12.0;15.0;-3.0;12.0
4979;12.06;12.0;15.0;-3.0;12.0
4989;12.126666666666667;12.0;15.0;-3.0;12.0
4999;12.09;12.0;15.0;-3.0;12.0
5009;12.106666666666667;12.0;15.0;-3.0;12.0
5019;12.116666666666667;12.0;15.0;-3.0;12.0
5029;12.073333333333334;12.0;15.0;-3.0;12.0
5039;12.08;12.0;15.0;-3.0;12.0
5049;12.126666666666667;12.0;15.0;-3.0;12.0
5059;12.106666666666667;12.0;15.0;-3.0;12.0
5069;12.103333333333333;12.0;15.0;-3.0;12.0
5079;12.076666666666666;12.0;15.0;-3.0;12.0
5089;12.093333333333334;12.0;15.0;-3.0;12.0
5099;12.12;12.0;15.0;-3.0;12.0
5109;12.13;12.0;15.0;-3.0;12.0
5119;12.11;12.0;15.0;-3.0;12.0
5129;12.083333333333334;12.0;15.0;-3.0;12.0
5139;12.16;12.0;15.0;-3.0;12.0
5149;12.086666666666666;12.0;15.0;-3.0;12.0
5159;12.086666666666666;12.0;15.0;-3.0;12.0
5169;12.113333333333333;12.0;15.0;-3.0;12.0
5179;12.143333333333333;12.0;15.0;-3.0;12.0
5189;12.13;12.0;15.0;-3.0;12.0
5199;12.123333333333333;12.0;15.0;-3.0;12.0
5209;12.1;12.0;15.0;-3.0;12.0
5219;12.086666666666666;12.0;15.0;-3.0;12.0
5229;12.103333333333333;12.0;15.0;-3.0;12.0
5239;12.143333333333333;12.0;15.0;-3.0;12.0
5249;12.106666666666667;12.0;15.0;-3.0;12.0
5259;12.096666666666666;12.0;15.0;-3.0;12.0
5269;12.15;12.0;15.0;-3.0;12.0
5279;12.113333333333333;12.0;15.0;-3.0;12.0
5289;12.153333333333334;12.0;15.0;-3.0;12.0
5299;12.053333333333333;12.0;15.0;-3.0;12.0
5309;12.116666666666667;12.0;15.0;-3.0;12.0
5319;12.156666666666666;12.0;15.0;-3.0;12.0
5329;12.16;12.0;15.0;-3.0;12.0
5339;12.11;12.0;15.0;-3.0;12.0
5349;12.093333333333334;12.0;15.0;-3.0;12.0
5359;12.136666666666667;12.0;15.0;-3.0;12.0
5369;12.096666666666666;12.0;15.0;-3.0;12.0
5379;12.123333333333333;12.0;15.0;-3.0;12.0
5389;12.083333333333334;12.0;15.0;-3.0;12.0
5399;12.056666666666667;12.0;15.0;-3.0;12.0
5409;12.2;12.0;15.0;-3.0;12.0
5419;12.12;12.0;15.0;-3.0;12.0
5429;12.08;12.0;15.0;-3.0;12.0
5439;12.09;12.0;15.0;-3.0;12.0
5449;12.103333333333333;12.0;15.0;-3.0;12.0
5459;12.103333333333333;12.0;15.0;-3.0;12.0
5469;12.08;12.0;15.0;-3.0;12.0
5479;12.123333333333333;12.0;15.0;-3.0;12.0
5489;12.08;12.0;15.0;-3.0;12.0
5499;12.08;12.0;15.0;-3.0;12.0
5509;12.126666666666667;12.0;15.0;-3.0;12.0
5519;12.116666666666667;12.0;15.0;-3.0;12.0
5529;12.103333333333333;12.0;15.0;-3.0;12.0
5539;12.056666666666667;12.0;15.0;-3.0;12.0
5549;12.11;12.0;15.0;-3.0;12.0
5559;12.103333333333333;12.0;15.0;-3.0;12.0
5569;12.176666666666666;12.0;15.0;-3.0;12.0
5579;12.106666666666667;12.0;15.0;-3.0;12.0
5589;12.096666666666666;12.0;15.0;-3.0;12.0
5599;12.12;12.0;15.0;-3.0;12.0
5609;12.076666666666666;12.0;15.0;-3.0;12.0
5619;12.09;12.0;15.0;-3.0;12.0
5629;12.15;12.0;15.0;-3.0;12.0
5639;12.133333333333333;12.0;15.0;-3.0;12.0
5649;12.11;12.0;15.0;-3.0;12.0
5659;12.143333333333333;12.0;15.0;-3.0;12.0
5669;12.163333333333334;12.0;15.0;-3.0;12.0
5679;12.1;12.0;15.0;-3.0;12.0
5689;12.113333333333333;12.0;15.0;-3.0;12.0
5699;12.09;12.0;15.0;-3.0;12.0
5709;12.083333333333334;12.0;15.0;-3.0;12.0
5719;12.083333333333334;12.0;15.0;-3.0;12.0
5729;12.09;12.0;15.0;-3.0;12.0
5739;12.083333333333334;12.0;15.0;-3.0;12.0
5749;12.15;12.0;15.0;-3.0;12.0
5759;12.143333333333333;12.0;15.0;-3.0;12.0
5769;12.13;12.0;15.0;-3.0;12.0
5779;12.1;12.0;15.0;-3.0;12.0
5789;12.13;12.0;15.0;-3.0;12.0
5799;12.15;12.0;15.0;-3.0;12.0
5809;12.113333333333333;12.0;15.0;-3.0;12.0
5819;12.086666666666666;12.0;15.0;-3.0;12.0
5829;12.12;12.0;15.0;-3.0;12.0
5839;12.143333333333333;12.0;15.0;-3.0;12.0
5849;12.083333333333334;12.0;15.0;-3.0;12.0
5859;12.13;12.0;15.0;-3.0;12.0
5869;12.106666666666667;12.0;15.0;-3.0;12.0
5879;12.163333333333334;12.0;15.0;-3.0;12.0
5889;12.106666666666667;12.0;15.0;-3.0;12.0
5899;12.1;12.0;15.0;-3.0;12.0
5909;12.086666666666666;12.0;15.0;-3.0;12.0
5919;12.086666666666666;12.0;15.0;-3.0;12.0
5929;12.093333333333334;12.0;15.0;-3.0;12.0
5939;12.103333333333333;12.0;15.0;-3.0;12.0
5949;12.1;12.0;15.0;-3.0;12.0
5959;12.123333333333333;12.0;15.0;-3.0;12.0
5969;12.11;12.0;15.0;-3.0;12.0
5979;12.156666666666666;12.0;15.0;-3.0;12.0
5989;12.08;12.0;15.0;-3.0;12.0
5999;12.07;12.0;15.0;-3.0;12.0
6009;12.17;12.0;15.0;-3.0;12.0
6019;12.123333333333333;12.0;15.0;-3.0;12.0
6029;12.1;12.0;15.0;-3.0;12.0
6039;12.143333333333333;12.0;15.0;-3.0;12.0
6049;12.046666666666667;12.0;15.0;-3.0;12.0
6059;12.08;12.0;15.0;-3.0;12.0
6069;12.106666666666667;12.0;15.0;-3.0;12.0
6079;12.113333333333333;12.0;15.0;-3.0;12.0
6089;12.066666666666666;12.0;15.0;-3.0;12.0
6099;12.183333333333334;12.0;15.0;-3.0;12.0
6109;12.086666666666666;12.0;15.0;-3.0;12.0
6119;12.14;12.0;15.0;-3.0;12.0
6129;12.116666666666667;12.0;15.0;-3.0;12.0
6139;12.1;12.0;15.0;-3.0;12.0
6149;12.096666666666666;12.0;15.0;-3.0;12.0
6159;12.123333333333333;12.0;15.0;-3.0;12.0
6169;12.026666666666667;12.0;15.0;-3.0;12.0
6179;12.143333333333333;12.0;15.0;-3.0;12.0
6189;12.14;12.0;15.0;-3.0;12.0
6199;12.1;12.0;15.0;-3.0;12.0
6209;12.08;12.0;15.0;-3.0;12.0
6219;12.086666666666666;12.0;15.0;-3.0;12.0
6229;12.096666666666666;12.0;15.0;-3.0;12.0
6239;12.053333333333333;12.0;15.0;-3.0;12.0
6249;12.083333333333334;12.0;15.0;-3.0;12.0
6259;12.08;12.0;15.0;-3.0;12.0
6269;12.093333333333334;12.0;15.0;-3.0;12.0
6279;12.11;12.0;15.0;-3.0;12.0
6289;12.103333333333333;12.0;15.0;-3.0;12.0
6299;12.083333333333334;12.0;15.0;-3.0;12.0
6309;12.086666666666666;12.0;15.0;-3.0;12.0
6319;12.156666666666666;12.0;15.0;-3.0;12.0
6329;12.133333333333333;12.0;15.0;-3.0;12.0
6339;12.09;12.0;15.0;-3.0;12.0
6349;12.073333333333334;12.0;15.0;-3.0;12.0
6359;12.11;12.0;15.0;-3.0;12.0
6369;12.176666666666666;12.0;15.0;-3.0;12.0
6379;12.116666666666667;12.0;15.0;-3.0;12.0
6389;12.103333333333333;12.0;15.0;-3.0;12.0
6399;12.12;12.0;15.0;-3.0;12.0
6409;12.066666666666666;12.0;15.0;-3.0;12.0
6419;12.096666666666666;12.0;15.0;-3.0;12.0
6429;12.083333333333334;12.0;15.0;-3.0;12.0
6439;12.12;12.0;15.0;-3.0;12.0
6449;12.166666666666666;12.0;15.0;-3.0;12.0
6459;12.103333333333333;12.0;15.0;-3.0;12.0
6469;12.07;12.0;15.0;-3.0;12.0
6479;12.08;12.0;15.0;-3.0;12.0
6489;12.07;12.0;15.0;-3.0;12.0
6499;12.15;12.0;15.0;-3.0;12.0
6509;12.116666666666667;12.0;15.0;-3.0;12.0
6519;12.073333333333334;12.0;15.0;-3.0;12.0
6529;12.093333333333334;12.0;15.0;-3.0;12.0
6539;12.126666666666667;12.0;15.0;-3.0;12.0
6549;12.136666666666667;12.0;15.0;-3.0;12.0
6559;12.156666666666666;12.0;15.0;-3.0;12.0
6569;12.093333333333334;12.0;15.0;-3.0;12.0
6579;12.16;12.0;15.0;-3.0;12.0
6589;12.103333333333333;12.0;15.0;-3.0;12.0
6599;12.146666666666667;12.0;15.0;-3.0;12.0
6609;12.076666666666666;12.0;15.0;-3.0;12.0
6619;12.126666666666667;12.0;15.0;-3.0;12.0
6629;12.14;12.0;15.0;-3.0;12.0
6639;12.11;12.0;15.0;-3.0;12.0
6649;12.103333333333333;12.0;15.0;-3.0;12.0
6659;12.11;12.0;15.0;-3.0;12.0
6669;12.093333333333334;12.0;15.0;-3.0;12.0
6679;12.096666666666666;12.0;15.0;-3.0;12.0
6689;12.066666666666666;12.0;15.0;-3.0;12.0
6699;12.11;12.0;15.0;-3.0;12.0
6709;12.07;12.0;15.0;-3.0;12.0
6719;12.103333333333333;12.0;15.0;-3.0;12.0
6729;12.106666666666667;12.0;15.0;-3.0;12.0
6739;12.146666666666667;12.0;15.0;-3.0;12.0
6749;12.12;12.0;15.0;-3.0;12.0
6759;12.126666666666667;12.0;15.0;-3.0;12.0
6769;12.086666666666666;12.0;15.0;-3.0;12.0
6779;12.066666666666666;12.0;15.0;-3.0;12.0
6789;12.096666666666666;12.0;15.0;-3.0;12.0
6799;12.123333333333333;12.0;15.0;-3.0;12.0
6809;12.143333333333333;12.0;15.0;-3.0;12.0
6819;12.123333333333333;12.0;15.0;-3.0;12.0
6829;12.093333333333334;12.0;15.0;-3.0;12.0
6839;12.066666666666666;12.0;15.0;-3.0;12.0
6849;12.096666666666666;12.0;15.0;-3.0;12.0
6859;12.083333333333334;12.0;15.0;-3.0;12.0
6869;12.146666666666667;12.0;15.0;-3.0;12.0
6879;12.09;12.0;15.0;-3.0;12.0
6889;12.106666666666667;12.0;15.0;-3.0;12.0
6899;12.143333333333333;12.0;15.0;-3.0;12.0
6909;12.116666666666667;12.0;15.0;-3.0;12.0
6919;12.176666666666666;12.0;15.0;-3.0;12.0
6929;12.063333333333333;12.0;15.0;-3.0;12.0
6939;12.12;12.0;15.0;-3.0;12.0
6949;12.193333333333333;12.0;15.0;-3.0;12.0
6959;12.08;12.0;15.0;-3.0;12.0
6969;12.063333333333333;12.0;15.0;-3.0;12.0
6979;12.16;12.0;15.0;-3.0;12.0
6989;12.083333333333334;12.0;15.0;-3.0;12.0
6999;12.15;12.0;15.0;-3.0;12.0
7009;12.146666666666667;12.0;15.0;-3.0;12.0
7019;12.093333333333334;12.0;15.0;-3.0;12.0
7029;12.126666666666667;12.0;15.0;-3.0;12.0
7039;12.176666666666666;12.0;15.0;-3.0;12.0
7049;12.103333333333333;12.0;15.0;-3.0;12.0
7059;12.163333333333334;12.0;15.0;-3.0;12.0
7069;12.076666666666666;12.0;15.0;-3.0;12.0
7079;12.11;12.0;15.0;-3.0;12.0
7089;12.123333333333333;12.0;15.0;-3.0;12.0
7099;12.133333333333333;12.0;15.0;-3.0;12.0
7109;12.146666666666667;12.0;15.0;-3.0;12.0
7119;12.156666666666666;12.0;15.0;-3.0;12.0
7129;12.126666666666667;12.0;15.0;-3.0;12.0
7139;12.136666666666667;12.0;15.0;-3.0;12.0
7149;12.103333333333333;12.0;15.0;-3.0;12.0
7159;12.16;12.0;15.0;-3.0;12.0
7169;12.103333333333333;12.0;15.0;-3.0;12.0
7179;12.08;12.0;15.0;-3.0;12.0
7189;12.133333333333333;12.0;15.0;-3.0;12.0
7199;12.066666666666666;12.0;15.0;-3.0;12.0
7209;12.196666666666667;12.0;15.0;-3.0;12.0
7219;12.07;12.0;15.0;-3.0;12.0
7229;12.116666666666667;12.0;15.0;-3.0;12.0
7239;12.056666666666667;12.0;15.0;-3.0;12.0
7249;12.11;12.0;15.0;-3.0;12.0
7259;12.17;12.0;15.0;-3.0;12.0
7269;12.133333333333333;12.0;15.0;-3.0;12.0
7279;12.053333333333333;12.0;15.0;-3.0;12.0
7289;12.073333333333334;12.0;15.0;-3.0;12.0
7299;12.096666666666666;12.0;15.0;-3.0;12.0
7309;12.056666666666667;12.0;15.0;-3.0;12.0
7319;12.133333333333333;12.0;15.0;-3.0;12.0
7329;12.13;12.0;15.0;-3.0;12.0
7339;12.113333333333333;12.0;15.0;-3.0;12.0
7349;12.09;12.0;15.0;-3.0;12.0
7359;12.056666666666667;12.0;15.0;-3.0;12.0
7369;12.133333333333333;12.0;15.0;-3.0;12.0
7379;12.14;12.0;15.0;-3.0;12.0
7389;12.076666666666666;12.0;15.0;-3.0;12.0
7399;12.133333333333333;12.0;15.0;-3.0;12.0
7409;12.113333333333333;12.0;15.0;-3.0;12.0
7419;12.173333333333334;12.0;15.0;-3.0;12.0
7429;12.16;12.0;15.0;-3.0;12.0
7439;12.106666666666667;12.0;15.0;-3.0;12.0
7449;12.173333333333334;12.0;15.0;-3.0;12.0
7459;12.126666666666667;12.0;15.0;-3.0;12.0
7469;12.083333333333334;12.0;15.0;-3.0;12.0
7479;12.103333333333333;12.0;15.0;-3.0;12.0
7489;12.17;12.0;15.0;-3.0;12.0
7499;12.123333333333333;12.0;15.0;-3.0;12.0
7509;12.043333333333333;12.0;15.0;-3.0;12.0
7519;12.08;12.0;15.0;-3.0;12.0
7529;12.123333333333333;12.0;15.0;-3.0;12.0
7539;12.136666666666667;12.0;15.0;-3.0;12.0
7549;12.073333333333334;12.0;15.0;-3.0;12.0
7559;12.126666666666667;12.0;15.0;-3.0;12.0
7569;12.133333333333333;12.0;15.0;-3.0;12.0
7579;12.106666666666667;12.0;15.0;-3.0;12.0
7589;12.103333333333333;12.0;15.0;-3.0;12.0
7599;12.116666666666667;12.0;15.0;-3.0;12.0
7609;12.133333333333333;12.0;15.0;-3.0;12.0
7619;12.103333333333333;12.0;15.0;-3.0;12.0
7629;12.123333333333333;12.0;15.0;-3.0;12.0
7639;12.096666666666666;12.0;15.0;-3.0;12.0
7649;12.096666666666666;12.0;15.0;-3.0;12.0
7659;12.09;12.0;15.0;-3.0;12.0
7669;12.116666666666667;12.0;15.0;-3.0;12.0
7679;12.11;12.0;15.0;-3.0;12.0
7689;12.126666666666667;12.0;15.0;-3.0;12.0
7699;12.126666666666667;12.0;15.0;-3.0;12.0
7709;12.15;12.0;15.0;-3.0;12.0
7719;12.063333333333333;12.0;15.0;-3.0;12.0
7729;12.093333333333334;12.0;15.0;-3.0;12.0
7739;12.16;12.0;15.0;-3.0;12.0
7749;12.14;12.0;15.0;-3.0;12.0
7759;12.093333333333334;12.0;15.0;-3.0;12.0
7769;12.19;12.0;15.0;-3.0;12.0
7779;12.126666666666667;12.0;15.0;-3.0;12.0
7789;12.113333333333333;12.0;15.0;-3.0;12.0
7799;12.1;12.0;15.0;-3.0;12.0
7809;12.103333333333333;12.0;15.0;-3.0;12.0
7819;12.06;12.0;15.0;-3.0;12.0
7829;12.133333333333333;12.0;15.0;-3.0;12.0
7839;12.12;12.0;15.0;-3.0;12.0
7849;12.116666666666667;12.0;15.0;-3.0;12.0
7859;12.156666666666666;12.0;15.0;-3.0;12.0
7869;12.043333333333333;12.0;15.0;-3.0;12.0
7879;12.133333333333333;12.0;15.0;-3.0;12.0
7889;12.106666666666667;12.0;15.0;-3.0;12.0
7899;12.086666666666666;12.0;15.0;-3.0;12.0
7909;12.066666666666666;12.0;15.0;-3.0;12.0
7919;12.146666666666667;12.0;15.0;-3.0;12.0
7929;12.116666666666667;12.0;15.0;-3.0;12.0
7939;12.086666666666666;12.0;15.0;-3.0;12.0
7949;12.09;12.0;15.0;-3.0;12.0
7959;12.096666666666666;12.0;15.0;-3.0;12.0
7969;12.093333333333334;12.0;15.0;-3.0;12.0
7979;12.146666666666667;12.0;15.0;-3.0;12.0
7989;12.126666666666667;12.0;15.0;-3.0;12.0
7999;12.073333333333334;12.0;15.0;-3.0;12.0
8009;12.113333333333333;12.0;15.0;-3.0;12.0
8019;12.086666666666666;12.0;15.0;-3.0;12.0
8029;12.103333333333333;12.0;15.0;-3.0;12.0
8039;12.07;12.0;15.0;-3.0;12.0
8049;12.126666666666667;12.0;15.0;-3.0;12.0
8059;12.073333333333334;12.0;15.0;-3.0;12.0
8069;12.12;12.0;15.0;-3.0;12.0
8079;12.073333333333334;12.0;15.0;-3.0;12.0
8089;12.12;12.0;15.0;-3.0;12.0
8099;12.11;12.0;15.0;-3.0;12.0
8109;12.086666666666666;12.0;15.0;-3.0;12.0
8119;12.063333333333333;12.0;15.0;-3.0;12.0
8129;12.076666666666666;12.0;15.0;-3.0;12.0
8139;12.176666666666666;12.0;15.0;-3.0;12.0
8149;12.08;12.0;15.0;-3.0;12.0
8159;12.146666666666667;12.0;15.0;-3.0;12.0
8169;12.113333333333333;12.0;15.0;-3.0;12.0
8179;12.176666666666666;12.0;15.0;-3.0;12.0
8189;12.113333333333333;12.0;15.0;-3.0;12.0
8199;12.11;12.0;15.0;-3.0;12.0
8209;12.103333333333333;12.0;15.0;-3.0;12.0
8219;12.103333333333333;12.0;15.0;-3.0;12.0
8229;12.1;12.0;15.0;-3.0;12.0
8239;12.103333333333333;12.0;15.0;-3.0;12.0
8249;12.086666666666666;12.0;15.0;-3.0;12.0
8259;12.096666666666666;12.0;15.0;-3.0;12.0
8269;12.133333333333333;12.0;15.0;-3.0;12.0
8279;12.12;12.0;15.0;-3.0;12.0
8289;12.126666666666667;12.0;15.0;-3.0;12.0
8299;12.046666666666667;12.0;15.0;-3.0;12.0
8309;12.146666666666667;12.0;15.0;-3.0;12.0
8319;12.18;12.0;15.0;-3.0;12.0
8329;12.066666666666666;12.0;15.0;-3.0;12.0
8339;12.09;12.0;15.0;-3.0;12.0
8349;12.08;12.0;15.0;-3.0;12.0
8359;12.176666666666666;12.0;15.0;-3.0;12.0
8369;12.09;12.0;15.0;-3.0;12.0
8379;12.143333333333333;12.0;15.0;-3.0;12.0
8389;12.136666666666667;12.0;15.0;-3.0;12.0
8399;12.11;12.0;15.0;-3.0;12.0
8409;12.12;12.0;15.0;-3.0;12.0
8419;12.07;12.0;15.0;-3.0;12.0
8429;12.123333333333333;12.0;15.0;-3.0;12.0
8439;12.056666666666667;12.0;15.0;-3.0;12.0
8449;12.156666666666666;12.0;15.0;-3.0;12.0
8459;12.126666666666667;12.0;15.0;-3.0;12.0
8469;12.063333333333333;12.0;15.0;-3.0;12.0
8479;12.103333333333333;12.0;15.0;-3.0;12.0
8489;12.116666666666667;12.0;15.0;-3.0;12.0
8499;12.093333333333334;12.0;15.0;-3.0;12.0
8509;12.156666666666666;12.0;15.0;-3.0;12.0
8519;12.13;12.0;15.0;-3.0;12.0
8529;12.14;12.0;15.0;-3.0;12.0
8539;12.146666666666667;12.0;15.0;-3.0;12.0
8549;12.11;12.0;15.0;-3.0;12.0
8559;12.093333333333334;12.0;15.0;-3.0;12.0
8569;12.123333333333333;12.0;15.0;-3.0;12.0
8579;12.103333333333333;12.0;15.0;-3.0;12.0
8589;12.07;12.0;15.0;-3.0;12.0
8599;12.13;12.0;15.0;-3.0;12.0
8609;12.15;12.0;15.0;-3.0;12.0
8619;12.16;12.0;15.0;-3.0;12.0
8629;12.096666666666666;12.0;15.0;-3.0;12.0
8639;12.13;12.0;15.0;-3.0;12.0
8649;12.123333333333333;12.0;15.0;-3.0;12.0
8659;12.056666666666667;12.0;15.0;-3.0;12.0
8669;12.066666666666666;12.0;15.0;-3.0;12.0
8679;12.11;12.0;15.0;-3.0;12.0
8689;12.053333333333333;12.0;15.0;-3.0;12.0
8699;12.07;12.0;15.0;-3.0;12.0
8709;12.156666666666666;12.0;15.0;-3.0;12.0
8719;12.07;12.0;15.0;-3.0;12.0
8729;12.126666666666667;12.0;15.0;-3.0;12.0
8739;12.103333333333333;12.0;15.0;-3.0;12.0
8749;12.126666666666667;12.0;15.0;-3.0;12.0
8759;12.133333333333333;12.0;15.0;-3.0;12.0
8769;12.076666666666666;12.0;15.0;-3.0;12.0
8779;12.093333333333334;12.0;15.0;-3.0;12.0
8789;12.04;12.0;15.0;-3.0;12.0
8799;12.143333333333333;12.0;15.0;-3.0;12.0
8809;12.166666666666666;12.0;15.0;-3.0;12.0
8819;12.12;12.0;15.0;-3.0;12.0
8829;12.08;12.0;15.0;-3.0;12.0
8839;12.096666666666666;12.0;15.0;-3.0;12.0
8849;12.103333333333333;12.0;15.0;-3.0;12.0
8859;12.116666666666667;12.0;15.0;-3.0;12.0
8869;12.086666666666666;12.0;15.0;-3.0;12.0
8879;12.106666666666667;12.0;15.0;-3.0;12.0
8889;12.116666666666667;12.0;15.0;-3.0;12.0
8899;12.166666666666666;12.0;15.0;-3.0;12.0
8909;12.11;12.0;15.0;-3.0;12.0
8919;12.08;12.0;15.0;-3.0;12.0
8929;12.16;12.0;15.0;-3.0;12.0
8939;12.166666666666666;12.0;15.0;-3.0;12.0
8949;12.12;12.0;15.0;-3.0;12.0
8959;12.136666666666667;12.0;15.0;-3.0;12.0
8969;12.126666666666667;12.0;15.0;-3.0;12.0
8979;12.116666666666667;12.0;15.0;-3.0;12.0
8989;12.113333333333333;12.0;15.0;-3.0;12.0
8999;12.076666666666666;12.0;15.0;-3.0;12.0
9009;12.1;12.0;15.0;-3.0;12.0
9019;12.103333333333333;12.0;15.0;-3.0;12.0
9029;12.1;12.0;15.0;-3.0;12.0
9039;12.13;12.0;15.0;-3.0;12.0
9049;12.066666666666666;12.0;15.0;-3.0;12.0
9059;12.11;12.0;15.0;-3.0;12.0
9069;12.12;12.0;15.0;-3.0;12.0
9079;12.096666666666666;12.0;15.0;-3.0;12.0
9089;12.1;12.0;15.0;-3.0;12.0
9099;12.096666666666666;12.0;15.0;-3.0;12.0
9109;12.123333333333333;12.0;15.0;-3.0;12.0
9119;12.083333333333334;12.0;15.0;-3.0;12.0
9129;12.14;12.0;15.0;-3.0;12.0
9139;12.166666666666666;12.0;15.0;-3.0;12.0
9149;12.146666666666667;12.0;15.0;-3.0;12.0
9159;12.153333333333334;12.0;15.0;-3.0;12.0
9169;12.106666666666667;12.0;15.0;-3.0;12.0
9179;12.093333333333334;12.0;15.0;-3.0;12.0
9189;12.096666666666666;12.0;15.0;-3.0;12.0
9199;12.1;12.0;15.0;-3.0;12.0
9209;12.096666666666666;12.0;15.0;-3.0;12.0
9219;12.13;12.0;15.0;-3.0;12.0
9229;12.093333333333334;12.0;15.0;-3.0;12.0
9239;12.113333333333333;12.0;15.0;-3.0;12.0
9249;12.133333333333333;12.0;15.0;-3.0;12.0
9259;12.16;12.0;15.0;-3.0;12.0
9269;12.073333333333334;12.0;15.0;-3.0;12.0
9279;12.1;12.0;15.0;-3.0;12.0
9289;12.073333333333334;12.0;15.0;-3.0;12.0
9299;12.123333333333333;12.0;15.0;-3.0;12.0
9309;12.11;12.0;15.0;-3.0;12.0
9319;12.12;12.0;15.0;-3.0;12.0
9329;12.086666666666666;12.0;15.0;-3.0;12.0
9339;12.123333333333333;12.0;15.0;-3.0;12.0
9349;12.093333333333334;12.0;15.0;-3.0;12.0
9359;12.136666666666667;12.0;15.0;-3.0;12.0
9369;12.15;12.0;15.0;-3.0;12.0
9379;12.093333333333334;12.0;15.0;-3.0;12.0
9389;12.123333333333333;12.0;15.0;-3.0;12.0
9399;12.073333333333334;12.0;15.0;-3.0;12.0
9409;12.09;12.0;15.0;-3.0;12.0
9419;12.12;12.0;15.0;-3.0;12.0
9429;12.11;12.0;15.0;-3.0;12.0
9439;12.05;12.0;15.0;-3.0;12.0
9449;12.133333333333333;12.0;15.0;-3.0;12.0
9459;12.1;12.0;15.0;-3.0;12.0
9469;12.136666666666667;12.0;15.0;-3.0;12.0
9479;12.15;12.0;15.0;-3.0;12.0
9489;12.12;12.0;15.0;-3.0;12.0
9499;12.143333333333333;12.0;15.0;-3.0;12.0
9509;12.09;12.0;15.0;-3.0;12.0
9519;12.093333333333334;12.0;15.0;-3.0;12.0
9529;12.076666666666666;12.0;15.0;-3.0;12.0
9539;12.166666666666666;12.0;15.0;-3.0;12.0
9549;12.09;12.0;15.0;-3.0;12.0
9559;12.09;12.0;15.0;-3.0;12.0
9569;12.09;12.0;15.0;-3.0;12.0
9579;12.12;12.0;15.0;-3.0;12.0
9589;12.07;12.0;15.0;-3.0;12.0
9599;12.096666666666666;12.0;15.0;-3.0;12.0
9609;12.086666666666666;12.0;15.0;-3.0;12.0
9619;12.07;12.0;15.0;-3.0;12.0
9629;12.093333333333334;12.0;15.0;-3.0;12.0
9639;12.086666666666666;12.0;15.0;-3.0;12.0
9649;12.126666666666667;12.0;15.0;-3.0;12.0
9659;12.18;12.0;15.0;-3.0;12.0
9669;12.07;12.0;15.0;-3.0;12.0
9679;12.07;12.0;15.0;-3.0;12.0
9689;12.126666666666667;12.0;15.0;-3.0;12.0
9699;12.18;12.0;15.0;-3.0;12.0
9709;12.1;12.0;15.0;-3.0;12.0
9719;12.123333333333333;12.0;15.0;-3.0;12.0
9729;12.08;12.0;15.0;-3.0;12.0
9739;12.13;12.0;15.0;-3.0;12.0
9749;12.156666666666666;12.0;15.0;-3.0;12.0
9759;12.096666666666666;12.0;15.0;-3.0;12.0
9769;12.113333333333333;12.0;15.0;-3.0;12.0
9779;12.11;12.0;15.0;-3.0;12.0
9789;12.093333333333334;12.0;15.0;-3.0;12.0
9799;12.143333333333333;12.0;15.0;-3.0;12.0
9809;12.08;12.0;15.0;-3.0;12.0
9819;12.113333333333333;12.0;15.0;-3.0;12.0
9829;12.103333333333333;12.0;15.0;-3.0;12.0
9839;12.073333333333334;12.0;15.0;-3.0;12.0
9849;12.116666666666667;12.0;15.0;-3.0;12.0
9859;12.13;12.0;15.0;-3.0;12.0
9869;12.116666666666667;12.0;15.0;-3.0;12.0
9879;12.066666666666666;12.0;15.0;-3.0;12.0
9889;12.106666666666667;12.0;15.0;-3.0;12.0
9899;12.086666666666666;12.0;15.0;-3.0;12.0
9909;12.14;12.0;15.0;-3.0;12.0
9919;12.146666666666667;12.0;15.0;-3.0;12.0
9929;12.123333333333333;12.0;15.0;-3.0;12.0
9939;12.12;12.0;15.0;-3.0;12.0
9949;12.073333333333334;12.0;15.0;-3.0;12.0
9959;12.046666666666667;12.0;15.0;-3.0;12.0
9969;12.086666666666666;12.0;15.0;-3.0;12.0
9979;12.12;12.0;15.0;-3.0;12.0
9989;12.123333333333333;12.0;15.0;-3.0;12.0
9999;12.126666666666667;12.0;15.0;-3.0;12.0
10009;12.09;12.0;15.0;-3.0;12.0
10019;12.15;12.0;15.0;-3.0;12.0
10029;12.133333333333333;12.0;15.0;-3.0;12.0
10039;12.136666666666667;12.0;15.0;-3.0;12.0
10049;12.07;12.0;15.0;-3.0;12.0
10059;12.133333333333333;12.0;15.0;-3.0;12.0
10069;12.13;12.0;15.0;-3.0;12.0
10079;12.09;12.0;15.0;-3.0;12.0
10089;12.1;12.0;15.0;-3.0;12.0
10099;12.113333333333333;12.0;15.0;-3.0;12.0
10109;12.08;12.0;15.0;-3.0;12.0
10119;12.056666666666667;12.0;15.0;-3.0;12.0
10129;12.116666666666667;12.0;15.0;-3.0;12.0
10139;12.133333333333333;12.0;15.0;-3.0;12.0
10149;12.076666666666666;12.0;15.0;-3.0;12.0
10159;12.056666666666667;12.0;15.0;-3.0;12.0
10169;12.096666666666666;12.0;15.0;-3.0;12.0
10179;12.106666666666667;12.0;15.0;-3.0;12.0
10189;12.086666666666666;12.0;15.0;-3.0;12.0
10199;12.116666666666667;12.0;15.0;-3.0;12.0
10209;12.09;12.0;15.0;-3.0;12.0
10219;12.11;12.0;15.0;-3.0;12.0
10229;12.053333333333333;12.0;15.0;-3.0;12.0
10239;12.076666666666666;12.0;15.0;-3.0;12.0
10249;12.13;12.0;15.0;-3.0;12.0
10259;12.13;12.0;15.0;-3.0;12.0
10269;12.073333333333334;12.0;15.0;-3.0;12.0
10279;12.143333333333333;12.0;15.0;-3.0;12.0
10289;12.116666666666667;12.0;15.0;-3.0;12.0
10299;12.106666666666667;12.0;15.0;-3.0;12.0
10309;12.11;12.0;15.0;-3.0;12.0
10319;12.103333333333333;12.0;15.0;-3.0;12.0
10329;12.116666666666667;12.0;15.0;-3.0;12.0
10339;12.063333333333333;12.0;15.0;-3.0;12.0
10349;12.15;12.0;15.0;-3.0;12.0
10359;12.2;12.0;15.0;-3.0;12.0
10369;12.106666666666667;12.0;15.0;-3.0;12.0
10379;12.076666666666666;12.0;15.0;-3.0;12.0
10389;12.133333333333333;12.0;15.0;-3.0;12.0
10399;12.11;12.0;15.0;-3.0;12.0
10409;12.103333333333333;12.0;15.0;-3.0;12.0
10419;12.11;12.0;15.0;-3.0;12.0
10429;12.056666666666667;12.0;15.0;-3.0;12.0
10439;12.08;12.0;15.0;-3.0;12.0
10449;12.08;12.0;15.0;-3.0;12.0
10459;12.163333333333334;12.0;15.0;-3.0;12.0
10469;12.09;12.0;15.0;-3.0;12.0
10479;12.063333333333333;12.0;15.0;-3.0;12.0
10489;12.13;12.0;15.0;-3.0;12.0
10499;12.07;12.0;15.0;-3.0;12.0
10509;12.096666666666666;12.0;15.0;-3.0;12.0
10519;12.156666666666666;12.0;15.0;-3.0;12.0
10529;12.146666666666667;12.0;15.0;-3.0;12.0
10539;12.113333333333333;12.0;15.0;-3.0;12.0
10549;12.126666666666667;12.0;15.0;-3.0;12.0
10559;12.116666666666667;12.0;15.0;-3.0;12.0
10569;12.13;12.0;15.0;-3.0;12.0
10579;12.123333333333333;12.0;15.0;-3.0;12.0
10589;12.123333333333333;12.0;15.0;-3.0;12.0
10599;12.056666666666667;12.0;15.0;-3.0;12.0
10609;12.08;12.0;15.0;-3.0;12.0
10619;12.113333333333333;12.0;15.0;-3.0;12.0
10629;12.103333333333333;12.0;15.0;-3.0;12.0
10639;12.09;12.0;15.0;-3.0;12.0
10649;12.11;12.0;15.0;-3.0;12.0
10659;12.09;12.0;15.0;-3.0;12.0
10669;12.096666666666666;12.0;15.0;-3.0;12.0
10679;12.123333333333333;12.0;15.0;-3.0;12.0
10689;12.076666666666666;12.0;15.0;-3.0;12.0
10699;12.106666666666667;12.0;15.0;-3.0;12.0
10709;12.113333333333333;12.0;15.0;-3.0;12.0
10719;12.106666666666667;12.0;15.0;-3.0;12.0
10729;12.09;12.0;15.0;-3.0;12.0
10739;12.126666666666667;12.0;15.0;-3.0;12.0
10749;11.096666666666666;11.0;14.0;-3.0;11.0
10759;11.093333333333334;11.0;14.0;-3.0;11.0
10769;11.106666666666667;11.0;14.0;-3.0;11.0
10779;11.173333333333334;11.0;14.0;-3.0;11.0
10789;11.123333333333333;11.0;14.0;-3.0;11.0
10799;11.103333333333333;11.0;14.0;-3.0;11.0
10809;11.123333333333333;11.0;14.0;-3.0;11.0
10819;11.126666666666667;11.0;14.0;-3.0;11.0
10829;11.136666666666667;11.0;14.0;-3.0;11.0
10839;11.12;11.0;14.0;-3.0;11.0
10849;11.126666666666667;11.0;14.0;-3.0;11.0
10859;11.12;11.0;14.0;-3.0;11.0
10869;11.123333333333333;11.0;14.0;-3.0;11.0
10879;11.19;11.0;14.0;-3.0;11.0
10889;11.123333333333333;11.0;14.0;-3.0;11.0
10899;11.136666666666667;11.0;14.0;-3.0;11.0
10909;11.11;11.0;14.0;-3.0;11.0
10919;11.063333333333333;11.0;14.0;-3.0;11.0
10929;11.103333333333333;11.0;14.0;-3.0;11.0
10939;11.13;11.0;14.0;-3.0;11.0
10949;11.07;11.0;14.0;-3.0;11.0
10959;11.11;11.0;14.0;-3.0;11.0
10969;11.066666666666666;11.0;14.0;-3.0;11.0
10979;11.103333333333333;11.0;14.0;-3.0;11.0
10989;11.153333333333334;11.0;14.0;-3.0;11.0
10999;11.146666666666667;11.0;14.0;-3.0;11.0
11009;11.09;11.0;14.0;-3.0;11.0
11019;11.146666666666667;11.0;14.0;-3.0;11.0
11029;11.106666666666667;11.0;14.0;-3.0;11.0
11039;11.2;11.0;14.0;-3.0;11.0
11049;11.13;11.0;14.0;-3.0;11.0
11059;11.12;11.0;14.0;-3.0;11.0
11069;11.13;11.0;14.0;-3.0;11.0
11079;11.116666666666667;11.0;14.0;-3.0;11.0
11089;11.103333333333333;11.0;14.0;-3.0;11.0
11099;11.13;11.0;14.0;-3.0;11.0
11109;11.11;11.0;14.0;-3.0;11.0
11119;11.073333333333334;11.0;14.0;-3.0;11.0
11129;11.123333333333333;11.0;14.0;-3.0;11.0
11139;11.123333333333333;11.0;14.0;-3.0;11.0
11149;11.156666666666666;11.0;14.0;-3.0;11.0
11159;11.13;11.0;14.0;-3.0;11.0
11169;11.156666666666666;11.0;14.0;-3.0;11.0
11179;11.093333333333334;11.0;14.0;-3.0;11.0
11189;11.106666666666667;11.0;14.0;-3.0;11.0
11199;11.116666666666667;11.0;14.0;-3.0;11.0
11209;11.103333333333333;11.0;14.0;-3.0;11.0
11219;11.103333333333333;11.0;14.0;-3.0;11.0
11229;11.193333333333333;11.0;14.0;-3.0;11.0
11239;11.096666666666666;11.0;14.0;-3.0;11.0
11249;11.146666666666667;11.0;14.0;-3.0;11.0
11259;11.116666666666667;11.0;14.0;-3.0;11.0
11269;11.133333333333333;11.0;14.0;-3.0;11.0
11279;11.1;11.0;14.0;-3.0;11.0
11289;11.17;11.0;14.0;-3.0;11.0
11299;11.09;11.0;14.0;-3.0;11.0
11309;11.1;11.0;14.0;-3.0;11.0
11319;11.1;11.0;14.0;-3.0;11.0
11329;11.093333333333334;11.0;14.0;-3.0;11.0
11339;11.106666666666667;11.0;14.0;-3.0;11.0
11349;11.13;11.0;14.0;-3.0;11.0
11359;11.093333333333334;11.0;14.0;-3.0;11.0
11369;11.113333333333333;11.0;14.0;-3.0;11.0
11379;11.086666666666666;11.0;14.0;-3.0;11.0
11389;11.156666666666666;11.0;14.0;-3.0;11.0
11399;11.096666666666666;11.0;14.0;-3.0;11.0
11409;11.133333333333333;11.0;14.0;-3.0;11.0
11419;11.096666666666666;11.0;14.0;-3.0;11.0
11429;11.056666666666667;11.0;14.0;-3.0;11.0
11439;11.123333333333333;11.0;14.0;-3.0;11.0
11449;11.083333333333334;11.0;14.0;-3.0;11.0
11459;11.136666666666667;11.0;14.0;-3.0;11.0
11469;11.13;11.0;14.0;-3.0;11.0
11479;11.103333333333333;11.0;14.0;-3.0;11.0
11489;11.11;11.0;14.0;-3.0;11.0
11499;11.16;11.0;14.0;-3.0;11.0
11509;11.113333333333333;11.0;14.0;-3.0;11.0
11519;11.16;11.0;14.0;-3.0;11.0
11529;11.133333333333333;11.0;14.0;-3.0;11.0
11539;11.113333333333333;11.0;14.0;-3.0;11.0
11549;11.106666666666667;11.0;14.0;-3.0;11.0
11559;11.116666666666667;11.0;14.0;-3.0;11.0
11569;11.093333333333334;11.0;14.0;-3.0;11.0
11579;11.12;11.0;14.0;-3.0;11.0
11589;11.09;11.0;14.0;-3.0;11.0
11599;11.113333333333333;11.0;14.0;-3.0;11.0
11609;11.096666666666666;11.0;14.0;-3.0;11.0
11619;11.106666666666667;11.0;14.0;-3.0;11.0
11629;11.136666666666667;11.0;14.0;-3.0;11.0
11639;11.093333333333334;11.0;14.0;-3.0;11.0
11649;11.173333333333334;11.0;14.0;-3.0;11.0
11659;11.086666666666666;11.0;14.0;-3.0;11.0
11669;11.15;11.0;14.0;-3.0;11.0
11679;11.086666666666666;11.0;14.0;-3.0;11.0
11689;11.076666666666666;11.0;14.0;-3.0;11.0
11699;11.123333333333333;11.0;14.0;-3.0;11.0
11709;11.08;11.0;14.0;-3.0;11.0
11719;11.136666666666667;11.0;14.0;-3.0;11.0
11729;11.066666666666666;11.0;14.0;-3.0;11.0
11739;11.093333333333334;11.0;14.0;-3.0;11.0
11749;11.083333333333334;11.0;14.0;-3.0;11.0
11759;11.096666666666666;11.0;14.0;-3.0;11.0
11769;11.13;11.0;14.0;-3.0;11.0
11779;11.06;11.0;14.0;-3.0;11.0
11789;11.1;11.0;14.0;-3.0;11.0
11799;11.143333333333333;11.0;14.0;-3.0;11.0
11809;11.146666666666667;11.0;14.0;-3.0;11.0
11819;11.103333333333333;11.0;14.0;-3.0;11.0
11829;11.146666666666667;11.0;14.0;-3.0;11.0
11839;11.11;11.0;14.0;-3.0;11.0
11849;11.113333333333333;11.0;14.0;-3.0;11.0
11859;11.07;11.0;14.0;-3.0;11.0
11869;11.096666666666666;11.0;14.0;-3.0;11.0
11879;11.103333333333333;11.0;14.0;-3.0;11.0
11889;11.106666666666667;11.0;14.0;-3.0;11.0
11899;11.076666666666666;11.0;14.0;-3.0;11.0
11909;11.113333333333333;11.0;14.0;-3.0;11.0
11919;11.116666666666667;11.0;14.0;-3.0;11.0
11929;11.106666666666667;11.0;14.0;-3.0;11.0
11939;11.136666666666667;11.0;14.0;-3.0;11.0
11949;11.163333333333334;11.0;14.0;-3.0;11.0
11959;11.1;11.0;14.0;-3.0;11.0
11969;11.133333333333333;11.0;14.0;-3.0;11.0
11979;11.07;11.0;14.0;-3.0;11.0
11989;11.116666666666667;11.0;14.0;-3.0;11.0
11999;11.14;11.0;14.0;-3.0;11.0
12009;11.053333333333333;11.0;14.0;-3.0;11.0
12019;11.13;11.0;14.0;-3.0;11.0
12029;11.15;11.0;14.0;-3.0;11.0
12039;11.11;11.0;14.0;-3.0;11.0
12049;11.093333333333334;11.0;14.0;-3.0;11.0
12059;11.12;11.0;14.0;-3.0;11.0
12069;11.096666666666666;11.0;14.0;-3.0;11.0
12079;11.15;11.0;14.0;-3.0;11.0
12089;11.08;11.0;14.0;-3.0;11.0
12099;11.13;11.0;14.0;-3.0;11.0
12109;11.123333333333333;11.0;14.0;-3.0;11.0
12119;11.086666666666666;11.0;14.0;-3.0;11.0
12129;11.163333333333334;11.0;14.0;-3.0;11.0
12139;11.1;11.0;14.0;-3.0;11.0
12149;11.15;11.0;14.0;-3.0;11.0
12159;11.08;11.0;14.0;-3.0;11.0
12169;11.086666666666666;11.0;14.0;-3.0;11.0
12179;11.166666666666666;11.0;14.0;-3.0;11.0
12189;11.126666666666667;11.0;14.0;-3.0;11.0
12199;11.123333333333333;11.0;14.0;-3.0;11.0
12209;11.1;11.0;14.0;-3.0;11.0
12219;11.126666666666667;11.0;14.0;-3.0;11.0
12229;11.086666666666666;11.0;14.0;-3.0;11.0
12239;11.123333333333333;11.0;14.0;-3.0;11.0
12249;11.096666666666666;11.0;14.0;-3.0;11.0
12259;11.09;11.0;14.0;-3.0;11.0
12269;11.106666666666667;11.0;14.0;-3.0;11.0
12279;11.103333333333333;11.0;14.0;-3.0;11.0
12289;11.1;11.0;14.0;-3.0;11.0
12299;11.12;11.0;14.0;-3.0;11.0
12309;11.1;11.0;14.0;-3.0;11.0
12319;11.09;11.0;14.0;-3.0;11.0
12329;11.07;11.0;14.0;-3.0;11.0
12339;11.123333333333333;11.0;14.0;-3.0;11.0
12349;11.076666666666666;11.0;14.0;-3.0;11.0
12359;11.18;11.0;14.0;-3.0;11.0
12369;11.116666666666667;11.0;14.0;-3.0;11.0
12379;11.096666666666666;11.0;14.0;-3.0;11.0
12389;11.14;11.0;14.0;-3.0;11.0
12399;11.086666666666666;11.0;14.0;-3.0;11.0
12409;11.076666666666666;11.0;14.0;-3.0;11.0
12419;11.11;11.0;14.0;-3.0;11.0
12429;11.073333333333334;11.0;14.0;-3.0;11.0
12439;11.116666666666667;11.0;14.0;-3.0;11.0
12449;11.133333333333333;11.0;14.0;-3.0;11.0
12459;11.086666666666666;11.0;14.0;-3.0;11.0
12469;11.083333333333334;11.0;14.0;-3.0;11.0
12479;11.116666666666667;11.0;14.0;-3.0;11.0
12489;11.17;11.0;14.0;-3.0;11.0
12499;11.096666666666666;11.0;14.0;-3.0;11.0
12509;11.14;11.0;14.0;-3.0;11.0
12519;11.13;11.0;14.0;-3.0;11.0
12529;11.103333333333333;11.0;14.0;-3.0;11.0
12539;11.1;11.0;14.0;-3.0;11.0
12549;11.113333333333333;11.0;14.0;-3.0;11.0
12559;11.116666666666667;11.0;14.0;-3.0;11.0
12569;11.076666666666666;11.0;14.0;-3.0;11.0
12579;11.073333333333334;11.0;14.0;-3.0;11.0
12589;11.063333333333333;11.0;14.0;-3.0;11.0
12599;11.096666666666666;11.0;14.0;-3.0;11.0
12609;11.183333333333334;11.0;14.0;-3.0;11.0
12619;11.116666666666667;11.0;14.0;-3.0;11.0
12629;11.11;11.0;14.0;-3.0;11.0
12639;11.163333333333334;11.0;14.0;-3.0;11.0
12649;11.11;11.0;14.0;-3.0;11.0
12659;11.076666666666666;11.0;14.0;-3.0;11.0
12669;11.12;11.0;14.0;-3.0;11.0
12679;11.156666666666666;11.0;14.0;-3.0;11.0
12689;11.08;11.0;14.0;-3.0;11.0
12699;11.1;11.0;14.0;-3.0;11.0
12709;11.153333333333334;11.0;14.0;-3.0;11.0
12719;11.106666666666667;11.0;14.0;-3.0;11.0
12729;11.086666666666666;11.0;14.0;-3.0;11.0
12739;11.11;11.0;14.0;-3.0;11.0
12749;11.086666666666666;11.0;14.0;-3.0;11.0
12759;11.096666666666666;11.0;14.0;-3.0;11.0
12769;11.106666666666667;11.0;14.0;-3.0;11.0
12779;11.096666666666666;11.0;14.0;-3.0;11.0
12789;11.143333333333333;11.0;14.0;-3.0;11.0
12799;11.1;11.0;14.0;-3.0;11.0
12809;11.136666666666667;11.0;14.0;-3.0;11.0
12819;11.113333333333333;11.0;14.0;-3.0;11.0
12829;11.183333333333334;11.0;14.0;-3.0;11.0
12839;11.11;11.0;14.0;-3.0;11.0
12849;11.146666666666667;11.0;14.0;-3.0;11.0
12859;11.173333333333334;11.0;14.0;-3.0;11.0
12869;11.163333333333334;11.0;14.0;-3.0;11.0
12879;11.16;11.0;14.0;-3.0;11.0
12889;11.12;11.0;14.0;-3.0;11.0
12899;11.07;11.0;14.0;-3.0;11.0
12909;11.1;11.0;14.0;-3.0;11.0
12919;11.096666666666666;11.0;14.0;-3.0;11.0
12929;11.086666666666666;11.0;14.0;-3.0;11.0
12939;11.133333333333333;11.0;14.0;-3.0;11.0
12949;11.166666666666666;11.0;14.0;-3.0;11.0
12959;11.04;11.0;14.0;-3.0;11.0
12969;11.143333333333333;11.0;14.0;-3.0;11.0
12979;11.126666666666667;11.0;14.0;-3.0;11.0
12989;11.126666666666667;11.0;14.0;-3.0;11.0
12999;11.09;11.0;14.0;-3.0;11.0
13009;11.156666666666666;11.0;14.0;-3.0;11.0
13019;11.06;11.0;14.0;-3.0;11.0
13029;11.106666666666667;11.0;14.0;-3.0;11.0
13039;11.12;11.0;14.0;-3.0;11.0
13049;11.09;11.0;14.0;-3.0;11.0
13059;11.126666666666667;11.0;14.0;-3.0;11.0
13069;11.133333333333333;11.0;14.0;-3.0;11.0
13079;11.043333333333333;11.0;14.0;-3.0;11.0
13089;11.113333333333333;11.0;14.0;-3.0;11.0
13099;11.06;11.0;14.0;-3.0;11.0
13109;11.1;11.0;14.0;-3.0;11.0
13119;11.14;11.0;14.0;-3.0;11.0
13129;11.133333333333333;11.0;14.0;-3.0;11.0
13139;11.12;11.0;14.0;-3.0;11.0
13149;11.126666666666667;11.0;14.0;-3.0;11.0
13159;11.13;11.0;14.0;-3.0;11.0
13169;11.06;11.0;14.0;-3.0;11.0
13179;11.093333333333334;11.0;14.0;-3.0;11.0
13189;11.06;11.0;14.0;-3.0;11.0
13199;11.15;11.0;14.0;-3.0;11.0
13209;11.093333333333334;11.0;14.0;-3.0;11.0
13219;11.106666666666667;11.0;14.0;-3.0;11.0
13229;11.133333333333333;11.0;14.0;-3.0;11.0
13239;11.106666666666667;11.0;14.0;-3.0;11.0
13249;11.146666666666667;11.0;14.0;-3.0;11.0
13259;11.146666666666667;11.0;14.0;-3.0;11.0
13269;11.123333333333333;11.0;14.0;-3.0;11.0
13279;11.083333333333334;11.0;14.0;-3.0;11.0
13289;11.156666666666666;11.0;14.0;-3.0;11.0
13299;11.13;11.0;14.0;-3.0;11.0
13309;11.076666666666666;11.0;14.0;-3.0;11.0
13319;11.093333333333334;11.0;14.0;-3.0;11.0
13329;11.11;11.0;14.0;-3.0;11.0
13339;11.163333333333334;11.0;14.0;-3.0;11.0
13349;11.126666666666667;11.0;14.0;-3.0;11.0
13359;11.103333333333333;11.0;14.0;-3.0;11.0
13369;11.106666666666667;11.0;14.0;-3.0;11.0
13379;11.133333333333333;11.0;14.0;-3.0;11.0
13389;11.096666666666666;11.0;14.0;-3.0;11.0
13399;11.113333333333333;11.0;14.0;-3.0;11.0
13409;11.066666666666666;11.0;14.0;-3.0;11.0
13419;11.11;11.0;14.0;-3.0;11.0
13429;11.086666666666666;11.0;14.0;-3.0;11.0
13439;11.143333333333333;11.0;14.0;-3.0;11.0
13449;11.076666666666666;11.0;14.0;-3.0;11.0
13459;11.093333333333334;11.0;14.0;-3.0;11.0
13469;11.056666666666667;11.0;14.0;-3.0;11.0
13479;11.116666666666667;11.0;14.0;-3.0;11.0
13489;11.09;11.0;14.0;-3.0;11.0
13499;11.156666666666666;11.0;14.0;-3.0;11.0
13509;11.093333333333334;11.0;14.0;-3.0;11.0
13519;11.083333333333334;11.0;14.0;-3.0;11.0
13529;11.086666666666666;11.0;14.0;-3.0;11.0
13539;11.123333333333333;11.0;14.0;-3.0;11.0
13549;11.13;11.0;14.0;-3.0;11.0
13559;11.14;11.0;14.0;-3.0;11.0
13569;11.07;11.0;14.0;-3.0;11.0
13579;11.103333333333333;11.0;14.0;-3.0;11.0
13589;11.113333333333333;11.0;14.0;-3.0;11.0
13599;11.096666666666666;11.0;14.0;-3.0;11.0
13609;11.093333333333334;11.0;14.0;-3.0;11.0
13619;11.123333333333333;11.0;14.0;-3.0;11.0
13629;11.123333333333333;11.0;14.0;-3.0;11.0
13639;11.133333333333333;11.0;14.0;-3.0;11.0
13649;11.076666666666666;11.0;14.0;-3.0;11.0
13659;11.09;11.0;14.0;-3.0;11.0
13669;11.126666666666667;11.0;14.0;-3.0;11.0
13679;11.093333333333334;11.0;14.0;-3.0;11.0
13689;11.076666666666666;11.0;14.0;-3.0;11.0
13699;11.116666666666667;11.0;14.0;-3.0;11.0
13709;11.053333333333333;11.0;14.0;-3.0;11.0
13719;11.106666666666667;11.0;14.0;-3.0;11.0
13729;11.11;11.0;14.0;-3.0;11.0
13739;11.16;11.0;14.0;-3.0;11.0
13749;11.15;11.0;14.0;-3.0;11.0
13759;11.12;11.0;14.0;-3.0;11.0
13769;11.11;11.0;14.0;-3.0;11.0
13779;11.08;11.0;14.0;-3.0;11.0
13789;11.126666666666667;11.0;14.0;-3.0;11.0
13799;11.116666666666667;11.0;14.0;-3.0;11.0
13809;11.116666666666667;11.0;14.0;-3.0;11.0
13819;11.106666666666667;11.0;14.0;-3.0;11.0
13829;11.06;11.0;14.0;-3.0;11.0
13839;11.093333333333334;11.0;14.0;-3.0;11.0
13849;11.08;11.0;14.0;-3.0;11.0
13859;11.07;11.0;14.0;-3.0;11.0
13869;11.143333333333333;11.0;14.0;-3.0;11.0
13879;11.176666666666666;11.0;14.0;-3.0;11.0
13889;11.126666666666667;11.0;14.0;-3.0;11.0
13899;11.036666666666667;11.0;14.0;-3.0;11.0
13909;11.15;11.0;14.0;-3.0;11.0
13919;11.123333333333333;11.0;14.0;-3.0;11.0
13929;11.08;11.0;14.0;-3.0;11.0
13939;11.113333333333333;11.0;14.0;-3.0;11.0
13949;11.106666666666667;11.0;14.0;-3.0;11.0
13959;11.043333333333333;11.0;14.0;-3.0;11.0
13969;11.096666666666666;11.0;14.0;-3.0;11.0
13979;11.123333333333333;11.0;14.0;-3.0;11.0
13989;11.083333333333334;11.0;14.0;-3.0;11.0
13999;11.08;11.0;14.0;-3.0;11.0
14009;11.12;11.0;14.0;-3.0;11.0
14019;11.12;11.0;14.0;-3.0;11.0
14029;11.14;11.0;14.0;-3.0;11.0
14039;11.14;11.0;14.0;-3.0;11.0
14049;11.1;11.0;14.0;-3.0;11.0
14059;11.113333333333333;11.0;14.0;-3.0;11.0
14069;11.063333333333333;11.0;14.0;-3.0;11.0
14079;11.13;11.0;14.0;-3.0;11.0
14089;11.133333333333333;11.0;14.0;-3.0;11.0
14099;11.093333333333334;11.0;14.0;-3.0;11.0
14109;11.083333333333334;11.0;14.0;-3.0;11.0
14119;11.11;11.0;14.0;-3.0;11.0
14129;11.083333333333334;11.0;14.0;-3.0;11.0
14139;11.103333333333333;11.0;14.0;-3.0;11.0
14149;11.186666666666667;11.0;14.0;-3.0;11.0
14159;11.113333333333333;11.0;14.0;-3.0;11.0
14169;11.1;11.0;14.0;-3.0;11.0
14179;11.076666666666666;11.0;14.0;-3.0;11.0
14189;11.12;11.0;14.0;-3.0;11.0
14199;11.163333333333334;11.0;14.0;-3.0;11.0
14209;11.14;11.0;14.0;-3.0;11.0
14219;11.13;11.0;14.0;-3.0;11.0
14229;11.09;11.0;14.0;-3.0;11.0
14239;11.086666666666666;11.0;14.0;-3.0;11.0
14249;11.126666666666667;11.0;14.0;-3.0;11.0
14259;11.133333333333333;11.0;14.0;-3.0;11.0
14269;11.043333333333333;11.0;14.0;-3.0;11.0
14279;11.06;11.0;14.0;-3.0;11.0
14289;11.11;11.0;14.0;-3.0;11.0
14299;11.1;11.0;14.0;-3.0;11.0
14309;11.14;11.0;14.0;-3.0;11.0
14319;11.103333333333333;11.0;14.0;-3.0;11.0
14329;11.096666666666666;11.0;14.0;-3.0;11.0
14339;11.123333333333333;11.0;14.0;-3.0;11.0
14349;11.153333333333334;11.0;14.0;-3.0;11.0
14359;11.08;11.0;14.0;-3.0;11.0
14369;11.106666666666667;11.0;14.0;-3.0;11.0
14379;11.143333333333333;11.0;14.0;-3.0;11.0
14389;11.13;11.0;14.0;-3.0;11.0
14399;11.136666666666667;11.0;14.0;-3.0;11.0
14409;11.153333333333334;11.0;14.0;-3.0;11.0
14419;11.11;11.0;14.0;-3.0;11.0
14429;11.083333333333334;11.0;14.0;-3.0;11.0
14439;11.073333333333334;11.0;14.0;-3.0;11.0
14449;11.116666666666667;11.0;14.0;-3.0;11.0
14459;11.173333333333334;11.0;14.0;-3.0;11.0
14469;11.133333333333333;11.0;14.0;-3.0;11.0
14479;11.096666666666666;11.0;14.0;-3.0;11.0
14489;11.073333333333334;11.0;14.0;-3.0;11.0
14499;11.096666666666666;11.0;14.0;-3.0;11.0
14509;11.123333333333333;11.0;14.0;-3.0;11.0
14519;11.116666666666667;11.0;14.0;-3.0;11.0
14529;11.163333333333334;11.0;14.0;-3.0;11.0
14539;11.143333333333333;11.0;14.0;-3.0;11.0
14549;11.1;11.0;14.0;-3.0;11.0
14559;11.05;11.0;14.0;-3.0;11.0
14569;11.11;11.0;14.0;-3.0;11.0
14579;11.083333333333334;11.0;14.0;-3.0;11.0
14589;11.156666666666666;11.0;14.0;-3.0;11.0
14599;11.116666666666667;11.0;14.0;-3.0;11.0
14609;11.216666666666667;11.0;14.0;-3.0;11.0
14619;11.126666666666667;11.0;14.0;-3.0;11.0
14629;11.143333333333333;11.0;14.0;-3.0;11.0
14639;11.116666666666667;11.0;14.0;-3.0;11.0
14649;11.153333333333334;11.0;14.0;-3.0;11.0
14659;11.153333333333334;11.0;14.0;-3.0;11.0
14669;11.07;11.0;14.0;-3.0;11.0
14679;11.153333333333334;11.0;14.0;-3.0;11.0
14689;11.106666666666667;11.0;14.0;-3.0;11.0
14699;11.106666666666667;11.0;14.0;-3.0;11.0
14709;11.1;11.0;14.0;-3.0;11.0
14719;11.09;11.0;14.0;-3.0;11.0
14729;11.163333333333334;11.0;14.0;-3.0;11.0
14739;11.116666666666667;11.0;14.0;-3.0;11.0
14749;11.07;11.0;14.0;-3.0;11.0
14759;11.103333333333333;11.0;14.0;-3.0;11.0
14769;11.086666666666666;11.0;14.0;-3.0;11.0
14779;11.136666666666667;11.0;14.0;-3.0;11.0
14789;11.086666666666666;11.0;14.0;-3.0;11.0
14799;11.13;11.0;14.0;-3.0;11.0
14809;11.17;11.0;14.0;-3.0;11.0
14819;11.123333333333333;11.0;14.0;-3.0;11.0
14829;11.183333333333334;11.0;14.0;-3.0;11.0
14839;11.136666666666667;11.0;14.0;-3.0;11.0
14849;11.14;11.0;14.0;-3.0;11.0
14859;11.07;11.0;14.0;-3.0;11.0
14869;11.08;11.0;14.0;-3.0;11.0
14879;11.096666666666666;11.0;14.0;-3.0;11.0
14889;11.15;11.0;14.0;-3.0;11.0
14899;11.133333333333333;11.0;14.0;-3.0;11.0
14909;11.056666666666667;11.0;14.0;-3.0;11.0
14919;11.123333333333333;11.0;14.0;-3.0;11.0
14929;11.14;11.0;14.0;-3.0;11.0
14939;11.163333333333334;11.0;14.0;-3.0;11.0
14949;11.136666666666667;11.0;14.0;-3.0;11.0
14959;11.116666666666667;11.0;14.0;-3.0;11.0
14969;11.123333333333333;11.0;14.0;-3.0;11.0
14979;11.106666666666667;11.0;14.0;-3.0;11.0
14989;11.126666666666667;11.0;14.0;-3.0;11.0
14999;11.123333333333333;11.0;14.0;-3.0;11.0
