geracao;media da geracao;fitness do melhor da geracao;fitness do pior da geracao;relacao entre melhor e pior;fitness do melhor da run
Probabilidade Recombinação: 0.7
Probabilidade Mutação: 0.049999999999999996
Tipo de Selecção: Torneio
Tipo de Mutação: Simples Al.
Tamanho População: 300
Máximo de Gerações: 15000
0;84.60333333333334;69.0;101.0;-32.0;69.0
0;75.45666666666666;66.0;86.0;-20.0;66.0
9;57.31333333333333;56.0;60.0;-4.0;56.0
19;47.07333333333333;46.0;50.0;-4.0;46.0
29;44.05;42.0;47.0;-5.0;42.0
39;37.1;37.0;40.0;-3.0;37.0
49;30.906666666666666;29.0;34.0;-5.0;29.0
59;27.05;27.0;29.0;-2.0;27.0
69;27.096666666666668;27.0;30.0;-3.0;27.0
79;26.363333333333333;26.0;29.0;-3.0;26.0
89;26.113333333333333;25.0;29.0;-4.0;25.0
99;24.36;24.0;28.0;-4.0;24.0
109;24.063333333333333;24.0;27.0;-3.0;24.0
119;24.116666666666667;24.0;27.0;-3.0;24.0
129;24.11;24.0;27.0;-3.0;24.0
139;24.076666666666668;22.0;27.0;-5.0;22.0
149;21.036666666666665;21.0;24.0;-3.0;21.0
159;20.14666666666667;20.0;23.0;-3.0;20.0
169;19.336666666666666;19.0;22.0;-3.0;19.0
179;19.1;19.0;22.0;-3.0;19.0
189;19.08;19.0;22.0;-3.0;19.0
199;19.133333333333333;19.0;22.0;-3.0;19.0
209;19.143333333333334;19.0;22.0;-3.0;19.0
219;19.10333333333333;19.0;22.0;-3.0;19.0
229;19.09;19.0;22.0;-3.0;19.0
239;19.086666666666666;19.0;22.0;-3.0;19.0
249;19.063333333333333;19.0;22.0;-3.0;19.0
259;19.09;19.0;22.0;-3.0;19.0
269;18.073333333333334;18.0;21.0;-3.0;18.0
279;18.123333333333335;18.0;21.0;-3.0;18.0
289;18.13;18.0;21.0;-3.0;18.0
299;18.09;18.0;21.0;-3.0;18.0
309;18.096666666666668;18.0;21.0;-3.0;18.0
319;18.11;18.0;21.0;-3.0;18.0
329;17.133333333333333;17.0;20.0;-3.0;17.0
339;17.116666666666667;17.0;20.0;-3.0;17.0
349;17.096666666666668;17.0;20.0;-3.0;17.0
359;17.116666666666667;17.0;20.0;-3.0;17.0
369;14.096666666666666;14.0;17.0;-3.0;14.0
379;14.076666666666666;14.0;17.0;-3.0;14.0
389;14.08;14.0;17.0;-3.0;14.0
399;14.106666666666667;14.0;17.0;-3.0;14.0
409;14.11;14.0;17.0;-3.0;14.0
419;14.076666666666666;14.0;17.0;-3.0;14.0
429;14.093333333333334;14.0;17.0;-3.0;14.0
439;14.12;14.0;17.0;-3.0;14.0
449;14.14;14.0;17.0;-3.0;14.0
459;14.063333333333333;14.0;17.0;-3.0;14.0
469;14.106666666666667;14.0;17.0;-3.0;14.0
479;14.133333333333333;14.0;17.0;-3.0;14.0
489;14.23;14.0;17.0;-3.0;14.0
499;14.13;14.0;17.0;-3.0;14.0
509;14.163333333333334;14.0;17.0;-3.0;14.0
519;14.123333333333333;14.0;17.0;-3.0;14.0
529;14.113333333333333;14.0;17.0;-3.0;14.0
539;14.096666666666666;14.0;17.0;-3.0;14.0
549;14.106666666666667;14.0;17.0;-3.0;14.0
559;14.11;14.0;17.0;-3.0;14.0
569;14.12;14.0;17.0;-3.0;14.0
579;14.05;14.0;17.0;-3.0;14.0
589;14.103333333333333;14.0;17.0;-3.0;14.0
599;14.076666666666666;14.0;17.0;-3.0;14.0
609;14.1;14.0;17.0;-3.0;14.0
619;14.15;14.0;17.0;-3.0;14.0
629;14.103333333333333;14.0;17.0;-3.0;14.0
639;14.02;13.0;17.0;-4.0;13.0
649;12.136666666666667;12.0;15.0;-3.0;12.0
659;12.14;12.0;15.0;-3.0;12.0
669;12.073333333333334;12.0;15.0;-3.0;12.0
679;12.136666666666667;12.0;15.0;-3.0;12.0
689;12.16;12.0;15.0;-3.0;12.0
699;12.123333333333333;12.0;15.0;-3.0;12.0
709;12.056666666666667;12.0;15.0;-3.0;12.0
719;12.103333333333333;12.0;15.0;-3.0;12.0
729;12.163333333333334;12.0;15.0;-3.0;12.0
739;12.136666666666667;12.0;15.0;-3.0;12.0
749;12.106666666666667;12.0;15.0;-3.0;12.0
759;12.116666666666667;12.0;15.0;-3.0;12.0
769;12.063333333333333;12.0;15.0;-3.0;12.0
779;12.116666666666667;12.0;15.0;-3.0;12.0
789;12.12;12.0;15.0;-3.0;12.0
799;12.13;12.0;15.0;-3.0;12.0
809;12.113333333333333;12.0;15.0;-3.0;12.0
819;12.153333333333334;12.0;15.0;-3.0;12.0
829;12.146666666666667;12.0;15.0;-3.0;12.0
839;12.09;12.0;15.0;-3.0;12.0
849;12.116666666666667;12.0;15.0;-3.0;12.0
859;12.093333333333334;12.0;15.0;-3.0;12.0
869;12.156666666666666;12.0;15.0;-3.0;12.0
879;12.106666666666667;12.0;15.0;-3.0;12.0
889;12.14;12.0;15.0;-3.0;12.0
899;12.083333333333334;12.0;15.0;-3.0;12.0
909;12.096666666666666;12.0;15.0;-3.0;12.0
919;12.09;12.0;15.0;-3.0;12.0
929;12.116666666666667;12.0;15.0;-3.0;12.0
939;12.14;12.0;15.0;-3.0;12.0
949;12.13;12.0;15.0;-3.0;12.0
959;12.13;12.0;15.0;-3.0;12.0
969;12.143333333333333;12.0;15.0;-3.0;12.0
979;12.16;12.0;15.0;-3.0;12.0
989;12.09;12.0;15.0;-3.0;12.0
999;12.106666666666667;12.0;15.0;-3.0;12.0
1009;12.053333333333333;12.0;15.0;-3.0;12.0
1019;12.146666666666667;12.0;15.0;-3.0;12.0
1029;12.13;12.0;15.0;-3.0;12.0
1039;12.13;12.0;15.0;-3.0;12.0
1049;12.16;12.0;15.0;-3.0;12.0
1059;12.093333333333334;12.0;15.0;-3.0;12.0
1069;12.073333333333334;12.0;15.0;-3.0;12.0
1079;12.096666666666666;12.0;15.0;-3.0;12.0
1089;12.116666666666667;12.0;15.0;-3.0;12.0
1099;12.156666666666666;12.0;15.0;-3.0;12.0
1109;12.17;12.0;15.0;-3.0;12.0
1119;12.106666666666667;12.0;15.0;-3.0;12.0
1129;12.113333333333333;12.0;15.0;-3.0;12.0
1139;12.07;12.0;15.0;-3.0;12.0
1149;12.15;12.0;15.0;-3.0;12.0
1159;12.13;12.0;15.0;-3.0;12.0
1169;12.086666666666666;12.0;15.0;-3.0;12.0
1179;12.183333333333334;12.0;15.0;-3.0;12.0
1189;12.12;12.0;15.0;-3.0;12.0
1199;12.126666666666667;12.0;15.0;-3.0;12.0
1209;12.11;12.0;15.0;-3.0;12.0
1219;12.13;12.0;15.0;-3.0;12.0
1229;12.11;12.0;15.0;-3.0;12.0
1239;12.063333333333333;12.0;15.0;-3.0;12.0
1249;12.106666666666667;12.0;15.0;-3.0;12.0
1259;12.096666666666666;12.0;15.0;-3.0;12.0
1269;12.09;12.0;15.0;-3.0;12.0
1279;12.146666666666667;12.0;15.0;-3.0;12.0
1289;12.106666666666667;12.0;15.0;-3.0;12.0
1299;12.08;12.0;15.0;-3.0;12.0
1309;12.116666666666667;12.0;15.0;-3.0;12.0
1319;12.13;12.0;15.0;-3.0;12.0
1329;12.126666666666667;12.0;15.0;-3.0;12.0
1339;12.096666666666666;12.0;15.0;-3.0;12.0
1349;12.093333333333334;12.0;15.0;-3.0;12.0
1359;12.156666666666666;12.0;15.0;-3.0;12.0
1369;12.08;12.0;15.0;-3.0;12.0
1379;12.106666666666667;12.0;15.0;-3.0;12.0
1389;12.066666666666666;12.0;15.0;-3.0;12.0
1399;12.096666666666666;12.0;15.0;-3.0;12.0
1409;12.103333333333333;12.0;15.0;-3.0;12.0
1419;12.206666666666667;12.0;15.0;-3.0;12.0
1429;12.103333333333333;12.0;15.0;-3.0;12.0
1439;12.116666666666667;12.0;15.0;-3.0;12.0
1449;12.14;12.0;15.0;-3.0;12.0
1459;12.096666666666666;12.0;15.0;-3.0;12.0
1469;12.11;12.0;15.0;-3.0;12.0
1479;12.093333333333334;12.0;15.0;-3.0;12.0
1489;12.17;12.0;15.0;-3.0;12.0
1499;12.126666666666667;12.0;15.0;-3.0;12.0
1509;12.093333333333334;12.0;15.0;-3.0;12.0
1519;12.123333333333333;12.0;15.0;-3.0;12.0
1529;12.083333333333334;12.0;15.0;-3.0;12.0
1539;12.103333333333333;12.0;15.0;-3.0;12.0
1549;12.156666666666666;12.0;15.0;-3.0;12.0
1559;12.156666666666666;12.0;15.0;-3.0;12.0
1569;12.123333333333333;12.0;15.0;-3.0;12.0
1579;12.113333333333333;12.0;15.0;-3.0;12.0
1589;12.116666666666667;12.0;15.0;-3.0;12.0
1599;12.176666666666666;12.0;15.0;-3.0;12.0
1609;12.11;12.0;15.0;-3.0;12.0
1619;12.13;12.0;15.0;-3.0;12.0
1629;12.1;12.0;15.0;-3.0;12.0
1639;11.16;9.0;14.0;-5.0;9.0
1649;9.13;9.0;12.0;-3.0;9.0
1659;9.103333333333333;9.0;12.0;-3.0;9.0
1669;9.16;9.0;12.0;-3.0;9.0
1679;9.08;9.0;12.0;-3.0;9.0
1689;9.126666666666667;9.0;12.0;-3.0;9.0
1699;9.113333333333333;9.0;12.0;-3.0;9.0
1709;9.17;9.0;12.0;-3.0;9.0
1719;9.073333333333334;9.0;12.0;-3.0;9.0
1729;9.163333333333334;9.0;12.0;-3.0;9.0
1739;9.12;9.0;12.0;-3.0;9.0
1749;9.106666666666667;9.0;12.0;-3.0;9.0
1759;9.123333333333333;9.0;12.0;-3.0;9.0
1769;9.056666666666667;9.0;12.0;-3.0;9.0
1779;9.113333333333333;9.0;12.0;-3.0;9.0
1789;9.073333333333334;9.0;12.0;-3.0;9.0
1799;9.086666666666666;9.0;12.0;-3.0;9.0
1809;9.136666666666667;9.0;12.0;-3.0;9.0
1819;9.143333333333333;9.0;12.0;-3.0;9.0
1829;9.06;9.0;12.0;-3.0;9.0
1839;9.1;9.0;12.0;-3.0;9.0
1849;9.113333333333333;9.0;12.0;-3.0;9.0
1859;9.196666666666667;9.0;12.0;-3.0;9.0
1869;9.11;9.0;12.0;-3.0;9.0
1879;9.106666666666667;9.0;12.0;-3.0;9.0
1889;9.086666666666666;9.0;12.0;-3.0;9.0
1899;9.213333333333333;9.0;12.0;-3.0;9.0
1909;9.056666666666667;9.0;12.0;-3.0;9.0
1919;9.046666666666667;9.0;12.0;-3.0;9.0
1929;9.143333333333333;9.0;12.0;-3.0;9.0
1939;9.136666666666667;9.0;12.0;-3.0;9.0
1949;9.113333333333333;9.0;12.0;-3.0;9.0
1959;9.1;9.0;12.0;-3.0;9.0
1969;9.153333333333334;9.0;12.0;-3.0;9.0
1979;9.093333333333334;9.0;12.0;-3.0;9.0
1989;9.06;9.0;12.0;-3.0;9.0
1999;9.083333333333334;9.0;12.0;-3.0;9.0
2009;9.103333333333333;9.0;12.0;-3.0;9.0
2019;9.086666666666666;9.0;12.0;-3.0;9.0
2029;9.083333333333334;9.0;12.0;-3.0;9.0
2039;9.113333333333333;9.0;12.0;-3.0;9.0
2049;9.133333333333333;9.0;12.0;-3.0;9.0
2059;9.13;9.0;12.0;-3.0;9.0
2069;9.16;9.0;12.0;-3.0;9.0
2079;9.17;9.0;12.0;-3.0;9.0
2089;9.076666666666666;9.0;12.0;-3.0;9.0
2099;9.06;9.0;12.0;-3.0;9.0
2109;9.123333333333333;9.0;12.0;-3.0;9.0
2119;9.103333333333333;9.0;12.0;-3.0;9.0
2129;9.136666666666667;9.0;12.0;-3.0;9.0
2139;9.166666666666666;9.0;12.0;-3.0;9.0
2149;9.143333333333333;9.0;12.0;-3.0;9.0
2159;9.106666666666667;9.0;12.0;-3.0;9.0
2169;9.036666666666667;9.0;12.0;-3.0;9.0
2179;9.076666666666666;9.0;12.0;-3.0;9.0
2189;9.07;9.0;12.0;-3.0;9.0
2199;9.17;9.0;12.0;-3.0;9.0
2209;9.156666666666666;9.0;12.0;-3.0;9.0
2219;9.156666666666666;9.0;12.0;-3.0;9.0
2229;9.056666666666667;9.0;12.0;-3.0;9.0
2239;9.14;9.0;12.0;-3.0;9.0
2249;9.143333333333333;9.0;12.0;-3.0;9.0
2259;9.12;9.0;12.0;-3.0;9.0
2269;9.113333333333333;9.0;12.0;-3.0;9.0
2279;9.063333333333333;9.0;12.0;-3.0;9.0
2289;9.093333333333334;9.0;12.0;-3.0;9.0
2299;9.116666666666667;9.0;12.0;-3.0;9.0
2309;9.12;9.0;12.0;-3.0;9.0
2319;9.1;9.0;12.0;-3.0;9.0
2329;9.12;9.0;12.0;-3.0;9.0
2339;9.1;9.0;12.0;-3.0;9.0
2349;9.083333333333334;9.0;12.0;-3.0;9.0
2359;9.153333333333334;9.0;12.0;-3.0;9.0
2369;9.106666666666667;9.0;12.0;-3.0;9.0
2379;9.1;9.0;12.0;-3.0;9.0
2389;9.173333333333334;9.0;12.0;-3.0;9.0
2399;9.083333333333334;9.0;12.0;-3.0;9.0
2409;9.066666666666666;9.0;12.0;-3.0;9.0
2419;9.11;9.0;12.0;-3.0;9.0
2429;9.186666666666667;9.0;12.0;-3.0;9.0
2439;9.133333333333333;9.0;12.0;-3.0;9.0
2449;9.096666666666666;9.0;12.0;-3.0;9.0
2459;9.106666666666667;9.0;12.0;-3.0;9.0
2469;9.12;9.0;12.0;-3.0;9.0
2479;9.083333333333334;9.0;12.0;-3.0;9.0
2489;9.13;9.0;12.0;-3.0;9.0
2499;9.156666666666666;9.0;12.0;-3.0;9.0
2509;9.156666666666666;9.0;12.0;-3.0;9.0
2519;9.13;9.0;12.0;-3.0;9.0
2529;9.086666666666666;9.0;12.0;-3.0;9.0
2539;9.13;9.0;12.0;-3.0;9.0
2549;9.153333333333334;9.0;12.0;-3.0;9.0
2559;9.07;9.0;12.0;-3.0;9.0
2569;9.146666666666667;9.0;12.0;-3.0;9.0
2579;9.04;9.0;12.0;-3.0;9.0
2589;9.113333333333333;9.0;12.0;-3.0;9.0
2599;9.086666666666666;9.0;12.0;-3.0;9.0
2609;9.133333333333333;9.0;12.0;-3.0;9.0
2619;9.136666666666667;9.0;12.0;-3.0;9.0
2629;9.12;9.0;12.0;-3.0;9.0
2639;9.053333333333333;9.0;12.0;-3.0;9.0
2649;9.106666666666667;9.0;12.0;-3.0;9.0
2659;9.14;9.0;12.0;-3.0;9.0
2669;9.143333333333333;9.0;12.0;-3.0;9.0
2679;9.07;9.0;12.0;-3.0;9.0
2689;9.1;9.0;12.0;-3.0;9.0
2699;9.123333333333333;9.0;12.0;-3.0;9.0
2709;9.156666666666666;9.0;12.0;-3.0;9.0
2719;9.14;9.0;12.0;-3.0;9.0
2729;9.146666666666667;9.0;12.0;-3.0;9.0
2739;9.11;9.0;12.0;-3.0;9.0
2749;9.07;9.0;12.0;-3.0;9.0
2759;9.1;9.0;12.0;-3.0;9.0
2769;9.083333333333334;9.0;12.0;-3.0;9.0
2779;9.153333333333334;9.0;12.0;-3.0;9.0
2789;9.12;9.0;12.0;-3.0;9.0
2799;9.123333333333333;9.0;12.0;-3.0;9.0
2809;9.13;9.0;12.0;-3.0;9.0
2819;9.166666666666666;9.0;12.0;-3.0;9.0
2829;9.12;9.0;12.0;-3.0;9.0
2839;9.063333333333333;9.0;12.0;-3.0;9.0
2849;9.18;9.0;12.0;-3.0;9.0
2859;9.106666666666667;9.0;12.0;-3.0;9.0
2869;9.103333333333333;9.0;12.0;-3.0;9.0
2879;9.123333333333333;9.0;12.0;-3.0;9.0
2889;9.113333333333333;9.0;12.0;-3.0;9.0
2899;9.14;9.0;12.0;-3.0;9.0
2909;9.11;9.0;12.0;-3.0;9.0
2919;9.096666666666666;9.0;12.0;-3.0;9.0
2929;9.126666666666667;9.0;12.0;-3.0;9.0
2939;9.103333333333333;9.0;12.0;-3.0;9.0
2949;9.08;9.0;12.0;-3.0;9.0
2959;9.096666666666666;9.0;12.0;-3.0;9.0
2969;9.106666666666667;9.0;12.0;-3.0;9.0
2979;9.143333333333333;9.0;12.0;-3.0;9.0
2989;9.116666666666667;9.0;12.0;-3.0;9.0
2999;9.116666666666667;9.0;12.0;-3.0;9.0
3009;9.086666666666666;9.0;12.0;-3.0;9.0
3019;9.11;9.0;12.0;-3.0;9.0
3029;9.126666666666667;9.0;12.0;-3.0;9.0
3039;9.16;9.0;12.0;-3.0;9.0
3049;9.046666666666667;9.0;12.0;-3.0;9.0
3059;9.153333333333334;9.0;12.0;-3.0;9.0
3069;9.103333333333333;9.0;12.0;-3.0;9.0
3079;9.1;9.0;12.0;-3.0;9.0
3089;9.146666666666667;9.0;12.0;-3.0;9.0
3099;9.14;9.0;12.0;-3.0;9.0
3109;9.08;9.0;12.0;-3.0;9.0
3119;9.046666666666667;9.0;12.0;-3.0;9.0
3129;9.136666666666667;9.0;12.0;-3.0;9.0
3139;9.103333333333333;9.0;12.0;-3.0;9.0
3149;9.146666666666667;9.0;12.0;-3.0;9.0
3159;9.123333333333333;9.0;12.0;-3.0;9.0
3169;9.136666666666667;9.0;12.0;-3.0;9.0
3179;9.076666666666666;9.0;12.0;-3.0;9.0
3189;9.13;9.0;12.0;-3.0;9.0
3199;9.11;9.0;12.0;-3.0;9.0
3209;9.113333333333333;9.0;12.0;-3.0;9.0
3219;9.12;9.0;12.0;-3.0;9.0
3229;9.116666666666667;9.0;12.0;-3.0;9.0
3239;9.07;9.0;12.0;-3.0;9.0
3249;9.13;9.0;12.0;-3.0;9.0
3259;9.11;9.0;12.0;-3.0;9.0
3269;9.116666666666667;9.0;12.0;-3.0;9.0
3279;9.123333333333333;9.0;12.0;-3.0;9.0
3289;9.113333333333333;9.0;12.0;-3.0;9.0
3299;9.096666666666666;9.0;12.0;-3.0;9.0
3309;9.13;9.0;12.0;-3.0;9.0
3319;9.11;9.0;12.0;-3.0;9.0
3329;9.056666666666667;9.0;12.0;-3.0;9.0
3339;9.143333333333333;9.0;12.0;-3.0;9.0
3349;9.056666666666667;9.0;12.0;-3.0;9.0
3359;9.063333333333333;9.0;12.0;-3.0;9.0
3369;9.093333333333334;9.0;12.0;-3.0;9.0
3379;9.1;9.0;12.0;-3.0;9.0
3389;9.136666666666667;9.0;12.0;-3.0;9.0
3399;9.123333333333333;9.0;12.0;-3.0;9.0
3409;9.113333333333333;9.0;12.0;-3.0;9.0
3419;9.133333333333333;9.0;12.0;-3.0;9.0
3429;9.046666666666667;9.0;12.0;-3.0;9.0
3439;9.1;9.0;12.0;-3.0;9.0
3449;9.136666666666667;9.0;12.0;-3.0;9.0
3459;9.2;9.0;12.0;-3.0;9.0
3469;9.093333333333334;9.0;12.0;-3.0;9.0
3479;9.14;9.0;12.0;-3.0;9.0
3489;9.14;9.0;12.0;-3.0;9.0
3499;9.11;9.0;12.0;-3.0;9.0
3509;9.14;9.0;12.0;-3.0;9.0
3519;9.106666666666667;9.0;12.0;-3.0;9.0
3529;9.1;9.0;12.0;-3.0;9.0
3539;9.11;9.0;12.0;-3.0;9.0
3549;9.103333333333333;9.0;12.0;-3.0;9.0
3559;9.173333333333334;9.0;12.0;-3.0;9.0
3569;9.14;9.0;12.0;-3.0;9.0
3579;9.166666666666666;9.0;12.0;-3.0;9.0
3589;9.116666666666667;9.0;12.0;-3.0;9.0
3599;9.103333333333333;9.0;12.0;-3.0;9.0
3609;9.133333333333333;9.0;12.0;-3.0;9.0
3619;9.116666666666667;9.0;12.0;-3.0;9.0
3629;9.153333333333334;9.0;12.0;-3.0;9.0
3639;9.103333333333333;9.0;12.0;-3.0;9.0
3649;9.076666666666666;9.0;12.0;-3.0;9.0
3659;9.123333333333333;9.0;12.0;-3.0;9.0
3669;9.066666666666666;9.0;12.0;-3.0;9.0
3679;9.096666666666666;9.0;12.0;-3.0;9.0
3689;9.153333333333334;9.0;12.0;-3.0;9.0
3699;9.086666666666666;9.0;12.0;-3.0;9.0
3709;9.066666666666666;9.0;12.0;-3.0;9.0
3719;9.153333333333334;9.0;12.0;-3.0;9.0
3729;9.14;9.0;12.0;-3.0;9.0
3739;9.1;9.0;12.0;-3.0;9.0
3749;9.113333333333333;9.0;12.0;-3.0;9.0
3759;9.133333333333333;9.0;12.0;-3.0;9.0
3769;9.116666666666667;9.0;12.0;-3.0;9.0
3779;9.096666666666666;9.0;12.0;-3.0;9.0
3789;9.126666666666667;9.0;12.0;-3.0;9.0
3799;9.09;9.0;12.0;-3.0;9.0
3809;9.133333333333333;9.0;12.0;-3.0;9.0
3819;9.1;9.0;12.0;-3.0;9.0
3829;9.116666666666667;9.0;12.0;-3.0;9.0
3839;9.17;9.0;12.0;-3.0;9.0
3849;9.063333333333333;9.0;12.0;-3.0;9.0
3859;9.12;9.0;12.0;-3.0;9.0
3869;9.18;9.0;12.0;-3.0;9.0
3879;9.133333333333333;9.0;12.0;-3.0;9.0
3889;9.143333333333333;9.0;12.0;-3.0;9.0
3899;9.106666666666667;9.0;12.0;-3.0;9.0
3909;9.12;9.0;12.0;-3.0;9.0
3919;9.086666666666666;9.0;12.0;-3.0;9.0
3929;9.153333333333334;9.0;12.0;-3.0;9.0
3939;9.143333333333333;9.0;12.0;-3.0;9.0
3949;9.093333333333334;9.0;12.0;-3.0;9.0
3959;9.126666666666667;9.0;12.0;-3.0;9.0
3969;9.14;9.0;12.0;-3.0;9.0
3979;9.173333333333334;9.0;12.0;-3.0;9.0
3989;9.09;9.0;12.0;-3.0;9.0
3999;9.123333333333333;9.0;12.0;-3.0;9.0
4009;9.203333333333333;9.0;12.0;-3.0;9.0
4019;9.08;9.0;12.0;-3.0;9.0
4029;9.163333333333334;9.0;12.0;-3.0;9.0
4039;9.14;9.0;12.0;-3.0;9.0
4049;9.09;9.0;12.0;-3.0;9.0
4059;9.086666666666666;9.0;12.0;-3.0;9.0
4069;9.076666666666666;9.0;12.0;-3.0;9.0
4079;9.116666666666667;9.0;12.0;-3.0;9.0
4089;9.093333333333334;9.0;12.0;-3.0;9.0
4099;9.133333333333333;9.0;12.0;-3.0;9.0
4109;9.143333333333333;9.0;12.0;-3.0;9.0
4119;9.11;9.0;12.0;-3.0;9.0
4129;9.05;9.0;12.0;-3.0;9.0
4139;9.153333333333334;9.0;12.0;-3.0;9.0
4149;9.126666666666667;9.0;12.0;-3.0;9.0
4159;9.07;9.0;12.0;-3.0;9.0
4169;9.1;9.0;12.0;-3.0;9.0
4179;9.183333333333334;9.0;12.0;-3.0;9.0
4189;9.146666666666667;9.0;12.0;-3.0;9.0
4199;9.14;9.0;12.0;-3.0;9.0
4209;9.183333333333334;9.0;12.0;-3.0;9.0
4219;9.103333333333333;9.0;12.0;-3.0;9.0
4229;9.093333333333334;9.0;12.0;-3.0;9.0
4239;9.136666666666667;9.0;12.0;-3.0;9.0
4249;9.08;9.0;12.0;-3.0;9.0
4259;9.146666666666667;9.0;12.0;-3.0;9.0
4269;9.09;9.0;12.0;-3.0;9.0
4279;9.17;9.0;12.0;-3.0;9.0
4289;9.106666666666667;9.0;12.0;-3.0;9.0
4299;9.186666666666667;9.0;12.0;-3.0;9.0
4309;9.146666666666667;9.0;12.0;-3.0;9.0
4319;9.096666666666666;9.0;12.0;-3.0;9.0
4329;9.173333333333334;9.0;12.0;-3.0;9.0
4339;9.136666666666667;9.0;12.0;-3.0;9.0
4349;9.116666666666667;9.0;12.0;-3.0;9.0
4359;9.156666666666666;9.0;12.0;-3.0;9.0
4369;9.123333333333333;9.0;12.0;-3.0;9.0
4379;9.083333333333334;9.0;12.0;-3.0;9.0
4389;9.126666666666667;9.0;12.0;-3.0;9.0
4399;9.16;9.0;12.0;-3.0;9.0
4409;9.12;9.0;12.0;-3.0;9.0
4419;9.106666666666667;9.0;12.0;-3.0;9.0
4429;9.126666666666667;9.0;12.0;-3.0;9.0
4439;9.106666666666667;9.0;12.0;-3.0;9.0
4449;9.146666666666667;9.0;12.0;-3.0;9.0
4459;9.073333333333334;9.0;12.0;-3.0;9.0
4469;9.093333333333334;9.0;12.0;-3.0;9.0
4479;9.086666666666666;9.0;12.0;-3.0;9.0
4489;9.103333333333333;9.0;12.0;-3.0;9.0
4499;9.096666666666666;9.0;12.0;-3.0;9.0
4509;9.113333333333333;9.0;12.0;-3.0;9.0
4519;9.11;9.0;12.0;-3.0;9.0
4529;9.19;9.0;12.0;-3.0;9.0
4539;9.16;9.0;12.0;-3.0;9.0
4549;9.11;9.0;12.0;-3.0;9.0
4559;9.12;9.0;12.0;-3.0;9.0
4569;9.1;9.0;12.0;-3.0;9.0
4579;9.15;9.0;12.0;-3.0;9.0
4589;9.083333333333334;9.0;12.0;-3.0;9.0
4599;9.106666666666667;9.0;12.0;-3.0;9.0
4609;9.08;9.0;12.0;-3.0;9.0
4619;9.07;9.0;12.0;-3.0;9.0
4629;9.13;9.0;12.0;-3.0;9.0
4639;9.116666666666667;9.0;12.0;-3.0;9.0
4649;9.086666666666666;9.0;12.0;-3.0;9.0
4659;9.086666666666666;9.0;12.0;-3.0;9.0
4669;9.116666666666667;9.0;12.0;-3.0;9.0
4679;9.083333333333334;9.0;12.0;-3.0;9.0
4689;9.146666666666667;9.0;12.0;-3.0;9.0
4699;9.086666666666666;9.0;12.0;-3.0;9.0
4709;9.113333333333333;9.0;12.0;-3.0;9.0
4719;9.136666666666667;9.0;12.0;-3.0;9.0
4729;9.153333333333334;9.0;12.0;-3.0;9.0
4739;9.12;9.0;12.0;-3.0;9.0
4749;9.11;9.0;12.0;-3.0;9.0
4759;9.11;9.0;12.0;-3.0;9.0
4769;9.086666666666666;9.0;12.0;-3.0;9.0
4779;9.09;9.0;12.0;-3.0;9.0
4789;9.113333333333333;9.0;12.0;-3.0;9.0
4799;9.066666666666666;9.0;12.0;-3.0;9.0
4809;9.113333333333333;9.0;12.0;-3.0;9.0
4819;9.156666666666666;9.0;12.0;-3.0;9.0
4829;9.076666666666666;9.0;12.0;-3.0;9.0
4839;9.043333333333333;9.0;12.0;-3.0;9.0
4849;9.103333333333333;9.0;12.0;-3.0;9.0
4859;9.173333333333334;9.0;12.0;-3.0;9.0
4869;9.133333333333333;9.0;12.0;-3.0;9.0
4879;9.106666666666667;9.0;12.0;-3.0;9.0
4889;9.09;9.0;12.0;-3.0;9.0
4899;9.076666666666666;9.0;12.0;-3.0;9.0
4909;9.143333333333333;9.0;12.0;-3.0;9.0
4919;9.126666666666667;9.0;12.0;-3.0;9.0
4929;9.12;9.0;12.0;-3.0;9.0
4939;9.176666666666666;9.0;12.0;-3.0;9.0
4949;9.143333333333333;9.0;12.0;-3.0;9.0
4959;9.1;9.0;12.0;-3.0;9.0
4969;9.09;9.0;12.0;-3.0;9.0
4979;9.123333333333333;9.0;12.0;-3.0;9.0
4989;9.13;9.0;12.0;-3.0;9.0
4999;9.133333333333333;9.0;12.0;-3.0;9.0
5009;9.076666666666666;9.0;12.0;-3.0;9.0
5019;9.106666666666667;9.0;12.0;-3.0;9.0
5029;9.17;9.0;12.0;-3.0;9.0
5039;9.15;9.0;12.0;-3.0;9.0
5049;9.126666666666667;9.0;12.0;-3.0;9.0
5059;9.076666666666666;9.0;12.0;-3.0;9.0
5069;9.113333333333333;9.0;12.0;-3.0;9.0
5079;9.103333333333333;9.0;12.0;-3.0;9.0
5089;9.113333333333333;9.0;12.0;-3.0;9.0
5099;9.116666666666667;9.0;12.0;-3.0;9.0
5109;9.133333333333333;9.0;12.0;-3.0;9.0
5119;9.13;9.0;12.0;-3.0;9.0
5129;9.056666666666667;9.0;12.0;-3.0;9.0
5139;9.1;9.0;12.0;-3.0;9.0
5149;9.123333333333333;9.0;12.0;-3.0;9.0
5159;9.1;9.0;12.0;-3.0;9.0
5169;9.133333333333333;9.0;12.0;-3.0;9.0
5179;9.153333333333334;9.0;12.0;-3.0;9.0
5189;9.146666666666667;9.0;12.0;-3.0;9.0
5199;9.113333333333333;9.0;12.0;-3.0;9.0
5209;9.176666666666666;9.0;12.0;-3.0;9.0
5219;9.086666666666666;9.0;12.0;-3.0;9.0
5229;9.113333333333333;9.0;12.0;-3.0;9.0
5239;9.096666666666666;9.0;12.0;-3.0;9.0
5249;9.083333333333334;9.0;12.0;-3.0;9.0
5259;9.13;9.0;12.0;-3.0;9.0
5269;9.106666666666667;9.0;12.0;-3.0;9.0
5279;9.123333333333333;9.0;12.0;-3.0;9.0
5289;9.056666666666667;9.0;12.0;-3.0;9.0
5299;9.113333333333333;9.0;12.0;-3.0;9.0
5309;9.08;9.0;12.0;-3.0;9.0
5319;9.116666666666667;9.0;12.0;-3.0;9.0
5329;9.106666666666667;9.0;12.0;-3.0;9.0
5339;9.153333333333334;9.0;12.0;-3.0;9.0
5349;9.126666666666667;9.0;12.0;-3.0;9.0
5359;9.103333333333333;9.0;12.0;-3.0;9.0
5369;9.193333333333333;9.0;12.0;-3.0;9.0
5379;9.08;9.0;12.0;-3.0;9.0
5389;9.08;9.0;12.0;-3.0;9.0
5399;9.113333333333333;9.0;12.0;-3.0;9.0
5409;9.126666666666667;9.0;12.0;-3.0;9.0
5419;9.086666666666666;9.0;12.0;-3.0;9.0
5429;9.073333333333334;9.0;12.0;-3.0;9.0
5439;9.093333333333334;9.0;12.0;-3.0;9.0
5449;9.106666666666667;9.0;12.0;-3.0;9.0
5459;9.103333333333333;9.0;12.0;-3.0;9.0
5469;9.103333333333333;9.0;12.0;-3.0;9.0
5479;9.086666666666666;9.0;12.0;-3.0;9.0
5489;9.09;9.0;12.0;-3.0;9.0
5499;9.1;9.0;12.0;-3.0;9.0
5509;9.106666666666667;9.0;12.0;-3.0;9.0
5519;9.13;9.0;12.0;-3.0;9.0
5529;9.12;9.0;12.0;-3.0;9.0
5539;9.106666666666667;9.0;12.0;-3.0;9.0
5549;9.153333333333334;9.0;12.0;-3.0;9.0
5559;9.076666666666666;9.0;12.0;-3.0;9.0
5569;9.14;9.0;12.0;-3.0;9.0
5579;9.12;9.0;12.0;-3.0;9.0
5589;9.156666666666666;9.0;12.0;-3.0;9.0
5599;9.04;9.0;11.0;-2.0;9.0
5609;9.12;9.0;12.0;-3.0;9.0
5619;9.19;9.0;12.0;-3.0;9.0
5629;9.143333333333333;9.0;12.0;-3.0;9.0
5639;9.136666666666667;9.0;12.0;-3.0;9.0
5649;9.113333333333333;9.0;12.0;-3.0;9.0
5659;9.08;9.0;12.0;-3.0;9.0
5669;9.063333333333333;9.0;12.0;-3.0;9.0
5679;9.116666666666667;9.0;12.0;-3.0;9.0
5689;9.133333333333333;9.0;12.0;-3.0;9.0
5699;9.086666666666666;9.0;12.0;-3.0;9.0
5709;9.076666666666666;9.0;12.0;-3.0;9.0
5719;9.143333333333333;9.0;12.0;-3.0;9.0
5729;9.14;9.0;12.0;-3.0;9.0
5739;9.163333333333334;9.0;12.0;-3.0;9.0
5749;9.14;9.0;12.0;-3.0;9.0
5759;9.09;9.0;12.0;-3.0;9.0
5769;9.066666666666666;9.0;12.0;-3.0;9.0
5779;9.17;9.0;12.0;-3.0;9.0
5789;9.09;9.0;12.0;-3.0;9.0
5799;9.156666666666666;9.0;12.0;-3.0;9.0
5809;9.146666666666667;9.0;12.0;-3.0;9.0
5819;9.106666666666667;9.0;12.0;-3.0;9.0
5829;9.17;9.0;12.0;-3.0;9.0
5839;9.136666666666667;9.0;12.0;-3.0;9.0
5849;9.15;9.0;12.0;-3.0;9.0
5859;9.143333333333333;9.0;12.0;-3.0;9.0
5869;9.14;9.0;12.0;-3.0;9.0
5879;9.09;9.0;12.0;-3.0;9.0
5889;9.03;9.0;12.0;-3.0;9.0
5899;9.12;9.0;12.0;-3.0;9.0
5909;9.11;9.0;12.0;-3.0;9.0
5919;9.103333333333333;9.0;12.0;-3.0;9.0
5929;9.12;9.0;12.0;-3.0;9.0
5939;9.113333333333333;9.0;12.0;-3.0;9.0
5949;9.18;9.0;12.0;-3.0;9.0
5959;9.12;9.0;12.0;-3.0;9.0
5969;9.123333333333333;9.0;12.0;-3.0;9.0
5979;9.07;9.0;12.0;-3.0;9.0
5989;9.163333333333334;9.0;12.0;-3.0;9.0
5999;9.16;9.0;12.0;-3.0;9.0
6009;9.13;9.0;12.0;-3.0;9.0
6019;9.103333333333333;9.0;12.0;-3.0;9.0
6029;9.073333333333334;9.0;12.0;-3.0;9.0
6039;9.163333333333334;9.0;12.0;-3.0;9.0
6049;9.173333333333334;9.0;12.0;-3.0;9.0
6059;9.09;9.0;12.0;-3.0;9.0
6069;9.09;9.0;12.0;-3.0;9.0
6079;9.116666666666667;9.0;12.0;-3.0;9.0
6089;9.176666666666666;9.0;12.0;-3.0;9.0
6099;9.146666666666667;9.0;12.0;-3.0;9.0
6109;9.19;9.0;12.0;-3.0;9.0
6119;9.146666666666667;9.0;12.0;-3.0;9.0
6129;9.09;9.0;12.0;-3.0;9.0
6139;9.14;9.0;12.0;-3.0;9.0
6149;9.083333333333334;9.0;12.0;-3.0;9.0
6159;9.163333333333334;9.0;12.0;-3.0;9.0
6169;9.146666666666667;9.0;12.0;-3.0;9.0
6179;9.133333333333333;9.0;12.0;-3.0;9.0
6189;9.11;9.0;12.0;-3.0;9.0
6199;9.106666666666667;9.0;12.0;-3.0;9.0
6209;9.16;9.0;12.0;-3.0;9.0
6219;9.126666666666667;9.0;12.0;-3.0;9.0
6229;9.066666666666666;9.0;12.0;-3.0;9.0
6239;9.106666666666667;9.0;12.0;-3.0;9.0
6249;9.15;9.0;12.0;-3.0;9.0
6259;9.12;9.0;12.0;-3.0;9.0
6269;9.116666666666667;9.0;12.0;-3.0;9.0
6279;9.16;9.0;12.0;-3.0;9.0
6289;9.09;9.0;12.0;-3.0;9.0
6299;9.116666666666667;9.0;12.0;-3.0;9.0
6309;9.106666666666667;9.0;12.0;-3.0;9.0
6319;9.133333333333333;9.0;12.0;-3.0;9.0
6329;9.1;9.0;12.0;-3.0;9.0
6339;9.1;9.0;12.0;-3.0;9.0
6349;9.166666666666666;9.0;12.0;-3.0;9.0
6359;9.113333333333333;9.0;12.0;-3.0;9.0
6369;9.146666666666667;9.0;12.0;-3.0;9.0
6379;9.106666666666667;9.0;12.0;-3.0;9.0
6389;9.1;9.0;12.0;-3.0;9.0
6399;9.096666666666666;9.0;12.0;-3.0;9.0
6409;9.133333333333333;9.0;12.0;-3.0;9.0
6419;9.103333333333333;9.0;12.0;-3.0;9.0
6429;9.116666666666667;9.0;12.0;-3.0;9.0
6439;9.146666666666667;9.0;12.0;-3.0;9.0
6449;9.12;9.0;12.0;-3.0;9.0
6459;9.103333333333333;9.0;12.0;-3.0;9.0
6469;9.086666666666666;9.0;12.0;-3.0;9.0
6479;9.1;9.0;12.0;-3.0;9.0
6489;9.116666666666667;9.0;12.0;-3.0;9.0
6499;9.103333333333333;9.0;12.0;-3.0;9.0
6509;9.183333333333334;9.0;12.0;-3.0;9.0
6519;9.08;9.0;12.0;-3.0;9.0
6529;9.096666666666666;9.0;12.0;-3.0;9.0
6539;9.113333333333333;9.0;12.0;-3.0;9.0
6549;9.153333333333334;9.0;12.0;-3.0;9.0
6559;9.106666666666667;9.0;12.0;-3.0;9.0
6569;9.156666666666666;9.0;12.0;-3.0;9.0
6579;9.14;9.0;12.0;-3.0;9.0
6589;9.11;9.0;12.0;-3.0;9.0
6599;9.11;9.0;12.0;-3.0;9.0
6609;9.173333333333334;9.0;12.0;-3.0;9.0
6619;9.13;9.0;12.0;-3.0;9.0
6629;9.196666666666667;9.0;12.0;-3.0;9.0
6639;9.143333333333333;9.0;12.0;-3.0;9.0
6649;9.14;9.0;12.0;-3.0;9.0
6659;9.11;9.0;12.0;-3.0;9.0
6669;9.14;9.0;12.0;-3.0;9.0
6679;9.1;9.0;12.0;-3.0;9.0
6689;9.09;9.0;12.0;-3.0;9.0
6699;9.136666666666667;9.0;12.0;-3.0;9.0
6709;9.126666666666667;9.0;12.0;-3.0;9.0
6719;9.156666666666666;9.0;12.0;-3.0;9.0
6729;9.09;9.0;12.0;-3.0;9.0
6739;9.123333333333333;9.0;12.0;-3.0;9.0
6749;9.14;9.0;12.0;-3.0;9.0
6759;9.146666666666667;9.0;12.0;-3.0;9.0
6769;9.116666666666667;9.0;12.0;-3.0;9.0
6779;9.16;9.0;12.0;-3.0;9.0
6789;9.106666666666667;9.0;12.0;-3.0;9.0
6799;9.123333333333333;9.0;12.0;-3.0;9.0
6809;9.103333333333333;9.0;12.0;-3.0;9.0
6819;9.13;9.0;12.0;-3.0;9.0
6829;9.14;9.0;12.0;-3.0;9.0
6839;9.09;9.0;12.0;-3.0;9.0
6849;9.06;9.0;12.0;-3.0;9.0
6859;9.05;9.0;12.0;-3.0;9.0
6869;9.09;9.0;12.0;-3.0;9.0
6879;9.076666666666666;9.0;12.0;-3.0;9.0
6889;9.103333333333333;9.0;12.0;-3.0;9.0
6899;9.116666666666667;9.0;12.0;-3.0;9.0
6909;9.133333333333333;9.0;12.0;-3.0;9.0
6919;9.083333333333334;9.0;12.0;-3.0;9.0
6929;9.13;9.0;12.0;-3.0;9.0
6939;9.113333333333333;9.0;12.0;-3.0;9.0
6949;9.073333333333334;9.0;12.0;-3.0;9.0
6959;9.076666666666666;9.0;12.0;-3.0;9.0
6969;9.096666666666666;9.0;12.0;-3.0;9.0
6979;9.076666666666666;9.0;12.0;-3.0;9.0
6989;9.176666666666666;9.0;12.0;-3.0;9.0
6999;9.153333333333334;9.0;12.0;-3.0;9.0
7009;9.133333333333333;9.0;12.0;-3.0;9.0
7019;9.07;9.0;12.0;-3.0;9.0
7029;9.053333333333333;9.0;12.0;-3.0;9.0
7039;9.146666666666667;9.0;12.0;-3.0;9.0
7049;9.036666666666667;9.0;12.0;-3.0;9.0
7059;9.123333333333333;9.0;12.0;-3.0;9.0
7069;9.133333333333333;9.0;12.0;-3.0;9.0
7079;9.12;9.0;12.0;-3.0;9.0
7089;9.106666666666667;9.0;12.0;-3.0;9.0
7099;9.103333333333333;9.0;12.0;-3.0;9.0
7109;9.06;9.0;12.0;-3.0;9.0
7119;9.156666666666666;9.0;12.0;-3.0;9.0
7129;9.09;9.0;12.0;-3.0;9.0
7139;9.11;9.0;12.0;-3.0;9.0
7149;9.16;9.0;12.0;-3.0;9.0
7159;9.083333333333334;9.0;12.0;-3.0;9.0
7169;9.13;9.0;12.0;-3.0;9.0
7179;9.136666666666667;9.0;12.0;-3.0;9.0
7189;9.12;9.0;12.0;-3.0;9.0
7199;9.12;9.0;12.0;-3.0;9.0
7209;9.113333333333333;9.0;12.0;-3.0;9.0
7219;9.066666666666666;9.0;12.0;-3.0;9.0
7229;9.07;9.0;12.0;-3.0;9.0
7239;9.066666666666666;9.0;12.0;-3.0;9.0
7249;9.093333333333334;9.0;12.0;-3.0;9.0
7259;9.12;9.0;12.0;-3.0;9.0
7269;9.106666666666667;9.0;12.0;-3.0;9.0
7279;9.076666666666666;9.0;12.0;-3.0;9.0
7289;9.126666666666667;9.0;12.0;-3.0;9.0
7299;9.183333333333334;9.0;12.0;-3.0;9.0
7309;9.15;9.0;12.0;-3.0;9.0
7319;9.113333333333333;9.0;12.0;-3.0;9.0
7329;9.116666666666667;9.0;12.0;-3.0;9.0
7339;9.063333333333333;9.0;12.0;-3.0;9.0
7349;9.126666666666667;9.0;12.0;-3.0;9.0
7359;9.1;9.0;12.0;-3.0;9.0
7369;9.17;9.0;12.0;-3.0;9.0
7379;9.09;9.0;12.0;-3.0;9.0
7389;9.203333333333333;9.0;12.0;-3.0;9.0
7399;9.06;9.0;12.0;-3.0;9.0
7409;9.106666666666667;9.0;12.0;-3.0;9.0
7419;9.096666666666666;9.0;12.0;-3.0;9.0
7429;9.086666666666666;9.0;12.0;-3.0;9.0
7439;9.066666666666666;9.0;12.0;-3.0;9.0
7449;9.033333333333333;9.0;12.0;-3.0;9.0
7459;9.146666666666667;9.0;12.0;-3.0;9.0
7469;9.156666666666666;9.0;12.0;-3.0;9.0
7479;9.106666666666667;9.0;12.0;-3.0;9.0
7489;9.093333333333334;9.0;12.0;-3.0;9.0
7499;9.096666666666666;9.0;12.0;-3.0;9.0
7509;9.14;9.0;12.0;-3.0;9.0
7519;9.096666666666666;9.0;12.0;-3.0;9.0
7529;9.103333333333333;9.0;12.0;-3.0;9.0
7539;9.11;9.0;12.0;-3.0;9.0
7549;9.123333333333333;9.0;12.0;-3.0;9.0
7559;9.15;9.0;12.0;-3.0;9.0
7569;9.123333333333333;9.0;12.0;-3.0;9.0
7579;9.11;9.0;12.0;-3.0;9.0
7589;9.13;9.0;12.0;-3.0;9.0
7599;9.153333333333334;9.0;12.0;-3.0;9.0
7609;9.133333333333333;9.0;12.0;-3.0;9.0
7619;9.096666666666666;9.0;12.0;-3.0;9.0
7629;9.1;9.0;12.0;-3.0;9.0
7639;9.083333333333334;9.0;12.0;-3.0;9.0
7649;9.11;9.0;12.0;-3.0;9.0
7659;9.03;9.0;12.0;-3.0;9.0
7669;9.186666666666667;9.0;12.0;-3.0;9.0
7679;9.193333333333333;9.0;12.0;-3.0;9.0
7689;9.08;9.0;12.0;-3.0;9.0
7699;9.166666666666666;9.0;12.0;-3.0;9.0
7709;9.16;9.0;12.0;-3.0;9.0
7719;9.076666666666666;9.0;12.0;-3.0;9.0
7729;9.116666666666667;9.0;12.0;-3.0;9.0
7739;9.12;9.0;12.0;-3.0;9.0
7749;9.166666666666666;9.0;12.0;-3.0;9.0
7759;9.136666666666667;9.0;12.0;-3.0;9.0
7769;9.143333333333333;9.0;12.0;-3.0;9.0
7779;9.136666666666667;9.0;12.0;-3.0;9.0
7789;9.046666666666667;9.0;12.0;-3.0;9.0
7799;9.12;9.0;12.0;-3.0;9.0
7809;9.103333333333333;9.0;12.0;-3.0;9.0
7819;9.11;9.0;12.0;-3.0;9.0
7829;9.193333333333333;9.0;12.0;-3.0;9.0
7839;9.083333333333334;9.0;12.0;-3.0;9.0
7849;9.153333333333334;9.0;12.0;-3.0;9.0
7859;9.156666666666666;9.0;12.0;-3.0;9.0
7869;9.153333333333334;9.0;12.0;-3.0;9.0
7879;9.093333333333334;9.0;12.0;-3.0;9.0
7889;9.15;9.0;12.0;-3.0;9.0
7899;9.116666666666667;9.0;12.0;-3.0;9.0
7909;9.036666666666667;9.0;12.0;-3.0;9.0
7919;9.073333333333334;9.0;12.0;-3.0;9.0
7929;9.203333333333333;9.0;12.0;-3.0;9.0
7939;9.186666666666667;9.0;12.0;-3.0;9.0
7949;9.213333333333333;9.0;12.0;-3.0;9.0
7959;9.13;9.0;12.0;-3.0;9.0
7969;9.096666666666666;9.0;12.0;-3.0;9.0
7979;9.13;9.0;12.0;-3.0;9.0
7989;9.076666666666666;9.0;12.0;-3.0;9.0
7999;9.186666666666667;9.0;12.0;-3.0;9.0
8009;9.14;9.0;12.0;-3.0;9.0
8019;9.12;9.0;12.0;-3.0;9.0
8029;9.133333333333333;9.0;12.0;-3.0;9.0
8039;9.096666666666666;9.0;12.0;-3.0;9.0
8049;9.126666666666667;9.0;12.0;-3.0;9.0
8059;9.13;9.0;12.0;-3.0;9.0
8069;9.076666666666666;9.0;12.0;-3.0;9.0
8079;9.133333333333333;9.0;12.0;-3.0;9.0
8089;9.1;9.0;12.0;-3.0;9.0
8099;9.113333333333333;9.0;12.0;-3.0;9.0
8109;9.136666666666667;9.0;12.0;-3.0;9.0
8119;9.166666666666666;9.0;12.0;-3.0;9.0
8129;9.153333333333334;9.0;12.0;-3.0;9.0
8139;9.16;9.0;12.0;-3.0;9.0
8149;9.126666666666667;9.0;12.0;-3.0;9.0
8159;9.113333333333333;9.0;12.0;-3.0;9.0
8169;9.16;9.0;12.0;-3.0;9.0
8179;9.076666666666666;9.0;12.0;-3.0;9.0
8189;9.093333333333334;9.0;12.0;-3.0;9.0
8199;9.126666666666667;9.0;12.0;-3.0;9.0
8209;9.14;9.0;12.0;-3.0;9.0
8219;9.126666666666667;9.0;12.0;-3.0;9.0
8229;9.136666666666667;9.0;12.0;-3.0;9.0
8239;9.193333333333333;9.0;12.0;-3.0;9.0
8249;9.07;9.0;12.0;-3.0;9.0
8259;9.123333333333333;9.0;12.0;-3.0;9.0
8269;9.076666666666666;9.0;12.0;-3.0;9.0
8279;9.12;9.0;12.0;-3.0;9.0
8289;9.143333333333333;9.0;12.0;-3.0;9.0
8299;9.06;9.0;12.0;-3.0;9.0
8309;9.14;9.0;12.0;-3.0;9.0
8319;9.136666666666667;9.0;12.0;-3.0;9.0
8329;9.146666666666667;9.0;12.0;-3.0;9.0
8339;9.1;9.0;12.0;-3.0;9.0
8349;9.11;9.0;12.0;-3.0;9.0
8359;9.126666666666667;9.0;12.0;-3.0;9.0
8369;9.093333333333334;9.0;12.0;-3.0;9.0
8379;9.096666666666666;9.0;12.0;-3.0;9.0
8389;9.08;9.0;12.0;-3.0;9.0
8399;9.163333333333334;9.0;12.0;-3.0;9.0
8409;9.12;9.0;12.0;-3.0;9.0
8419;9.113333333333333;9.0;12.0;-3.0;9.0
8429;9.14;9.0;12.0;-3.0;9.0
8439;9.13;9.0;12.0;-3.0;9.0
8449;9.13;9.0;12.0;-3.0;9.0
8459;9.103333333333333;9.0;12.0;-3.0;9.0
8469;9.17;9.0;12.0;-3.0;9.0
8479;9.083333333333334;9.0;12.0;-3.0;9.0
8489;9.166666666666666;9.0;12.0;-3.0;9.0
8499;9.07;9.0;12.0;-3.0;9.0
8509;9.063333333333333;9.0;12.0;-3.0;9.0
8519;9.083333333333334;9.0;12.0;-3.0;9.0
8529;9.103333333333333;9.0;12.0;-3.0;9.0
8539;9.136666666666667;9.0;12.0;-3.0;9.0
8549;9.123333333333333;9.0;12.0;-3.0;9.0
8559;9.13;9.0;12.0;-3.0;9.0
8569;9.113333333333333;9.0;12.0;-3.0;9.0
8579;9.116666666666667;9.0;12.0;-3.0;9.0
8589;9.14;9.0;12.0;-3.0;9.0
8599;9.06;9.0;12.0;-3.0;9.0
8609;9.13;9.0;12.0;-3.0;9.0
8619;9.093333333333334;9.0;12.0;-3.0;9.0
8629;9.113333333333333;9.0;12.0;-3.0;9.0
8639;9.13;9.0;12.0;-3.0;9.0
8649;9.11;9.0;12.0;-3.0;9.0
8659;9.13;9.0;12.0;-3.0;9.0
8669;9.166666666666666;9.0;12.0;-3.0;9.0
8679;9.123333333333333;9.0;12.0;-3.0;9.0
8689;9.076666666666666;9.0;12.0;-3.0;9.0
8699;9.12;9.0;12.0;-3.0;9.0
8709;9.123333333333333;9.0;12.0;-3.0;9.0
8719;9.096666666666666;9.0;12.0;-3.0;9.0
8729;9.086666666666666;9.0;12.0;-3.0;9.0
8739;9.126666666666667;9.0;12.0;-3.0;9.0
8749;9.086666666666666;9.0;12.0;-3.0;9.0
8759;9.17;9.0;12.0;-3.0;9.0
8769;9.153333333333334;9.0;12.0;-3.0;9.0
8779;9.08;9.0;12.0;-3.0;9.0
8789;9.1;9.0;12.0;-3.0;9.0
8799;9.11;9.0;12.0;-3.0;9.0
8809;9.096666666666666;9.0;12.0;-3.0;9.0
8819;9.143333333333333;9.0;12.0;-3.0;9.0
8829;9.07;9.0;12.0;-3.0;9.0
8839;9.146666666666667;9.0;12.0;-3.0;9.0
8849;9.113333333333333;9.0;12.0;-3.0;9.0
8859;9.163333333333334;9.0;12.0;-3.0;9.0
8869;9.13;9.0;12.0;-3.0;9.0
8879;9.16;9.0;12.0;-3.0;9.0
8889;9.1;9.0;12.0;-3.0;9.0
8899;9.17;9.0;12.0;-3.0;9.0
8909;9.153333333333334;9.0;12.0;-3.0;9.0
8919;9.133333333333333;9.0;12.0;-3.0;9.0
8929;9.1;9.0;12.0;-3.0;9.0
8939;9.133333333333333;9.0;12.0;-3.0;9.0
8949;9.06;9.0;12.0;-3.0;9.0
8959;9.11;9.0;12.0;-3.0;9.0
8969;9.126666666666667;9.0;12.0;-3.0;9.0
8979;9.126666666666667;9.0;12.0;-3.0;9.0
8989;9.18;9.0;12.0;-3.0;9.0
8999;9.093333333333334;9.0;12.0;-3.0;9.0
9009;9.173333333333334;9.0;12.0;-3.0;9.0
9019;9.13;9.0;12.0;-3.0;9.0
9029;9.136666666666667;9.0;12.0;-3.0;9.0
9039;9.126666666666667;9.0;12.0;-3.0;9.0
9049;9.076666666666666;9.0;12.0;-3.0;9.0
9059;9.106666666666667;9.0;12.0;-3.0;9.0
9069;9.143333333333333;9.0;12.0;-3.0;9.0
9079;9.133333333333333;9.0;12.0;-3.0;9.0
9089;9.14;9.0;12.0;-3.0;9.0
9099;9.126666666666667;9.0;12.0;-3.0;9.0
9109;9.106666666666667;9.0;12.0;-3.0;9.0
9119;9.126666666666667;9.0;12.0;-3.0;9.0
9129;9.14;9.0;12.0;-3.0;9.0
9139;9.123333333333333;9.0;12.0;-3.0;9.0
9149;9.133333333333333;9.0;12.0;-3.0;9.0
9159;9.1;9.0;12.0;-3.0;9.0
9169;9.106666666666667;9.0;12.0;-3.0;9.0
9179;9.1;9.0;12.0;-3.0;9.0
9189;9.116666666666667;9.0;12.0;-3.0;9.0
9199;9.113333333333333;9.0;12.0;-3.0;9.0
9209;9.12;9.0;12.0;-3.0;9.0
9219;9.043333333333333;9.0;12.0;-3.0;9.0
9229;9.113333333333333;9.0;12.0;-3.0;9.0
9239;9.15;9.0;12.0;-3.0;9.0
9249;9.076666666666666;9.0;12.0;-3.0;9.0
9259;9.123333333333333;9.0;12.0;-3.0;9.0
9269;9.16;9.0;12.0;-3.0;9.0
9279;9.096666666666666;9.0;12.0;-3.0;9.0
9289;9.13;9.0;12.0;-3.0;9.0
9299;9.1;9.0;12.0;-3.0;9.0
9309;9.156666666666666;9.0;12.0;-3.0;9.0
9319;9.096666666666666;9.0;12.0;-3.0;9.0
9329;9.103333333333333;9.0;12.0;-3.0;9.0
9339;8.183333333333334;8.0;11.0;-3.0;8.0
9349;8.08;8.0;11.0;-3.0;8.0
9359;8.173333333333334;8.0;11.0;-3.0;8.0
9369;8.136666666666667;8.0;11.0;-3.0;8.0
9379;8.086666666666666;8.0;11.0;-3.0;8.0
9389;8.113333333333333;8.0;11.0;-3.0;8.0
9399;8.126666666666667;8.0;11.0;-3.0;8.0
9409;8.133333333333333;8.0;11.0;-3.0;8.0
9419;8.12;8.0;11.0;-3.0;8.0
9429;8.07;8.0;11.0;-3.0;8.0
9439;8.153333333333334;8.0;11.0;-3.0;8.0
9449;8.12;8.0;11.0;-3.0;8.0
9459;8.08;8.0;11.0;-3.0;8.0
9469;8.163333333333334;8.0;11.0;-3.0;8.0
9479;8.16;8.0;11.0;-3.0;8.0
9489;8.15;8.0;11.0;-3.0;8.0
9499;8.153333333333334;8.0;11.0;-3.0;8.0
9509;8.09;8.0;11.0;-3.0;8.0
9519;8.123333333333333;8.0;11.0;-3.0;8.0
9529;8.093333333333334;8.0;11.0;-3.0;8.0
9539;8.156666666666666;8.0;11.0;-3.0;8.0
9549;8.153333333333334;8.0;11.0;-3.0;8.0
9559;8.14;8.0;11.0;-3.0;8.0
9569;8.136666666666667;8.0;11.0;-3.0;8.0
9579;8.17;8.0;11.0;-3.0;8.0
9589;8.103333333333333;8.0;11.0;-3.0;8.0
9599;8.116666666666667;8.0;11.0;-3.0;8.0
9609;8.09;8.0;11.0;-3.0;8.0
9619;8.113333333333333;8.0;11.0;-3.0;8.0
9629;8.076666666666666;8.0;11.0;-3.0;8.0
9639;8.093333333333334;8.0;11.0;-3.0;8.0
9649;8.113333333333333;8.0;11.0;-3.0;8.0
9659;8.113333333333333;8.0;11.0;-3.0;8.0
9669;8.15;8.0;11.0;-3.0;8.0
9679;8.126666666666667;8.0;11.0;-3.0;8.0
9689;8.13;8.0;11.0;-3.0;8.0
9699;8.173333333333334;8.0;11.0;-3.0;8.0
9709;8.106666666666667;8.0;11.0;-3.0;8.0
9719;8.173333333333334;8.0;11.0;-3.0;8.0
9729;8.13;8.0;11.0;-3.0;8.0
9739;8.143333333333333;8.0;11.0;-3.0;8.0
9749;8.063333333333333;8.0;11.0;-3.0;8.0
9759;8.1;8.0;11.0;-3.0;8.0
9769;8.11;8.0;11.0;-3.0;8.0
9779;8.15;8.0;11.0;-3.0;8.0
9789;8.08;8.0;11.0;-3.0;8.0
9799;8.043333333333333;8.0;11.0;-3.0;8.0
9809;8.12;8.0;11.0;-3.0;8.0
9819;8.123333333333333;8.0;11.0;-3.0;8.0
9829;8.06;8.0;11.0;-3.0;8.0
9839;8.12;8.0;11.0;-3.0;8.0
9849;8.166666666666666;8.0;11.0;-3.0;8.0
9859;8.07;8.0;11.0;-3.0;8.0
9869;8.13;8.0;11.0;-3.0;8.0
9879;8.093333333333334;8.0;11.0;-3.0;8.0
9889;8.113333333333333;8.0;11.0;-3.0;8.0
9899;8.183333333333334;8.0;11.0;-3.0;8.0
9909;8.173333333333334;8.0;11.0;-3.0;8.0
9919;8.193333333333333;8.0;11.0;-3.0;8.0
9929;8.153333333333334;8.0;11.0;-3.0;8.0
9939;8.13;8.0;11.0;-3.0;8.0
9949;8.16;8.0;11.0;-3.0;8.0
9959;8.133333333333333;8.0;11.0;-3.0;8.0
9969;8.12;8.0;11.0;-3.0;8.0
9979;8.136666666666667;8.0;11.0;-3.0;8.0
9989;8.16;8.0;11.0;-3.0;8.0
9999;8.06;8.0;11.0;-3.0;8.0
10009;8.15;8.0;11.0;-3.0;8.0
10019;8.113333333333333;8.0;11.0;-3.0;8.0
10029;8.146666666666667;8.0;11.0;-3.0;8.0
10039;8.103333333333333;8.0;11.0;-3.0;8.0
10049;8.12;8.0;11.0;-3.0;8.0
10059;8.123333333333333;8.0;11.0;-3.0;8.0
10069;8.193333333333333;8.0;11.0;-3.0;8.0
10079;8.16;8.0;11.0;-3.0;8.0
10089;8.136666666666667;8.0;11.0;-3.0;8.0
10099;8.136666666666667;8.0;11.0;-3.0;8.0
10109;8.126666666666667;8.0;11.0;-3.0;8.0
10119;8.113333333333333;8.0;11.0;-3.0;8.0
10129;8.196666666666667;8.0;11.0;-3.0;8.0
10139;8.116666666666667;8.0;11.0;-3.0;8.0
10149;8.1;8.0;11.0;-3.0;8.0
10159;8.11;8.0;11.0;-3.0;8.0
10169;8.156666666666666;8.0;11.0;-3.0;8.0
10179;8.086666666666666;8.0;11.0;-3.0;8.0
10189;8.14;8.0;11.0;-3.0;8.0
10199;8.143333333333333;8.0;11.0;-3.0;8.0
10209;8.14;8.0;11.0;-3.0;8.0
10219;8.11;8.0;11.0;-3.0;8.0
10229;8.156666666666666;8.0;11.0;-3.0;8.0
10239;8.09;8.0;11.0;-3.0;8.0
10249;8.093333333333334;8.0;11.0;-3.0;8.0
10259;8.143333333333333;8.0;11.0;-3.0;8.0
10269;8.136666666666667;8.0;11.0;-3.0;8.0
10279;8.163333333333334;8.0;11.0;-3.0;8.0
10289;8.14;8.0;11.0;-3.0;8.0
10299;8.083333333333334;8.0;11.0;-3.0;8.0
10309;8.123333333333333;8.0;11.0;-3.0;8.0
10319;8.11;8.0;11.0;-3.0;8.0
10329;8.103333333333333;8.0;11.0;-3.0;8.0
10339;8.103333333333333;8.0;11.0;-3.0;8.0
10349;8.076666666666666;8.0;11.0;-3.0;8.0
10359;8.15;8.0;11.0;-3.0;8.0
10369;8.09;8.0;11.0;-3.0;8.0
10379;8.223333333333333;8.0;11.0;-3.0;8.0
10389;8.093333333333334;8.0;11.0;-3.0;8.0
10399;8.123333333333333;8.0;11.0;-3.0;8.0
10409;8.11;8.0;11.0;-3.0;8.0
10419;8.103333333333333;8.0;11.0;-3.0;8.0
10429;8.11;8.0;11.0;-3.0;8.0
10439;8.093333333333334;8.0;11.0;-3.0;8.0
10449;8.14;8.0;11.0;-3.0;8.0
10459;8.146666666666667;8.0;11.0;-3.0;8.0
10469;8.103333333333333;8.0;11.0;-3.0;8.0
10479;8.15;8.0;11.0;-3.0;8.0
10489;8.07;8.0;11.0;-3.0;8.0
10499;8.086666666666666;8.0;11.0;-3.0;8.0
10509;8.11;8.0;11.0;-3.0;8.0
10519;8.073333333333334;8.0;11.0;-3.0;8.0
10529;8.166666666666666;8.0;11.0;-3.0;8.0
10539;8.11;8.0;11.0;-3.0;8.0
10549;8.13;8.0;11.0;-3.0;8.0
10559;8.123333333333333;8.0;11.0;-3.0;8.0
10569;8.143333333333333;8.0;11.0;-3.0;8.0
10579;8.123333333333333;8.0;11.0;-3.0;8.0
10589;8.136666666666667;8.0;11.0;-3.0;8.0
10599;8.136666666666667;8.0;11.0;-3.0;8.0
10609;8.103333333333333;8.0;11.0;-3.0;8.0
10619;8.113333333333333;8.0;11.0;-3.0;8.0
10629;8.083333333333334;8.0;11.0;-3.0;8.0
10639;8.166666666666666;8.0;11.0;-3.0;8.0
10649;8.146666666666667;8.0;11.0;-3.0;8.0
10659;8.12;8.0;11.0;-3.0;8.0
10669;8.143333333333333;8.0;11.0;-3.0;8.0
10679;8.17;8.0;11.0;-3.0;8.0
10689;8.103333333333333;8.0;11.0;-3.0;8.0
10699;8.143333333333333;8.0;11.0;-3.0;8.0
10709;8.14;8.0;11.0;-3.0;8.0
10719;8.083333333333334;8.0;11.0;-3.0;8.0
10729;8.106666666666667;8.0;11.0;-3.0;8.0
10739;8.15;8.0;11.0;-3.0;8.0
10749;8.163333333333334;8.0;11.0;-3.0;8.0
10759;8.183333333333334;8.0;11.0;-3.0;8.0
10769;8.09;8.0;11.0;-3.0;8.0
10779;8.066666666666666;8.0;11.0;-3.0;8.0
10789;8.103333333333333;8.0;11.0;-3.0;8.0
10799;8.133333333333333;8.0;11.0;-3.0;8.0
10809;8.133333333333333;8.0;11.0;-3.0;8.0
10819;8.126666666666667;8.0;11.0;-3.0;8.0
10829;8.146666666666667;8.0;11.0;-3.0;8.0
10839;8.096666666666666;8.0;11.0;-3.0;8.0
10849;8.12;8.0;11.0;-3.0;8.0
10859;8.11;8.0;11.0;-3.0;8.0
10869;8.07;8.0;11.0;-3.0;8.0
10879;8.113333333333333;8.0;11.0;-3.0;8.0
10889;8.1;8.0;11.0;-3.0;8.0
10899;8.09;8.0;11.0;-3.0;8.0
10909;8.103333333333333;8.0;11.0;-3.0;8.0
10919;8.116666666666667;8.0;11.0;-3.0;8.0
10929;8.186666666666667;8.0;11.0;-3.0;8.0
10939;8.103333333333333;8.0;11.0;-3.0;8.0
10949;8.083333333333334;8.0;11.0;-3.0;8.0
10959;8.08;8.0;11.0;-3.0;8.0
10969;8.096666666666666;8.0;11.0;-3.0;8.0
10979;8.17;8.0;11.0;-3.0;8.0
10989;8.176666666666666;8.0;11.0;-3.0;8.0
10999;8.106666666666667;8.0;11.0;-3.0;8.0
11009;8.163333333333334;8.0;11.0;-3.0;8.0
11019;8.12;8.0;11.0;-3.0;8.0
11029;8.173333333333334;8.0;11.0;-3.0;8.0
11039;8.166666666666666;8.0;11.0;-3.0;8.0
11049;8.14;8.0;11.0;-3.0;8.0
11059;8.043333333333333;8.0;11.0;-3.0;8.0
11069;8.09;8.0;11.0;-3.0;8.0
11079;8.1;8.0;11.0;-3.0;8.0
11089;8.11;8.0;11.0;-3.0;8.0
11099;8.103333333333333;8.0;11.0;-3.0;8.0
11109;8.096666666666666;8.0;11.0;-3.0;8.0
11119;8.166666666666666;8.0;11.0;-3.0;8.0
11129;8.093333333333334;8.0;11.0;-3.0;8.0
11139;8.126666666666667;8.0;11.0;-3.0;8.0
11149;8.083333333333334;8.0;11.0;-3.0;8.0
11159;8.11;8.0;11.0;-3.0;8.0
11169;8.12;8.0;11.0;-3.0;8.0
11179;8.113333333333333;8.0;11.0;-3.0;8.0
11189;8.17;8.0;11.0;-3.0;8.0
11199;8.12;8.0;11.0;-3.0;8.0
11209;8.19;8.0;11.0;-3.0;8.0
11219;8.176666666666666;8.0;11.0;-3.0;8.0
11229;8.136666666666667;8.0;11.0;-3.0;8.0
11239;8.103333333333333;8.0;11.0;-3.0;8.0
11249;8.14;8.0;11.0;-3.0;8.0
11259;8.073333333333334;8.0;11.0;-3.0;8.0
11269;8.14;8.0;11.0;-3.0;8.0
11279;8.123333333333333;8.0;11.0;-3.0;8.0
11289;8.106666666666667;8.0;11.0;-3.0;8.0
11299;8.093333333333334;8.0;11.0;-3.0;8.0
11309;8.113333333333333;8.0;11.0;-3.0;8.0
11319;8.17;8.0;11.0;-3.0;8.0
11329;8.146666666666667;8.0;11.0;-3.0;8.0
11339;8.12;8.0;11.0;-3.0;8.0
11349;8.13;8.0;11.0;-3.0;8.0
11359;8.173333333333334;8.0;11.0;-3.0;8.0
11369;8.156666666666666;8.0;11.0;-3.0;8.0
11379;8.14;8.0;11.0;-3.0;8.0
11389;8.1;8.0;11.0;-3.0;8.0
11399;8.09;8.0;11.0;-3.0;8.0
11409;8.116666666666667;8.0;11.0;-3.0;8.0
11419;8.12;8.0;11.0;-3.0;8.0
11429;8.113333333333333;8.0;11.0;-3.0;8.0
11439;8.143333333333333;8.0;11.0;-3.0;8.0
11449;8.083333333333334;8.0;11.0;-3.0;8.0
11459;8.166666666666666;8.0;11.0;-3.0;8.0
11469;8.13;8.0;11.0;-3.0;8.0
11479;8.11;8.0;11.0;-3.0;8.0
11489;8.103333333333333;8.0;11.0;-3.0;8.0
11499;8.113333333333333;8.0;11.0;-3.0;8.0
11509;8.193333333333333;8.0;11.0;-3.0;8.0
11519;8.186666666666667;8.0;11.0;-3.0;8.0
11529;8.17;8.0;11.0;-3.0;8.0
11539;8.063333333333333;8.0;11.0;-3.0;8.0
11549;8.113333333333333;8.0;11.0;-3.0;8.0
11559;8.143333333333333;8.0;11.0;-3.0;8.0
11569;8.106666666666667;8.0;11.0;-3.0;8.0
11579;8.133333333333333;8.0;11.0;-3.0;8.0
11589;8.096666666666666;8.0;11.0;-3.0;8.0
11599;8.133333333333333;8.0;11.0;-3.0;8.0
11609;8.116666666666667;8.0;11.0;-3.0;8.0
11619;8.14;8.0;11.0;-3.0;8.0
11629;8.206666666666667;8.0;11.0;-3.0;8.0
11639;8.113333333333333;8.0;11.0;-3.0;8.0
11649;8.19;8.0;11.0;-3.0;8.0
11659;8.11;8.0;11.0;-3.0;8.0
11669;8.08;8.0;11.0;-3.0;8.0
11679;8.143333333333333;8.0;11.0;-3.0;8.0
11689;8.093333333333334;8.0;11.0;-3.0;8.0
11699;8.093333333333334;8.0;11.0;-3.0;8.0
11709;8.066666666666666;8.0;11.0;-3.0;8.0
11719;8.103333333333333;8.0;11.0;-3.0;8.0
11729;8.11;8.0;11.0;-3.0;8.0
11739;8.15;8.0;11.0;-3.0;8.0
11749;8.13;8.0;11.0;-3.0;8.0
11759;8.14;8.0;11.0;-3.0;8.0
11769;8.096666666666666;8.0;11.0;-3.0;8.0
11779;8.11;8.0;11.0;-3.0;8.0
11789;8.066666666666666;8.0;11.0;-3.0;8.0
11799;8.086666666666666;8.0;11.0;-3.0;8.0
11809;8.076666666666666;8.0;11.0;-3.0;8.0
11819;8.123333333333333;8.0;11.0;-3.0;8.0
11829;8.106666666666667;8.0;11.0;-3.0;8.0
11839;8.123333333333333;8.0;11.0;-3.0;8.0
11849;8.12;8.0;11.0;-3.0;8.0
11859;8.143333333333333;8.0;11.0;-3.0;8.0
11869;8.103333333333333;8.0;11.0;-3.0;8.0
11879;8.143333333333333;8.0;11.0;-3.0;8.0
11889;8.066666666666666;8.0;11.0;-3.0;8.0
11899;8.08;8.0;11.0;-3.0;8.0
11909;8.096666666666666;8.0;11.0;-3.0;8.0
11919;8.116666666666667;8.0;11.0;-3.0;8.0
11929;8.14;8.0;11.0;-3.0;8.0
11939;8.1;8.0;11.0;-3.0;8.0
11949;8.113333333333333;8.0;11.0;-3.0;8.0
11959;8.1;8.0;11.0;-3.0;8.0
11969;8.133333333333333;8.0;11.0;-3.0;8.0
11979;8.116666666666667;8.0;11.0;-3.0;8.0
11989;8.083333333333334;8.0;11.0;-3.0;8.0
11999;8.1;8.0;11.0;-3.0;8.0
12009;8.1;8.0;11.0;-3.0;8.0
12019;8.123333333333333;8.0;11.0;-3.0;8.0
12029;8.133333333333333;8.0;11.0;-3.0;8.0
12039;8.11;8.0;11.0;-3.0;8.0
12049;8.073333333333334;8.0;11.0;-3.0;8.0
12059;8.093333333333334;8.0;11.0;-3.0;8.0
12069;8.093333333333334;8.0;11.0;-3.0;8.0
12079;8.123333333333333;8.0;11.0;-3.0;8.0
12089;8.066666666666666;8.0;11.0;-3.0;8.0
12099;8.146666666666667;8.0;11.0;-3.0;8.0
12109;8.14;8.0;11.0;-3.0;8.0
12119;8.09;8.0;11.0;-3.0;8.0
12129;8.11;8.0;11.0;-3.0;8.0
12139;8.133333333333333;8.0;11.0;-3.0;8.0
12149;8.143333333333333;8.0;11.0;-3.0;8.0
12159;8.116666666666667;8.0;11.0;-3.0;8.0
12169;8.1;8.0;11.0;-3.0;8.0
12179;8.15;8.0;11.0;-3.0;8.0
12189;8.12;8.0;11.0;-3.0;8.0
12199;8.176666666666666;8.0;11.0;-3.0;8.0
12209;8.153333333333334;8.0;11.0;-3.0;8.0
12219;8.113333333333333;8.0;11.0;-3.0;8.0
12229;8.096666666666666;8.0;11.0;-3.0;8.0
12239;8.176666666666666;8.0;11.0;-3.0;8.0
12249;8.126666666666667;8.0;11.0;-3.0;8.0
12259;8.086666666666666;8.0;11.0;-3.0;8.0
12269;8.146666666666667;8.0;11.0;-3.0;8.0
12279;8.13;8.0;11.0;-3.0;8.0
12289;8.21;8.0;11.0;-3.0;8.0
12299;8.113333333333333;8.0;11.0;-3.0;8.0
12309;8.116666666666667;8.0;11.0;-3.0;8.0
12319;8.073333333333334;8.0;11.0;-3.0;8.0
12329;8.103333333333333;8.0;11.0;-3.0;8.0
12339;8.106666666666667;8.0;11.0;-3.0;8.0
12349;8.126666666666667;8.0;11.0;-3.0;8.0
12359;8.156666666666666;8.0;11.0;-3.0;8.0
12369;8.096666666666666;8.0;11.0;-3.0;8.0
12379;8.19;8.0;11.0;-3.0;8.0
12389;8.143333333333333;8.0;11.0;-3.0;8.0
12399;8.09;8.0;11.0;-3.0;8.0
12409;8.133333333333333;8.0;11.0;-3.0;8.0
12419;8.133333333333333;8.0;11.0;-3.0;8.0
12429;8.083333333333334;8.0;11.0;-3.0;8.0
12439;8.1;8.0;11.0;-3.0;8.0
12449;8.07;8.0;11.0;-3.0;8.0
12459;8.123333333333333;8.0;11.0;-3.0;8.0
12469;8.11;8.0;11.0;-3.0;8.0
12479;8.126666666666667;8.0;11.0;-3.0;8.0
12489;8.13;8.0;11.0;-3.0;8.0
12499;8.12;8.0;11.0;-3.0;8.0
12509;8.123333333333333;8.0;11.0;-3.0;8.0
12519;8.17;8.0;11.0;-3.0;8.0
12529;8.153333333333334;8.0;11.0;-3.0;8.0
12539;8.15;8.0;11.0;-3.0;8.0
12549;8.13;8.0;11.0;-3.0;8.0
12559;8.066666666666666;8.0;11.0;-3.0;8.0
12569;8.116666666666667;8.0;11.0;-3.0;8.0
12579;8.133333333333333;8.0;11.0;-3.0;8.0
12589;8.096666666666666;8.0;11.0;-3.0;8.0
12599;8.12;8.0;11.0;-3.0;8.0
12609;8.08;8.0;11.0;-3.0;8.0
12619;8.163333333333334;8.0;11.0;-3.0;8.0
12629;8.176666666666666;8.0;11.0;-3.0;8.0
12639;8.113333333333333;8.0;11.0;-3.0;8.0
12649;8.07;8.0;11.0;-3.0;8.0
12659;8.083333333333334;8.0;11.0;-3.0;8.0
12669;8.116666666666667;8.0;11.0;-3.0;8.0
12679;8.113333333333333;8.0;11.0;-3.0;8.0
12689;8.11;8.0;11.0;-3.0;8.0
12699;8.13;8.0;11.0;-3.0;8.0
12709;8.1;8.0;11.0;-3.0;8.0
12719;8.136666666666667;8.0;11.0;-3.0;8.0
12729;8.12;8.0;11.0;-3.0;8.0
12739;8.11;8.0;11.0;-3.0;8.0
12749;8.193333333333333;8.0;11.0;-3.0;8.0
12759;8.103333333333333;8.0;11.0;-3.0;8.0
12769;8.103333333333333;8.0;11.0;-3.0;8.0
12779;8.11;8.0;11.0;-3.0;8.0
12789;8.103333333333333;8.0;11.0;-3.0;8.0
12799;8.096666666666666;8.0;11.0;-3.0;8.0
12809;8.126666666666667;8.0;11.0;-3.0;8.0
12819;8.116666666666667;8.0;11.0;-3.0;8.0
12829;8.116666666666667;8.0;11.0;-3.0;8.0
12839;8.176666666666666;8.0;11.0;-3.0;8.0
12849;8.13;8.0;11.0;-3.0;8.0
12859;8.103333333333333;8.0;11.0;-3.0;8.0
12869;8.176666666666666;8.0;11.0;-3.0;8.0
12879;8.126666666666667;8.0;11.0;-3.0;8.0
12889;8.19;8.0;11.0;-3.0;8.0
12899;8.1;8.0;11.0;-3.0;8.0
12909;8.1;8.0;11.0;-3.0;8.0
12919;8.12;8.0;11.0;-3.0;8.0
12929;8.133333333333333;8.0;11.0;-3.0;8.0
12939;8.053333333333333;8.0;11.0;-3.0;8.0
12949;8.136666666666667;8.0;11.0;-3.0;8.0
12959;8.093333333333334;8.0;11.0;-3.0;8.0
12969;8.136666666666667;8.0;11.0;-3.0;8.0
12979;8.113333333333333;8.0;11.0;-3.0;8.0
12989;8.21;8.0;11.0;-3.0;8.0
12999;8.123333333333333;8.0;11.0;-3.0;8.0
13009;8.116666666666667;8.0;11.0;-3.0;8.0
13019;8.103333333333333;8.0;11.0;-3.0;8.0
13029;8.146666666666667;8.0;11.0;-3.0;8.0
13039;8.143333333333333;8.0;11.0;-3.0;8.0
13049;8.146666666666667;8.0;11.0;-3.0;8.0
13059;8.093333333333334;8.0;11.0;-3.0;8.0
13069;8.183333333333334;8.0;11.0;-3.0;8.0
13079;8.153333333333334;8.0;11.0;-3.0;8.0
13089;8.083333333333334;8.0;11.0;-3.0;8.0
13099;8.116666666666667;8.0;11.0;-3.0;8.0
13109;8.063333333333333;8.0;11.0;-3.0;8.0
13119;8.106666666666667;8.0;11.0;-3.0;8.0
13129;8.063333333333333;8.0;11.0;-3.0;8.0
13139;8.12;8.0;11.0;-3.0;8.0
13149;8.073333333333334;8.0;11.0;-3.0;8.0
13159;8.133333333333333;8.0;11.0;-3.0;8.0
13169;8.186666666666667;8.0;11.0;-3.0;8.0
13179;8.113333333333333;8.0;11.0;-3.0;8.0
13189;8.123333333333333;8.0;11.0;-3.0;8.0
13199;8.166666666666666;8.0;11.0;-3.0;8.0
13209;8.1;8.0;11.0;-3.0;8.0
13219;8.11;8.0;11.0;-3.0;8.0
13229;8.14;8.0;11.0;-3.0;8.0
13239;8.1;8.0;11.0;-3.0;8.0
13249;8.146666666666667;8.0;11.0;-3.0;8.0
13259;8.19;8.0;11.0;-3.0;8.0
13269;8.156666666666666;8.0;11.0;-3.0;8.0
13279;8.073333333333334;8.0;11.0;-3.0;8.0
13289;8.136666666666667;8.0;11.0;-3.0;8.0
13299;8.116666666666667;8.0;11.0;-3.0;8.0
13309;8.123333333333333;8.0;11.0;-3.0;8.0
13319;8.073333333333334;8.0;11.0;-3.0;8.0
13329;8.206666666666667;8.0;11.0;-3.0;8.0
13339;8.083333333333334;8.0;11.0;-3.0;8.0
13349;8.176666666666666;8.0;11.0;-3.0;8.0
13359;8.123333333333333;8.0;11.0;-3.0;8.0
13369;8.083333333333334;8.0;11.0;-3.0;8.0
13379;8.093333333333334;8.0;11.0;-3.0;8.0
13389;8.05;8.0;11.0;-3.0;8.0
13399;8.116666666666667;8.0;11.0;-3.0;8.0
13409;8.126666666666667;8.0;11.0;-3.0;8.0
13419;8.143333333333333;8.0;11.0;-3.0;8.0
13429;8.103333333333333;8.0;11.0;-3.0;8.0
13439;8.196666666666667;8.0;11.0;-3.0;8.0
13449;8.183333333333334;8.0;11.0;-3.0;8.0
13459;8.093333333333334;8.0;11.0;-3.0;8.0
13469;8.126666666666667;8.0;11.0;-3.0;8.0
13479;8.146666666666667;8.0;11.0;-3.0;8.0
13489;8.083333333333334;8.0;11.0;-3.0;8.0
13499;8.113333333333333;8.0;11.0;-3.0;8.0
13509;8.143333333333333;8.0;11.0;-3.0;8.0
13519;8.143333333333333;8.0;11.0;-3.0;8.0
13529;8.13;8.0;11.0;-3.0;8.0
13539;8.18;8.0;11.0;-3.0;8.0
13549;8.1;8.0;11.0;-3.0;8.0
13559;8.04;8.0;11.0;-3.0;8.0
13569;8.153333333333334;8.0;11.0;-3.0;8.0
13579;8.176666666666666;8.0;11.0;-3.0;8.0
13589;8.133333333333333;8.0;11.0;-3.0;8.0
13599;8.146666666666667;8.0;11.0;-3.0;8.0
13609;8.173333333333334;8.0;11.0;-3.0;8.0
13619;8.143333333333333;8.0;11.0;-3.0;8.0
13629;8.066666666666666;8.0;11.0;-3.0;8.0
13639;8.106666666666667;8.0;11.0;-3.0;8.0
13649;8.13;8.0;11.0;-3.0;8.0
13659;8.14;8.0;11.0;-3.0;8.0
13669;8.103333333333333;8.0;11.0;-3.0;8.0
13679;8.096666666666666;8.0;11.0;-3.0;8.0
13689;8.193333333333333;8.0;11.0;-3.0;8.0
13699;8.11;8.0;11.0;-3.0;8.0
13709;8.053333333333333;8.0;11.0;-3.0;8.0
13719;8.123333333333333;8.0;11.0;-3.0;8.0
13729;8.106666666666667;8.0;11.0;-3.0;8.0
13739;8.2;8.0;11.0;-3.0;8.0
13749;8.07;8.0;11.0;-3.0;8.0
13759;8.163333333333334;8.0;11.0;-3.0;8.0
13769;8.2;8.0;11.0;-3.0;8.0
13779;8.166666666666666;8.0;11.0;-3.0;8.0
13789;8.176666666666666;8.0;11.0;-3.0;8.0
13799;8.113333333333333;8.0;11.0;-3.0;8.0
13809;8.146666666666667;8.0;11.0;-3.0;8.0
13819;8.133333333333333;8.0;11.0;-3.0;8.0
13829;8.096666666666666;8.0;11.0;-3.0;8.0
13839;8.096666666666666;8.0;11.0;-3.0;8.0
13849;8.223333333333333;8.0;11.0;-3.0;8.0
13859;8.086666666666666;8.0;11.0;-3.0;8.0
13869;8.126666666666667;8.0;11.0;-3.0;8.0
13879;8.053333333333333;8.0;11.0;-3.0;8.0
13889;8.123333333333333;8.0;11.0;-3.0;8.0
13899;8.153333333333334;8.0;11.0;-3.0;8.0
13909;8.133333333333333;8.0;11.0;-3.0;8.0
13919;8.146666666666667;8.0;11.0;-3.0;8.0
13929;8.12;8.0;11.0;-3.0;8.0
13939;8.133333333333333;8.0;11.0;-3.0;8.0
13949;8.13;8.0;11.0;-3.0;8.0
13959;8.143333333333333;8.0;11.0;-3.0;8.0
13969;8.13;8.0;11.0;-3.0;8.0
13979;8.08;8.0;11.0;-3.0;8.0
13989;8.106666666666667;8.0;11.0;-3.0;8.0
13999;8.093333333333334;8.0;11.0;-3.0;8.0
14009;8.09;8.0;11.0;-3.0;8.0
14019;8.143333333333333;8.0;11.0;-3.0;8.0
14029;8.156666666666666;8.0;11.0;-3.0;8.0
14039;8.09;8.0;11.0;-3.0;8.0
14049;8.1;8.0;11.0;-3.0;8.0
14059;8.096666666666666;8.0;11.0;-3.0;8.0
14069;8.08;8.0;11.0;-3.0;8.0
14079;8.076666666666666;8.0;11.0;-3.0;8.0
14089;8.123333333333333;8.0;11.0;-3.0;8.0
14099;8.096666666666666;8.0;11.0;-3.0;8.0
14109;8.106666666666667;8.0;11.0;-3.0;8.0
14119;8.076666666666666;8.0;11.0;-3.0;8.0
14129;8.126666666666667;8.0;11.0;-3.0;8.0
14139;8.11;8.0;11.0;-3.0;8.0
14149;8.11;8.0;11.0;-3.0;8.0
14159;8.1;8.0;11.0;-3.0;8.0
14169;8.096666666666666;8.0;11.0;-3.0;8.0
14179;8.173333333333334;8.0;11.0;-3.0;8.0
14189;8.11;8.0;11.0;-3.0;8.0
14199;8.17;8.0;11.0;-3.0;8.0
14209;8.193333333333333;8.0;11.0;-3.0;8.0
14219;8.116666666666667;8.0;11.0;-3.0;8.0
14229;8.063333333333333;8.0;11.0;-3.0;8.0
14239;8.116666666666667;8.0;11.0;-3.0;8.0
14249;8.143333333333333;8.0;11.0;-3.0;8.0
14259;8.163333333333334;8.0;11.0;-3.0;8.0
14269;8.08;8.0;11.0;-3.0;8.0
14279;8.09;8.0;11.0;-3.0;8.0
14289;8.103333333333333;8.0;11.0;-3.0;8.0
14299;8.103333333333333;8.0;11.0;-3.0;8.0
14309;8.083333333333334;8.0;11.0;-3.0;8.0
14319;8.066666666666666;8.0;11.0;-3.0;8.0
14329;8.106666666666667;8.0;11.0;-3.0;8.0
14339;8.123333333333333;8.0;11.0;-3.0;8.0
14349;8.126666666666667;8.0;11.0;-3.0;8.0
14359;8.113333333333333;8.0;11.0;-3.0;8.0
14369;8.116666666666667;8.0;11.0;-3.0;8.0
14379;8.096666666666666;8.0;11.0;-3.0;8.0
14389;8.116666666666667;8.0;11.0;-3.0;8.0
14399;8.123333333333333;8.0;11.0;-3.0;8.0
14409;8.093333333333334;8.0;11.0;-3.0;8.0
14419;8.146666666666667;8.0;11.0;-3.0;8.0
14429;8.103333333333333;8.0;11.0;-3.0;8.0
14439;8.146666666666667;8.0;11.0;-3.0;8.0
14449;8.123333333333333;8.0;11.0;-3.0;8.0
14459;8.07;8.0;11.0;-3.0;8.0
14469;8.106666666666667;8.0;11.0;-3.0;8.0
14479;8.063333333333333;8.0;11.0;-3.0;8.0
14489;8.106666666666667;8.0;11.0;-3.0;8.0
14499;8.146666666666667;8.0;11.0;-3.0;8.0
14509;8.116666666666667;8.0;11.0;-3.0;8.0
14519;8.123333333333333;8.0;11.0;-3.0;8.0
14529;8.073333333333334;8.0;11.0;-3.0;8.0
14539;8.076666666666666;8.0;11.0;-3.0;8.0
14549;8.126666666666667;8.0;11.0;-3.0;8.0
14559;8.126666666666667;8.0;11.0;-3.0;8.0
14569;8.123333333333333;8.0;11.0;-3.0;8.0
14579;8.136666666666667;8.0;11.0;-3.0;8.0
14589;8.086666666666666;8.0;11.0;-3.0;8.0
14599;8.096666666666666;8.0;11.0;-3.0;8.0
14609;8.11;8.0;11.0;-3.0;8.0
14619;8.1;8.0;11.0;-3.0;8.0
14629;8.173333333333334;8.0;11.0;-3.0;8.0
14639;8.13;8.0;11.0;-3.0;8.0
14649;8.14;8.0;11.0;-3.0;8.0
14659;8.12;8.0;11.0;-3.0;8.0
14669;8.086666666666666;8.0;11.0;-3.0;8.0
14679;8.093333333333334;8.0;11.0;-3.0;8.0
14689;8.113333333333333;8.0;11.0;-3.0;8.0
14699;8.15;8.0;11.0;-3.0;8.0
14709;8.11;8.0;11.0;-3.0;8.0
14719;8.113333333333333;8.0;11.0;-3.0;8.0
14729;8.13;8.0;11.0;-3.0;8.0
14739;8.08;8.0;11.0;-3.0;8.0
14749;8.123333333333333;8.0;11.0;-3.0;8.0
14759;8.13;8.0;11.0;-3.0;8.0
14769;8.08;8.0;11.0;-3.0;8.0
14779;8.13;8.0;11.0;-3.0;8.0
14789;8.146666666666667;8.0;11.0;-3.0;8.0
14799;8.14;8.0;11.0;-3.0;8.0
14809;8.11;8.0;11.0;-3.0;8.0
14819;8.076666666666666;8.0;11.0;-3.0;8.0
14829;8.106666666666667;8.0;11.0;-3.0;8.0
14839;8.12;8.0;11.0;-3.0;8.0
14849;8.153333333333334;8.0;11.0;-3.0;8.0
14859;8.11;8.0;11.0;-3.0;8.0
14869;8.12;8.0;11.0;-3.0;8.0
14879;8.093333333333334;8.0;11.0;-3.0;8.0
14889;8.14;8.0;11.0;-3.0;8.0
14899;8.12;8.0;11.0;-3.0;8.0
14909;8.133333333333333;8.0;11.0;-3.0;8.0
14919;8.146666666666667;8.0;11.0;-3.0;8.0
14929;8.123333333333333;8.0;11.0;-3.0;8.0
14939;8.116666666666667;8.0;11.0;-3.0;8.0
14949;8.093333333333334;8.0;11.0;-3.0;8.0
14959;8.156666666666666;8.0;11.0;-3.0;8.0
14969;8.166666666666666;8.0;11.0;-3.0;8.0
14979;8.136666666666667;8.0;11.0;-3.0;8.0
14989;8.093333333333334;8.0;11.0;-3.0;8.0
14999;8.113333333333333;8.0;11.0;-3.0;8.0
