geracao;media da geracao;fitness do melhor da geracao;fitness do pior da geracao;relacao entre melhor e pior;fitness do melhor da run
Probabilidade Recombinação: 0.7
Probabilidade Mutação: 0.05
Tipo de Selecção: Torneio
Tipo de Mutação: Simples Al.
Tamanho População: 300
Máximo de Gerações: 15000
0;84.60333333333334;69.0;101.0;-32.0;69.0
0;75.47333333333333;66.0;86.0;-20.0;66.0
9;58.06;56.0;61.0;-5.0;56.0
19;50.25;47.0;53.0;-6.0;47.0
29;39.07666666666667;39.0;42.0;-3.0;39.0
39;37.07666666666667;36.0;40.0;-4.0;36.0
49;35.27333333333333;34.0;39.0;-5.0;34.0
59;32.056666666666665;32.0;35.0;-3.0;32.0
69;29.983333333333334;28.0;33.0;-5.0;28.0
79;27.093333333333334;27.0;30.0;-3.0;27.0
89;25.26;25.0;29.0;-4.0;25.0
99;25.113333333333333;25.0;28.0;-3.0;25.0
109;24.07;24.0;27.0;-3.0;24.0
119;23.12;23.0;26.0;-3.0;23.0
129;19.776666666666667;18.0;25.0;-7.0;18.0
139;18.13;18.0;21.0;-3.0;18.0
149;16.05666666666667;16.0;19.0;-3.0;16.0
159;15.133333333333333;15.0;18.0;-3.0;15.0
169;15.09;15.0;18.0;-3.0;15.0
179;14.14;14.0;17.0;-3.0;14.0
189;14.103333333333333;14.0;17.0;-3.0;14.0
199;14.14;14.0;17.0;-3.0;14.0
209;14.166666666666666;14.0;17.0;-3.0;14.0
219;14.106666666666667;14.0;17.0;-3.0;14.0
229;14.08;14.0;17.0;-3.0;14.0
239;14.1;14.0;17.0;-3.0;14.0
249;14.07;14.0;17.0;-3.0;14.0
259;14.106666666666667;14.0;17.0;-3.0;14.0
269;14.096666666666666;14.0;17.0;-3.0;14.0
279;14.13;14.0;17.0;-3.0;14.0
289;14.12;14.0;17.0;-3.0;14.0
299;14.103333333333333;14.0;17.0;-3.0;14.0
309;14.093333333333334;14.0;17.0;-3.0;14.0
319;14.113333333333333;14.0;17.0;-3.0;14.0
329;14.133333333333333;14.0;17.0;-3.0;14.0
339;14.13;14.0;17.0;-3.0;14.0
349;14.14;14.0;17.0;-3.0;14.0
359;14.15;14.0;17.0;-3.0;14.0
369;14.136666666666667;14.0;17.0;-3.0;14.0
379;14.08;14.0;17.0;-3.0;14.0
389;14.07;14.0;17.0;-3.0;14.0
399;14.106666666666667;14.0;17.0;-3.0;14.0
409;14.103333333333333;14.0;17.0;-3.0;14.0
419;14.086666666666666;14.0;17.0;-3.0;14.0
429;14.08;14.0;17.0;-3.0;14.0
439;14.13;14.0;17.0;-3.0;14.0
449;14.163333333333334;14.0;17.0;-3.0;14.0
459;14.073333333333334;14.0;17.0;-3.0;14.0
469;14.11;14.0;17.0;-3.0;14.0
479;14.126666666666667;14.0;17.0;-3.0;14.0
489;14.193333333333333;14.0;17.0;-3.0;14.0
499;14.12;14.0;17.0;-3.0;14.0
509;14.16;14.0;17.0;-3.0;14.0
519;14.106666666666667;14.0;17.0;-3.0;14.0
529;14.1;14.0;17.0;-3.0;14.0
539;14.1;14.0;17.0;-3.0;14.0
549;14.126666666666667;14.0;17.0;-3.0;14.0
559;14.1;14.0;17.0;-3.0;14.0
569;14.12;14.0;17.0;-3.0;14.0
579;14.063333333333333;14.0;17.0;-3.0;14.0
589;14.113333333333333;14.0;17.0;-3.0;14.0
599;14.063333333333333;14.0;17.0;-3.0;14.0
609;14.11;14.0;17.0;-3.0;14.0
619;14.133333333333333;14.0;17.0;-3.0;14.0
629;14.113333333333333;14.0;17.0;-3.0;14.0
639;14.106666666666667;14.0;17.0;-3.0;14.0
649;14.12;14.0;17.0;-3.0;14.0
659;14.123333333333333;14.0;17.0;-3.0;14.0
669;14.08;14.0;17.0;-3.0;14.0
679;14.15;14.0;17.0;-3.0;14.0
689;14.116666666666667;14.0;17.0;-3.0;14.0
699;14.126666666666667;14.0;17.0;-3.0;14.0
709;14.06;14.0;17.0;-3.0;14.0
719;14.1;14.0;17.0;-3.0;14.0
729;14.146666666666667;14.0;17.0;-3.0;14.0
739;14.15;14.0;17.0;-3.0;14.0
749;14.096666666666666;14.0;17.0;-3.0;14.0
759;14.123333333333333;14.0;17.0;-3.0;14.0
769;14.096666666666666;14.0;17.0;-3.0;14.0
779;14.136666666666667;14.0;17.0;-3.0;14.0
789;14.12;14.0;17.0;-3.0;14.0
799;14.093333333333334;14.0;17.0;-3.0;14.0
809;14.096666666666666;14.0;17.0;-3.0;14.0
819;14.16;14.0;17.0;-3.0;14.0
829;14.136666666666667;14.0;17.0;-3.0;14.0
839;14.113333333333333;14.0;17.0;-3.0;14.0
849;14.113333333333333;14.0;17.0;-3.0;14.0
859;14.103333333333333;14.0;17.0;-3.0;14.0
869;14.126666666666667;14.0;17.0;-3.0;14.0
879;14.08;14.0;17.0;-3.0;14.0
889;13.36;13.0;17.0;-4.0;13.0
899;13.05;13.0;16.0;-3.0;13.0
909;13.123333333333333;13.0;16.0;-3.0;13.0
919;13.083333333333334;13.0;16.0;-3.0;13.0
929;13.11;13.0;16.0;-3.0;13.0
939;13.09;12.0;16.0;-4.0;12.0
949;12.123333333333333;12.0;15.0;-3.0;12.0
959;12.136666666666667;12.0;15.0;-3.0;12.0
969;12.173333333333334;12.0;15.0;-3.0;12.0
979;12.156666666666666;12.0;15.0;-3.0;12.0
989;12.083333333333334;12.0;15.0;-3.0;12.0
999;12.136666666666667;12.0;15.0;-3.0;12.0
1009;12.05;12.0;15.0;-3.0;12.0
1019;12.136666666666667;12.0;15.0;-3.0;12.0
1029;12.11;12.0;15.0;-3.0;12.0
1039;12.126666666666667;12.0;15.0;-3.0;12.0
1049;12.173333333333334;12.0;15.0;-3.0;12.0
1059;12.086666666666666;12.0;15.0;-3.0;12.0
1069;12.083333333333334;12.0;15.0;-3.0;12.0
1079;12.113333333333333;12.0;15.0;-3.0;12.0
1089;12.083333333333334;12.0;15.0;-3.0;12.0
1099;12.15;12.0;15.0;-3.0;12.0
1109;12.143333333333333;12.0;15.0;-3.0;12.0
1119;12.12;12.0;15.0;-3.0;12.0
1129;12.12;12.0;15.0;-3.0;12.0
1139;12.07;12.0;15.0;-3.0;12.0
1149;12.136666666666667;12.0;15.0;-3.0;12.0
1159;12.113333333333333;12.0;15.0;-3.0;12.0
1169;12.1;12.0;15.0;-3.0;12.0
1179;12.17;12.0;15.0;-3.0;12.0
1189;12.116666666666667;12.0;15.0;-3.0;12.0
1199;12.103333333333333;12.0;15.0;-3.0;12.0
1209;12.133333333333333;12.0;15.0;-3.0;12.0
1219;12.133333333333333;12.0;15.0;-3.0;12.0
1229;12.09;12.0;15.0;-3.0;12.0
1239;12.063333333333333;12.0;15.0;-3.0;12.0
1249;12.086666666666666;12.0;15.0;-3.0;12.0
1259;12.09;12.0;15.0;-3.0;12.0
1269;12.09;12.0;15.0;-3.0;12.0
1279;12.133333333333333;12.0;15.0;-3.0;12.0
1289;12.12;12.0;15.0;-3.0;12.0
1299;12.1;12.0;15.0;-3.0;12.0
1309;12.116666666666667;12.0;15.0;-3.0;12.0
1319;12.146666666666667;12.0;15.0;-3.0;12.0
1329;12.16;12.0;15.0;-3.0;12.0
1339;12.106666666666667;12.0;15.0;-3.0;12.0
1349;12.1;12.0;15.0;-3.0;12.0
1359;12.126666666666667;12.0;15.0;-3.0;12.0
1369;12.066666666666666;12.0;15.0;-3.0;12.0
1379;12.11;12.0;15.0;-3.0;12.0
1389;12.046666666666667;12.0;15.0;-3.0;12.0
1399;12.106666666666667;12.0;15.0;-3.0;12.0
1409;12.063333333333333;12.0;15.0;-3.0;12.0
1419;12.213333333333333;12.0;15.0;-3.0;12.0
1429;12.126666666666667;12.0;15.0;-3.0;12.0
1439;12.11;12.0;15.0;-3.0;12.0
1449;12.096666666666666;12.0;15.0;-3.0;12.0
1459;12.11;12.0;15.0;-3.0;12.0
1469;12.1;12.0;15.0;-3.0;12.0
1479;12.056666666666667;12.0;15.0;-3.0;12.0
1489;12.15;12.0;15.0;-3.0;12.0
1499;12.113333333333333;12.0;15.0;-3.0;12.0
1509;12.096666666666666;12.0;15.0;-3.0;12.0
1519;12.11;12.0;15.0;-3.0;12.0
1529;12.08;12.0;15.0;-3.0;12.0
1539;12.096666666666666;12.0;15.0;-3.0;12.0
1549;12.173333333333334;12.0;15.0;-3.0;12.0
1559;12.163333333333334;12.0;15.0;-3.0;12.0
1569;12.1;12.0;15.0;-3.0;12.0
1579;12.143333333333333;12.0;15.0;-3.0;12.0
1589;12.12;12.0;15.0;-3.0;12.0
1599;12.16;12.0;15.0;-3.0;12.0
1609;12.146666666666667;12.0;15.0;-3.0;12.0
1619;12.116666666666667;12.0;15.0;-3.0;12.0
1629;12.126666666666667;12.0;15.0;-3.0;12.0
1639;12.14;12.0;15.0;-3.0;12.0
1649;12.106666666666667;12.0;15.0;-3.0;12.0
1659;12.113333333333333;12.0;15.0;-3.0;12.0
1669;12.2;12.0;15.0;-3.0;12.0
1679;12.076666666666666;12.0;15.0;-3.0;12.0
1689;12.07;12.0;15.0;-3.0;12.0
1699;12.103333333333333;12.0;15.0;-3.0;12.0
1709;12.133333333333333;12.0;15.0;-3.0;12.0
1719;12.076666666666666;12.0;15.0;-3.0;12.0
1729;12.186666666666667;12.0;15.0;-3.0;12.0
1739;12.12;12.0;15.0;-3.0;12.0
1749;12.093333333333334;12.0;15.0;-3.0;12.0
1759;11.313333333333333;11.0;15.0;-4.0;11.0
1769;11.056666666666667;11.0;14.0;-3.0;11.0
1779;11.116666666666667;11.0;14.0;-3.0;11.0
1789;11.073333333333334;11.0;14.0;-3.0;11.0
1799;11.093333333333334;11.0;14.0;-3.0;11.0
1809;11.176666666666666;11.0;14.0;-3.0;11.0
1819;11.176666666666666;11.0;14.0;-3.0;11.0
1829;11.06;11.0;14.0;-3.0;11.0
1839;11.093333333333334;11.0;14.0;-3.0;11.0
1849;11.126666666666667;11.0;14.0;-3.0;11.0
1859;11.176666666666666;11.0;14.0;-3.0;11.0
1869;11.096666666666666;11.0;14.0;-3.0;11.0
1879;11.113333333333333;11.0;14.0;-3.0;11.0
1889;11.07;11.0;14.0;-3.0;11.0
1899;11.206666666666667;11.0;14.0;-3.0;11.0
1909;11.046666666666667;11.0;14.0;-3.0;11.0
1919;11.083333333333334;11.0;14.0;-3.0;11.0
1929;11.15;11.0;14.0;-3.0;11.0
1939;11.133333333333333;11.0;14.0;-3.0;11.0
1949;11.1;11.0;14.0;-3.0;11.0
1959;11.103333333333333;11.0;14.0;-3.0;11.0
1969;11.146666666666667;11.0;14.0;-3.0;11.0
1979;11.123333333333333;11.0;14.0;-3.0;11.0
1989;11.073333333333334;11.0;14.0;-3.0;11.0
1999;11.07;11.0;14.0;-3.0;11.0
2009;11.116666666666667;11.0;14.0;-3.0;11.0
2019;11.106666666666667;11.0;14.0;-3.0;11.0
2029;11.073333333333334;11.0;14.0;-3.0;11.0
2039;11.096666666666666;11.0;14.0;-3.0;11.0
2049;11.106666666666667;11.0;14.0;-3.0;11.0
2059;11.133333333333333;11.0;14.0;-3.0;11.0
2069;11.16;11.0;14.0;-3.0;11.0
2079;11.153333333333334;11.0;14.0;-3.0;11.0
2089;11.1;11.0;14.0;-3.0;11.0
2099;11.086666666666666;11.0;14.0;-3.0;11.0
2109;11.11;11.0;14.0;-3.0;11.0
2119;11.09;11.0;14.0;-3.0;11.0
2129;11.146666666666667;11.0;14.0;-3.0;11.0
2139;11.106666666666667;11.0;14.0;-3.0;11.0
2149;11.126666666666667;11.0;14.0;-3.0;11.0
2159;11.106666666666667;11.0;14.0;-3.0;11.0
2169;11.076666666666666;11.0;14.0;-3.0;11.0
2179;11.11;11.0;14.0;-3.0;11.0
2189;11.063333333333333;11.0;14.0;-3.0;11.0
2199;11.16;11.0;14.0;-3.0;11.0
2209;11.163333333333334;11.0;14.0;-3.0;11.0
2219;11.14;11.0;14.0;-3.0;11.0
2229;11.06;11.0;14.0;-3.0;11.0
2239;11.173333333333334;11.0;14.0;-3.0;11.0
2249;11.12;11.0;14.0;-3.0;11.0
2259;11.103333333333333;11.0;14.0;-3.0;11.0
2269;11.103333333333333;11.0;14.0;-3.0;11.0
2279;11.063333333333333;11.0;14.0;-3.0;11.0
2289;11.103333333333333;11.0;14.0;-3.0;11.0
2299;11.06;11.0;14.0;-3.0;11.0
2309;11.12;11.0;14.0;-3.0;11.0
2319;11.096666666666666;11.0;14.0;-3.0;11.0
2329;11.123333333333333;11.0;14.0;-3.0;11.0
2339;11.093333333333334;11.0;14.0;-3.0;11.0
2349;11.063333333333333;11.0;14.0;-3.0;11.0
2359;11.146666666666667;11.0;14.0;-3.0;11.0
2369;11.11;11.0;14.0;-3.0;11.0
2379;11.1;11.0;14.0;-3.0;11.0
2389;11.18;11.0;14.0;-3.0;11.0
2399;11.096666666666666;11.0;14.0;-3.0;11.0
2409;11.093333333333334;11.0;14.0;-3.0;11.0
2419;11.103333333333333;11.0;14.0;-3.0;11.0
2429;11.183333333333334;11.0;14.0;-3.0;11.0
2439;11.106666666666667;11.0;14.0;-3.0;11.0
2449;11.11;11.0;14.0;-3.0;11.0
2459;11.1;11.0;14.0;-3.0;11.0
2469;11.12;11.0;14.0;-3.0;11.0
2479;11.093333333333334;11.0;14.0;-3.0;11.0
2489;11.14;11.0;14.0;-3.0;11.0
2499;11.15;11.0;14.0;-3.0;11.0
2509;11.113333333333333;11.0;14.0;-3.0;11.0
2519;11.126666666666667;11.0;14.0;-3.0;11.0
2529;11.103333333333333;11.0;14.0;-3.0;11.0
2539;11.106666666666667;11.0;14.0;-3.0;11.0
2549;11.16;11.0;14.0;-3.0;11.0
2559;11.063333333333333;11.0;14.0;-3.0;11.0
2569;11.153333333333334;11.0;14.0;-3.0;11.0
2579;11.073333333333334;11.0;14.0;-3.0;11.0
2589;11.14;11.0;14.0;-3.0;11.0
2599;11.093333333333334;11.0;14.0;-3.0;11.0
2609;11.143333333333333;11.0;14.0;-3.0;11.0
2619;11.106666666666667;11.0;14.0;-3.0;11.0
2629;11.106666666666667;11.0;14.0;-3.0;11.0
2639;11.08;11.0;14.0;-3.0;11.0
2649;11.11;11.0;14.0;-3.0;11.0
2659;11.18;11.0;14.0;-3.0;11.0
2669;11.123333333333333;11.0;14.0;-3.0;11.0
2679;11.06;11.0;14.0;-3.0;11.0
2689;11.1;11.0;14.0;-3.0;11.0
2699;11.09;11.0;14.0;-3.0;11.0
2709;11.163333333333334;11.0;14.0;-3.0;11.0
2719;11.113333333333333;11.0;14.0;-3.0;11.0
2729;11.12;11.0;14.0;-3.0;11.0
2739;11.103333333333333;11.0;14.0;-3.0;11.0
2749;11.086666666666666;11.0;14.0;-3.0;11.0
2759;11.1;11.0;14.0;-3.0;11.0
2769;11.09;11.0;14.0;-3.0;11.0
2779;11.173333333333334;11.0;14.0;-3.0;11.0
2789;11.116666666666667;11.0;14.0;-3.0;11.0
2799;11.11;11.0;14.0;-3.0;11.0
2809;11.123333333333333;11.0;14.0;-3.0;11.0
2819;11.173333333333334;11.0;14.0;-3.0;11.0
2829;11.13;11.0;14.0;-3.0;11.0
2839;11.066666666666666;11.0;14.0;-3.0;11.0
2849;11.16;11.0;14.0;-3.0;11.0
2859;11.113333333333333;11.0;14.0;-3.0;11.0
2869;11.103333333333333;11.0;14.0;-3.0;11.0
2879;11.13;11.0;14.0;-3.0;11.0
2889;11.093333333333334;11.0;14.0;-3.0;11.0
2899;11.143333333333333;11.0;14.0;-3.0;11.0
2909;11.09;11.0;14.0;-3.0;11.0
2919;11.1;11.0;14.0;-3.0;11.0
2929;11.113333333333333;11.0;14.0;-3.0;11.0
2939;11.116666666666667;11.0;14.0;-3.0;11.0
2949;11.046666666666667;11.0;14.0;-3.0;11.0
2959;11.103333333333333;11.0;14.0;-3.0;11.0
2969;11.076666666666666;11.0;14.0;-3.0;11.0
2979;11.146666666666667;11.0;14.0;-3.0;11.0
2989;11.123333333333333;11.0;14.0;-3.0;11.0
2999;11.116666666666667;11.0;14.0;-3.0;11.0
3009;11.09;11.0;14.0;-3.0;11.0
3019;11.103333333333333;11.0;14.0;-3.0;11.0
3029;11.16;11.0;14.0;-3.0;11.0
3039;11.17;11.0;14.0;-3.0;11.0
3049;11.06;11.0;14.0;-3.0;11.0
3059;11.153333333333334;11.0;14.0;-3.0;11.0
3069;11.086666666666666;11.0;14.0;-3.0;11.0
3079;11.063333333333333;11.0;14.0;-3.0;11.0
3089;11.136666666666667;11.0;14.0;-3.0;11.0
3099;11.1;11.0;14.0;-3.0;11.0
3109;11.076666666666666;11.0;14.0;-3.0;11.0
3119;11.04;11.0;14.0;-3.0;11.0
3129;11.163333333333334;11.0;14.0;-3.0;11.0
3139;11.08;11.0;14.0;-3.0;11.0
3149;11.143333333333333;11.0;14.0;-3.0;11.0
3159;11.153333333333334;11.0;14.0;-3.0;11.0
3169;11.113333333333333;11.0;14.0;-3.0;11.0
3179;11.103333333333333;11.0;14.0;-3.0;11.0
3189;11.076666666666666;11.0;14.0;-3.0;11.0
3199;11.116666666666667;11.0;14.0;-3.0;11.0
3209;11.103333333333333;11.0;14.0;-3.0;11.0
3219;11.086666666666666;11.0;14.0;-3.0;11.0
3229;11.12;11.0;14.0;-3.0;11.0
3239;11.07;11.0;14.0;-3.0;11.0
3249;11.13;11.0;14.0;-3.0;11.0
3259;11.096666666666666;11.0;14.0;-3.0;11.0
3269;11.14;11.0;14.0;-3.0;11.0
3279;11.093333333333334;11.0;14.0;-3.0;11.0
3289;11.123333333333333;11.0;14.0;-3.0;11.0
3299;11.1;11.0;14.0;-3.0;11.0
3309;11.163333333333334;11.0;14.0;-3.0;11.0
3319;11.12;11.0;14.0;-3.0;11.0
3329;11.073333333333334;11.0;14.0;-3.0;11.0
3339;11.11;11.0;14.0;-3.0;11.0
3349;11.046666666666667;11.0;14.0;-3.0;11.0
3359;11.06;11.0;14.0;-3.0;11.0
3369;11.09;11.0;14.0;-3.0;11.0
3379;11.09;11.0;14.0;-3.0;11.0
3389;11.163333333333334;11.0;14.0;-3.0;11.0
3399;11.11;11.0;14.0;-3.0;11.0
3409;11.14;11.0;14.0;-3.0;11.0
3419;11.116666666666667;11.0;14.0;-3.0;11.0
3429;11.043333333333333;11.0;14.0;-3.0;11.0
3439;11.096666666666666;11.0;14.0;-3.0;11.0
3449;11.14;11.0;14.0;-3.0;11.0
3459;11.176666666666666;11.0;14.0;-3.0;11.0
3469;11.083333333333334;11.0;14.0;-3.0;11.0
3479;11.173333333333334;11.0;14.0;-3.0;11.0
3489;11.126666666666667;11.0;14.0;-3.0;11.0
3499;11.1;11.0;14.0;-3.0;11.0
3509;11.123333333333333;11.0;14.0;-3.0;11.0
3519;11.13;11.0;14.0;-3.0;11.0
3529;11.14;11.0;14.0;-3.0;11.0
3539;11.116666666666667;11.0;14.0;-3.0;11.0
3549;11.106666666666667;11.0;14.0;-3.0;11.0
3559;11.156666666666666;11.0;14.0;-3.0;11.0
3569;11.12;11.0;14.0;-3.0;11.0
3579;11.146666666666667;11.0;14.0;-3.0;11.0
3589;11.13;11.0;14.0;-3.0;11.0
3599;11.096666666666666;11.0;14.0;-3.0;11.0
3609;11.11;11.0;14.0;-3.0;11.0
3619;11.123333333333333;11.0;14.0;-3.0;11.0
3629;11.163333333333334;11.0;14.0;-3.0;11.0
3639;11.076666666666666;11.0;14.0;-3.0;11.0
3649;11.093333333333334;11.0;14.0;-3.0;11.0
3659;11.103333333333333;11.0;14.0;-3.0;11.0
3669;11.056666666666667;11.0;14.0;-3.0;11.0
3679;11.076666666666666;11.0;14.0;-3.0;11.0
3689;11.133333333333333;11.0;14.0;-3.0;11.0
3699;11.063333333333333;11.0;14.0;-3.0;11.0
3709;11.096666666666666;11.0;14.0;-3.0;11.0
3719;11.123333333333333;11.0;14.0;-3.0;11.0
3729;11.1;11.0;14.0;-3.0;11.0
3739;11.11;11.0;14.0;-3.0;11.0
3749;11.133333333333333;11.0;14.0;-3.0;11.0
3759;11.086666666666666;11.0;14.0;-3.0;11.0
3769;11.116666666666667;11.0;14.0;-3.0;11.0
3779;11.106666666666667;11.0;14.0;-3.0;11.0
3789;11.136666666666667;11.0;14.0;-3.0;11.0
3799;11.103333333333333;11.0;14.0;-3.0;11.0
3809;11.146666666666667;11.0;14.0;-3.0;11.0
3819;11.09;11.0;14.0;-3.0;11.0
3829;11.1;11.0;14.0;-3.0;11.0
3839;11.18;11.0;14.0;-3.0;11.0
3849;11.053333333333333;11.0;14.0;-3.0;11.0
3859;11.093333333333334;11.0;14.0;-3.0;11.0
3869;11.17;11.0;14.0;-3.0;11.0
3879;11.13;11.0;14.0;-3.0;11.0
3889;11.166666666666666;11.0;14.0;-3.0;11.0
3899;11.12;11.0;14.0;-3.0;11.0
3909;11.11;11.0;14.0;-3.0;11.0
3919;11.08;11.0;14.0;-3.0;11.0
3929;11.136666666666667;11.0;14.0;-3.0;11.0
3939;11.153333333333334;11.0;14.0;-3.0;11.0
3949;11.086666666666666;11.0;14.0;-3.0;11.0
3959;11.15;11.0;14.0;-3.0;11.0
3969;11.116666666666667;11.0;14.0;-3.0;11.0
3979;11.186666666666667;11.0;14.0;-3.0;11.0
3989;11.086666666666666;11.0;14.0;-3.0;11.0
3999;11.1;11.0;14.0;-3.0;11.0
4009;11.166666666666666;11.0;14.0;-3.0;11.0
4019;11.12;11.0;14.0;-3.0;11.0
4029;11.146666666666667;11.0;14.0;-3.0;11.0
4039;11.113333333333333;11.0;14.0;-3.0;11.0
4049;11.106666666666667;11.0;14.0;-3.0;11.0
4059;11.066666666666666;11.0;14.0;-3.0;11.0
4069;11.096666666666666;11.0;14.0;-3.0;11.0
4079;11.116666666666667;11.0;14.0;-3.0;11.0
4089;11.09;11.0;14.0;-3.0;11.0
4099;11.143333333333333;11.0;14.0;-3.0;11.0
4109;11.136666666666667;11.0;14.0;-3.0;11.0
4119;11.086666666666666;11.0;14.0;-3.0;11.0
4129;11.053333333333333;11.0;14.0;-3.0;11.0
4139;11.15;11.0;14.0;-3.0;11.0
4149;11.113333333333333;11.0;14.0;-3.0;11.0
4159;11.073333333333334;11.0;14.0;-3.0;11.0
4169;11.083333333333334;11.0;14.0;-3.0;11.0
4179;11.166666666666666;11.0;14.0;-3.0;11.0
4189;11.14;11.0;14.0;-3.0;11.0
4199;11.103333333333333;11.0;14.0;-3.0;11.0
4209;11.156666666666666;11.0;14.0;-3.0;11.0
4219;11.13;11.0;14.0;-3.0;11.0
4229;11.066666666666666;11.0;14.0;-3.0;11.0
4239;11.146666666666667;11.0;14.0;-3.0;11.0
4249;11.073333333333334;11.0;14.0;-3.0;11.0
4259;11.12;11.0;14.0;-3.0;11.0
4269;11.07;11.0;14.0;-3.0;11.0
4279;11.173333333333334;11.0;14.0;-3.0;11.0
4289;11.11;11.0;14.0;-3.0;11.0
4299;11.183333333333334;11.0;14.0;-3.0;11.0
4309;11.12;11.0;14.0;-3.0;11.0
4319;11.1;11.0;14.0;-3.0;11.0
4329;11.196666666666667;11.0;14.0;-3.0;11.0
4339;11.13;11.0;14.0;-3.0;11.0
4349;11.103333333333333;11.0;14.0;-3.0;11.0
4359;11.123333333333333;11.0;14.0;-3.0;11.0
4369;11.133333333333333;11.0;14.0;-3.0;11.0
4379;11.103333333333333;11.0;14.0;-3.0;11.0
4389;11.083333333333334;11.0;14.0;-3.0;11.0
4399;11.16;11.0;14.0;-3.0;11.0
4409;11.133333333333333;11.0;14.0;-3.0;11.0
4419;11.116666666666667;11.0;14.0;-3.0;11.0
4429;11.12;11.0;14.0;-3.0;11.0
4439;11.113333333333333;11.0;14.0;-3.0;11.0
4449;11.123333333333333;11.0;14.0;-3.0;11.0
4459;11.053333333333333;11.0;14.0;-3.0;11.0
4469;11.1;11.0;14.0;-3.0;11.0
4479;11.096666666666666;11.0;14.0;-3.0;11.0
4489;11.083333333333334;11.0;14.0;-3.0;11.0
4499;11.09;11.0;14.0;-3.0;11.0
4509;11.106666666666667;11.0;14.0;-3.0;11.0
4519;11.1;11.0;14.0;-3.0;11.0
4529;11.176666666666666;11.0;14.0;-3.0;11.0
4539;11.133333333333333;11.0;14.0;-3.0;11.0
4549;11.113333333333333;11.0;14.0;-3.0;11.0
4559;11.133333333333333;11.0;14.0;-3.0;11.0
4569;11.096666666666666;11.0;14.0;-3.0;11.0
4579;11.163333333333334;11.0;14.0;-3.0;11.0
4589;11.093333333333334;11.0;14.0;-3.0;11.0
4599;11.113333333333333;11.0;14.0;-3.0;11.0
4609;11.086666666666666;11.0;14.0;-3.0;11.0
4619;11.063333333333333;11.0;14.0;-3.0;11.0
4629;11.12;11.0;14.0;-3.0;11.0
4639;11.103333333333333;11.0;14.0;-3.0;11.0
4649;11.076666666666666;11.0;14.0;-3.0;11.0
4659;11.103333333333333;11.0;14.0;-3.0;11.0
4669;11.09;11.0;14.0;-3.0;11.0
4679;11.093333333333334;11.0;14.0;-3.0;11.0
4689;11.12;11.0;14.0;-3.0;11.0
4699;11.076666666666666;11.0;14.0;-3.0;11.0
4709;11.126666666666667;11.0;14.0;-3.0;11.0
4719;11.153333333333334;11.0;14.0;-3.0;11.0
4729;11.096666666666666;11.0;14.0;-3.0;11.0
4739;11.13;11.0;14.0;-3.0;11.0
4749;11.093333333333334;11.0;14.0;-3.0;11.0
4759;11.103333333333333;11.0;14.0;-3.0;11.0
4769;11.046666666666667;11.0;14.0;-3.0;11.0
4779;11.083333333333334;11.0;14.0;-3.0;11.0
4789;11.123333333333333;11.0;14.0;-3.0;11.0
4799;11.073333333333334;11.0;14.0;-3.0;11.0
4809;11.11;11.0;14.0;-3.0;11.0
4819;11.143333333333333;11.0;14.0;-3.0;11.0
4829;11.073333333333334;11.0;14.0;-3.0;11.0
4839;11.036666666666667;11.0;14.0;-3.0;11.0
4849;11.113333333333333;11.0;14.0;-3.0;11.0
4859;11.13;11.0;14.0;-3.0;11.0
4869;11.126666666666667;11.0;14.0;-3.0;11.0
4879;11.1;11.0;14.0;-3.0;11.0
4889;11.09;11.0;14.0;-3.0;11.0
4899;11.073333333333334;11.0;14.0;-3.0;11.0
4909;11.13;11.0;14.0;-3.0;11.0
4919;11.113333333333333;11.0;14.0;-3.0;11.0
4929;11.123333333333333;11.0;14.0;-3.0;11.0
4939;11.17;11.0;14.0;-3.0;11.0
4949;11.106666666666667;11.0;14.0;-3.0;11.0
4959;11.096666666666666;11.0;14.0;-3.0;11.0
4969;11.07;11.0;14.0;-3.0;11.0
4979;11.136666666666667;11.0;14.0;-3.0;11.0
4989;11.116666666666667;11.0;14.0;-3.0;11.0
4999;11.126666666666667;11.0;14.0;-3.0;11.0
5009;11.093333333333334;11.0;14.0;-3.0;11.0
5019;11.103333333333333;11.0;14.0;-3.0;11.0
5029;11.156666666666666;11.0;14.0;-3.0;11.0
5039;11.14;11.0;14.0;-3.0;11.0
5049;11.1;11.0;14.0;-3.0;11.0
5059;11.086666666666666;11.0;14.0;-3.0;11.0
5069;11.106666666666667;11.0;14.0;-3.0;11.0
5079;11.12;11.0;14.0;-3.0;11.0
5089;11.1;11.0;14.0;-3.0;11.0
5099;11.11;11.0;14.0;-3.0;11.0
5109;11.106666666666667;11.0;14.0;-3.0;11.0
5119;11.14;11.0;14.0;-3.0;11.0
5129;11.08;11.0;14.0;-3.0;11.0
5139;11.096666666666666;11.0;14.0;-3.0;11.0
5149;11.11;11.0;14.0;-3.0;11.0
5159;11.103333333333333;11.0;14.0;-3.0;11.0
5169;11.14;11.0;14.0;-3.0;11.0
5179;11.146666666666667;11.0;14.0;-3.0;11.0
5189;11.146666666666667;11.0;14.0;-3.0;11.0
5199;11.156666666666666;11.0;14.0;-3.0;11.0
5209;11.166666666666666;11.0;14.0;-3.0;11.0
5219;11.11;11.0;14.0;-3.0;11.0
5229;11.123333333333333;11.0;14.0;-3.0;11.0
5239;11.116666666666667;11.0;14.0;-3.0;11.0
5249;11.08;11.0;14.0;-3.0;11.0
5259;11.086666666666666;11.0;14.0;-3.0;11.0
5269;11.096666666666666;11.0;14.0;-3.0;11.0
5279;11.12;11.0;14.0;-3.0;11.0
5289;11.066666666666666;11.0;14.0;-3.0;11.0
5299;11.093333333333334;11.0;14.0;-3.0;11.0
5309;11.096666666666666;11.0;14.0;-3.0;11.0
5319;11.103333333333333;11.0;14.0;-3.0;11.0
5329;11.093333333333334;11.0;14.0;-3.0;11.0
5339;11.176666666666666;11.0;14.0;-3.0;11.0
5349;11.136666666666667;11.0;14.0;-3.0;11.0
5359;11.103333333333333;11.0;14.0;-3.0;11.0
5369;11.13;11.0;14.0;-3.0;11.0
5379;11.11;11.0;14.0;-3.0;11.0
5389;11.076666666666666;11.0;14.0;-3.0;11.0
5399;11.116666666666667;11.0;14.0;-3.0;11.0
5409;11.106666666666667;11.0;14.0;-3.0;11.0
5419;11.083333333333334;11.0;14.0;-3.0;11.0
5429;11.08;11.0;14.0;-3.0;11.0
5439;11.096666666666666;11.0;14.0;-3.0;11.0
5449;11.13;11.0;14.0;-3.0;11.0
5459;11.103333333333333;11.0;14.0;-3.0;11.0
5469;11.096666666666666;11.0;14.0;-3.0;11.0
5479;11.066666666666666;11.0;14.0;-3.0;11.0
5489;11.066666666666666;11.0;14.0;-3.0;11.0
5499;11.113333333333333;11.0;14.0;-3.0;11.0
5509;11.13;11.0;14.0;-3.0;11.0
5519;11.126666666666667;11.0;14.0;-3.0;11.0
5529;11.136666666666667;11.0;14.0;-3.0;11.0
5539;11.08;11.0;14.0;-3.0;11.0
5549;11.166666666666666;11.0;14.0;-3.0;11.0
5559;11.103333333333333;11.0;14.0;-3.0;11.0
5569;11.13;11.0;14.0;-3.0;11.0
5579;11.156666666666666;11.0;14.0;-3.0;11.0
5589;11.15;11.0;14.0;-3.0;11.0
5599;11.043333333333333;11.0;14.0;-3.0;11.0
5609;11.093333333333334;11.0;14.0;-3.0;11.0
5619;11.19;11.0;14.0;-3.0;11.0
5629;11.13;11.0;14.0;-3.0;11.0
5639;11.143333333333333;11.0;14.0;-3.0;11.0
5649;11.1;11.0;14.0;-3.0;11.0
5659;11.066666666666666;11.0;14.0;-3.0;11.0
5669;11.063333333333333;11.0;14.0;-3.0;11.0
5679;11.09;11.0;14.0;-3.0;11.0
5689;11.143333333333333;11.0;14.0;-3.0;11.0
5699;11.09;11.0;14.0;-3.0;11.0
5709;11.063333333333333;11.0;14.0;-3.0;11.0
5719;11.146666666666667;11.0;14.0;-3.0;11.0
5729;11.13;11.0;14.0;-3.0;11.0
5739;11.18;11.0;14.0;-3.0;11.0
5749;11.126666666666667;11.0;14.0;-3.0;11.0
5759;11.063333333333333;11.0;14.0;-3.0;11.0
5769;11.06;11.0;14.0;-3.0;11.0
5779;11.173333333333334;11.0;14.0;-3.0;11.0
5789;11.033333333333333;11.0;14.0;-3.0;11.0
5799;11.13;11.0;14.0;-3.0;11.0
5809;11.14;11.0;14.0;-3.0;11.0
5819;11.09;11.0;14.0;-3.0;11.0
5829;11.153333333333334;11.0;14.0;-3.0;11.0
5839;11.153333333333334;11.0;14.0;-3.0;11.0
5849;11.183333333333334;11.0;14.0;-3.0;11.0
5859;11.1;11.0;14.0;-3.0;11.0
5869;11.126666666666667;11.0;14.0;-3.0;11.0
5879;11.093333333333334;11.0;14.0;-3.0;11.0
5889;11.026666666666667;11.0;14.0;-3.0;11.0
5899;11.116666666666667;11.0;14.0;-3.0;11.0
5909;11.116666666666667;11.0;14.0;-3.0;11.0
5919;11.113333333333333;11.0;14.0;-3.0;11.0
5929;11.103333333333333;11.0;14.0;-3.0;11.0
5939;11.1;11.0;14.0;-3.0;11.0
5949;11.14;11.0;14.0;-3.0;11.0
5959;11.136666666666667;11.0;14.0;-3.0;11.0
5969;11.13;11.0;14.0;-3.0;11.0
5979;11.106666666666667;11.0;14.0;-3.0;11.0
5989;11.176666666666666;11.0;14.0;-3.0;11.0
5999;11.176666666666666;11.0;14.0;-3.0;11.0
6009;11.113333333333333;11.0;14.0;-3.0;11.0
6019;11.076666666666666;11.0;14.0;-3.0;11.0
6029;11.083333333333334;11.0;14.0;-3.0;11.0
6039;11.163333333333334;11.0;14.0;-3.0;11.0
6049;11.16;11.0;14.0;-3.0;11.0
6059;11.09;11.0;14.0;-3.0;11.0
6069;11.056666666666667;11.0;14.0;-3.0;11.0
6079;11.096666666666666;11.0;14.0;-3.0;11.0
6089;11.143333333333333;11.0;14.0;-3.0;11.0
6099;11.14;11.0;14.0;-3.0;11.0
6109;11.176666666666666;11.0;14.0;-3.0;11.0
6119;11.13;11.0;14.0;-3.0;11.0
6129;11.073333333333334;11.0;14.0;-3.0;11.0
6139;11.136666666666667;11.0;14.0;-3.0;11.0
6149;11.083333333333334;11.0;14.0;-3.0;11.0
6159;11.17;11.0;14.0;-3.0;11.0
6169;11.156666666666666;11.0;14.0;-3.0;11.0
6179;11.13;11.0;14.0;-3.0;11.0
6189;11.113333333333333;11.0;14.0;-3.0;11.0
6199;11.113333333333333;11.0;14.0;-3.0;11.0
6209;11.156666666666666;11.0;14.0;-3.0;11.0
6219;11.146666666666667;11.0;14.0;-3.0;11.0
6229;11.073333333333334;11.0;14.0;-3.0;11.0
6239;11.123333333333333;11.0;14.0;-3.0;11.0
6249;11.123333333333333;11.0;14.0;-3.0;11.0
6259;11.116666666666667;11.0;14.0;-3.0;11.0
6269;11.113333333333333;11.0;14.0;-3.0;11.0
6279;11.166666666666666;11.0;14.0;-3.0;11.0
6289;11.12;11.0;14.0;-3.0;11.0
6299;11.116666666666667;11.0;14.0;-3.0;11.0
6309;11.113333333333333;11.0;14.0;-3.0;11.0
6319;11.146666666666667;11.0;14.0;-3.0;11.0
6329;11.103333333333333;11.0;14.0;-3.0;11.0
6339;11.09;11.0;14.0;-3.0;11.0
6349;11.15;11.0;14.0;-3.0;11.0
6359;11.12;11.0;14.0;-3.0;11.0
6369;11.13;11.0;14.0;-3.0;11.0
6379;11.1;11.0;14.0;-3.0;11.0
6389;11.096666666666666;11.0;14.0;-3.0;11.0
6399;11.113333333333333;11.0;14.0;-3.0;11.0
6409;11.113333333333333;11.0;14.0;-3.0;11.0
6419;11.116666666666667;11.0;14.0;-3.0;11.0
6429;11.14;11.0;14.0;-3.0;11.0
6439;11.14;11.0;14.0;-3.0;11.0
6449;11.11;11.0;14.0;-3.0;11.0
6459;11.113333333333333;11.0;14.0;-3.0;11.0
6469;11.086666666666666;11.0;14.0;-3.0;11.0
6479;11.116666666666667;11.0;14.0;-3.0;11.0
6489;11.083333333333334;11.0;14.0;-3.0;11.0
6499;11.083333333333334;11.0;14.0;-3.0;11.0
6509;11.163333333333334;11.0;14.0;-3.0;11.0
6519;11.076666666666666;11.0;14.0;-3.0;11.0
6529;11.083333333333334;11.0;14.0;-3.0;11.0
6539;11.13;11.0;14.0;-3.0;11.0
6549;11.16;11.0;14.0;-3.0;11.0
6559;11.123333333333333;11.0;14.0;-3.0;11.0
6569;11.133333333333333;11.0;14.0;-3.0;11.0
6579;11.12;11.0;14.0;-3.0;11.0
6589;11.093333333333334;11.0;14.0;-3.0;11.0
6599;11.123333333333333;11.0;14.0;-3.0;11.0
6609;11.153333333333334;11.0;14.0;-3.0;11.0
6619;11.123333333333333;11.0;14.0;-3.0;11.0
6629;11.196666666666667;11.0;14.0;-3.0;11.0
6639;11.136666666666667;11.0;14.0;-3.0;11.0
6649;11.13;11.0;14.0;-3.0;11.0
6659;11.126666666666667;11.0;14.0;-3.0;11.0
6669;11.163333333333334;11.0;14.0;-3.0;11.0
6679;11.09;11.0;14.0;-3.0;11.0
6689;11.09;11.0;14.0;-3.0;11.0
6699;11.103333333333333;11.0;14.0;-3.0;11.0
6709;11.126666666666667;11.0;14.0;-3.0;11.0
6719;11.143333333333333;11.0;14.0;-3.0;11.0
6729;11.09;11.0;14.0;-3.0;11.0
6739;11.126666666666667;11.0;14.0;-3.0;11.0
6749;11.13;11.0;14.0;-3.0;11.0
6759;11.14;11.0;14.0;-3.0;11.0
6769;11.113333333333333;11.0;14.0;-3.0;11.0
6779;11.133333333333333;11.0;14.0;-3.0;11.0
6789;11.093333333333334;11.0;14.0;-3.0;11.0
6799;11.116666666666667;11.0;14.0;-3.0;11.0
6809;11.1;11.0;14.0;-3.0;11.0
6819;11.126666666666667;11.0;14.0;-3.0;11.0
6829;11.12;11.0;14.0;-3.0;11.0
6839;11.113333333333333;11.0;14.0;-3.0;11.0
6849;11.066666666666666;11.0;14.0;-3.0;11.0
6859;11.06;11.0;14.0;-3.0;11.0
6869;11.08;11.0;14.0;-3.0;11.0
6879;11.083333333333334;11.0;14.0;-3.0;11.0
6889;11.133333333333333;11.0;14.0;-3.0;11.0
6899;11.103333333333333;11.0;14.0;-3.0;11.0
6909;11.123333333333333;11.0;14.0;-3.0;11.0
6919;11.07;11.0;14.0;-3.0;11.0
6929;11.103333333333333;11.0;14.0;-3.0;11.0
6939;11.13;11.0;14.0;-3.0;11.0
6949;11.086666666666666;11.0;14.0;-3.0;11.0
6959;11.103333333333333;11.0;14.0;-3.0;11.0
6969;11.103333333333333;11.0;14.0;-3.0;11.0
6979;11.063333333333333;11.0;14.0;-3.0;11.0
6989;11.156666666666666;11.0;14.0;-3.0;11.0
6999;11.12;11.0;14.0;-3.0;11.0
7009;11.11;11.0;14.0;-3.0;11.0
7019;11.076666666666666;11.0;14.0;-3.0;11.0
7029;11.046666666666667;11.0;14.0;-3.0;11.0
7039;11.153333333333334;11.0;14.0;-3.0;11.0
7049;11.046666666666667;11.0;14.0;-3.0;11.0
7059;11.123333333333333;11.0;14.0;-3.0;11.0
7069;11.116666666666667;11.0;14.0;-3.0;11.0
7079;11.106666666666667;11.0;14.0;-3.0;11.0
7089;11.126666666666667;11.0;14.0;-3.0;11.0
7099;11.126666666666667;11.0;14.0;-3.0;11.0
7109;11.06;11.0;14.0;-3.0;11.0
7119;11.15;11.0;14.0;-3.0;11.0
7129;11.083333333333334;11.0;14.0;-3.0;11.0
7139;11.123333333333333;11.0;14.0;-3.0;11.0
7149;11.136666666666667;11.0;14.0;-3.0;11.0
7159;11.086666666666666;11.0;14.0;-3.0;11.0
7169;11.116666666666667;11.0;14.0;-3.0;11.0
7179;11.113333333333333;11.0;14.0;-3.0;11.0
7189;11.116666666666667;11.0;14.0;-3.0;11.0
7199;11.123333333333333;11.0;14.0;-3.0;11.0
7209;11.126666666666667;11.0;14.0;-3.0;11.0
7219;11.096666666666666;11.0;14.0;-3.0;11.0
7229;11.086666666666666;11.0;14.0;-3.0;11.0
7239;11.073333333333334;11.0;14.0;-3.0;11.0
7249;11.086666666666666;11.0;14.0;-3.0;11.0
7259;11.12;11.0;14.0;-3.0;11.0
7269;11.093333333333334;11.0;14.0;-3.0;11.0
7279;11.086666666666666;11.0;14.0;-3.0;11.0
7289;11.14;11.0;14.0;-3.0;11.0
7299;11.133333333333333;11.0;14.0;-3.0;11.0
7309;11.156666666666666;11.0;14.0;-3.0;11.0
7319;11.133333333333333;11.0;14.0;-3.0;11.0
7329;11.093333333333334;11.0;14.0;-3.0;11.0
7339;11.066666666666666;11.0;14.0;-3.0;11.0
7349;11.106666666666667;11.0;14.0;-3.0;11.0
7359;11.096666666666666;11.0;14.0;-3.0;11.0
7369;11.166666666666666;11.0;14.0;-3.0;11.0
7379;11.103333333333333;11.0;14.0;-3.0;11.0
7389;11.17;11.0;14.0;-3.0;11.0
7399;11.076666666666666;11.0;14.0;-3.0;11.0
7409;11.106666666666667;11.0;14.0;-3.0;11.0
7419;11.096666666666666;11.0;14.0;-3.0;11.0
7429;11.063333333333333;11.0;14.0;-3.0;11.0
7439;11.07;11.0;14.0;-3.0;11.0
7449;11.066666666666666;11.0;14.0;-3.0;11.0
7459;11.133333333333333;11.0;14.0;-3.0;11.0
7469;11.16;11.0;14.0;-3.0;11.0
7479;11.1;11.0;14.0;-3.0;11.0
7489;11.093333333333334;11.0;14.0;-3.0;11.0
7499;11.113333333333333;11.0;14.0;-3.0;11.0
7509;11.11;11.0;14.0;-3.0;11.0
7519;11.086666666666666;11.0;14.0;-3.0;11.0
7529;11.1;11.0;14.0;-3.0;11.0
7539;11.12;11.0;14.0;-3.0;11.0
7549;11.126666666666667;11.0;14.0;-3.0;11.0
7559;11.133333333333333;11.0;14.0;-3.0;11.0
7569;11.096666666666666;11.0;14.0;-3.0;11.0
7579;11.113333333333333;11.0;14.0;-3.0;11.0
7589;11.116666666666667;11.0;14.0;-3.0;11.0
7599;11.173333333333334;11.0;14.0;-3.0;11.0
7609;11.123333333333333;11.0;14.0;-3.0;11.0
7619;11.126666666666667;11.0;14.0;-3.0;11.0
7629;11.086666666666666;11.0;14.0;-3.0;11.0
7639;11.073333333333334;11.0;14.0;-3.0;11.0
7649;11.096666666666666;11.0;14.0;-3.0;11.0
7659;11.036666666666667;11.0;14.0;-3.0;11.0
7669;11.136666666666667;11.0;14.0;-3.0;11.0
7679;11.156666666666666;11.0;14.0;-3.0;11.0
7689;11.076666666666666;11.0;14.0;-3.0;11.0
7699;11.16;11.0;14.0;-3.0;11.0
7709;11.163333333333334;11.0;14.0;-3.0;11.0
7719;11.096666666666666;11.0;14.0;-3.0;11.0
7729;11.126666666666667;11.0;14.0;-3.0;11.0
7739;11.123333333333333;11.0;14.0;-3.0;11.0
7749;11.146666666666667;11.0;14.0;-3.0;11.0
7759;11.163333333333334;11.0;14.0;-3.0;11.0
7769;11.143333333333333;11.0;14.0;-3.0;11.0
7779;11.143333333333333;11.0;14.0;-3.0;11.0
7789;11.07;11.0;14.0;-3.0;11.0
7799;11.153333333333334;11.0;14.0;-3.0;11.0
7809;11.076666666666666;11.0;14.0;-3.0;11.0
7819;11.096666666666666;11.0;14.0;-3.0;11.0
7829;11.18;11.0;14.0;-3.0;11.0
7839;11.08;11.0;14.0;-3.0;11.0
7849;11.176666666666666;11.0;14.0;-3.0;11.0
7859;11.136666666666667;11.0;14.0;-3.0;11.0
7869;11.126666666666667;11.0;14.0;-3.0;11.0
7879;11.08;11.0;14.0;-3.0;11.0
7889;11.13;11.0;14.0;-3.0;11.0
7899;11.126666666666667;11.0;14.0;-3.0;11.0
7909;11.023333333333333;11.0;14.0;-3.0;11.0
7919;11.103333333333333;11.0;14.0;-3.0;11.0
7929;11.196666666666667;11.0;14.0;-3.0;11.0
7939;11.183333333333334;11.0;14.0;-3.0;11.0
7949;11.16;11.0;14.0;-3.0;11.0
7959;11.106666666666667;11.0;14.0;-3.0;11.0
7969;11.096666666666666;11.0;14.0;-3.0;11.0
7979;11.106666666666667;11.0;14.0;-3.0;11.0
7989;11.056666666666667;11.0;14.0;-3.0;11.0
7999;11.196666666666667;11.0;14.0;-3.0;11.0
8009;11.116666666666667;11.0;14.0;-3.0;11.0
8019;11.09;11.0;14.0;-3.0;11.0
8029;11.11;11.0;14.0;-3.0;11.0
8039;11.08;11.0;14.0;-3.0;11.0
8049;11.123333333333333;11.0;14.0;-3.0;11.0
8059;11.12;11.0;14.0;-3.0;11.0
8069;11.11;11.0;14.0;-3.0;11.0
8079;11.106666666666667;11.0;14.0;-3.0;11.0
8089;11.1;11.0;14.0;-3.0;11.0
8099;11.12;11.0;14.0;-3.0;11.0
8109;11.133333333333333;11.0;14.0;-3.0;11.0
8119;11.16;11.0;14.0;-3.0;11.0
8129;11.166666666666666;11.0;14.0;-3.0;11.0
8139;11.133333333333333;11.0;14.0;-3.0;11.0
8149;11.11;11.0;14.0;-3.0;11.0
8159;11.13;11.0;14.0;-3.0;11.0
8169;11.15;11.0;14.0;-3.0;11.0
8179;11.073333333333334;11.0;14.0;-3.0;11.0
8189;11.1;11.0;14.0;-3.0;11.0
8199;11.14;11.0;14.0;-3.0;11.0
8209;11.14;11.0;14.0;-3.0;11.0
8219;11.123333333333333;11.0;14.0;-3.0;11.0
8229;11.133333333333333;11.0;14.0;-3.0;11.0
8239;11.196666666666667;11.0;14.0;-3.0;11.0
8249;11.09;11.0;14.0;-3.0;11.0
8259;11.14;11.0;14.0;-3.0;11.0
8269;11.07;11.0;14.0;-3.0;11.0
8279;11.126666666666667;11.0;14.0;-3.0;11.0
8289;11.103333333333333;11.0;14.0;-3.0;11.0
8299;11.06;11.0;14.0;-3.0;11.0
8309;11.15;11.0;14.0;-3.0;11.0
8319;11.103333333333333;11.0;14.0;-3.0;11.0
8329;11.153333333333334;11.0;14.0;-3.0;11.0
8339;11.1;11.0;14.0;-3.0;11.0
8349;11.14;11.0;14.0;-3.0;11.0
8359;11.12;11.0;14.0;-3.0;11.0
8369;11.113333333333333;11.0;14.0;-3.0;11.0
8379;11.126666666666667;11.0;14.0;-3.0;11.0
8389;11.056666666666667;11.0;14.0;-3.0;11.0
8399;11.186666666666667;11.0;14.0;-3.0;11.0
8409;11.12;11.0;14.0;-3.0;11.0
8419;11.096666666666666;11.0;14.0;-3.0;11.0
8429;11.093333333333334;11.0;14.0;-3.0;11.0
8439;11.133333333333333;11.0;14.0;-3.0;11.0
8449;11.133333333333333;11.0;14.0;-3.0;11.0
8459;11.103333333333333;11.0;14.0;-3.0;11.0
8469;11.143333333333333;11.0;14.0;-3.0;11.0
8479;11.08;11.0;14.0;-3.0;11.0
8489;11.166666666666666;11.0;14.0;-3.0;11.0
8499;11.093333333333334;11.0;14.0;-3.0;11.0
8509;11.093333333333334;11.0;14.0;-3.0;11.0
8519;11.066666666666666;11.0;14.0;-3.0;11.0
8529;11.113333333333333;11.0;14.0;-3.0;11.0
8539;11.14;11.0;14.0;-3.0;11.0
8549;11.086666666666666;11.0;14.0;-3.0;11.0
8559;11.146666666666667;11.0;14.0;-3.0;11.0
8569;11.096666666666666;11.0;14.0;-3.0;11.0
8579;11.133333333333333;11.0;14.0;-3.0;11.0
8589;11.136666666666667;11.0;14.0;-3.0;11.0
8599;11.073333333333334;11.0;14.0;-3.0;11.0
8609;11.133333333333333;11.0;14.0;-3.0;11.0
8619;11.103333333333333;11.0;14.0;-3.0;11.0
8629;11.09;11.0;14.0;-3.0;11.0
8639;11.113333333333333;11.0;14.0;-3.0;11.0
8649;11.073333333333334;11.0;14.0;-3.0;11.0
8659;11.096666666666666;11.0;14.0;-3.0;11.0
8669;11.143333333333333;11.0;14.0;-3.0;11.0
8679;11.126666666666667;11.0;14.0;-3.0;11.0
8689;11.08;11.0;14.0;-3.0;11.0
8699;11.123333333333333;11.0;14.0;-3.0;11.0
8709;11.106666666666667;11.0;14.0;-3.0;11.0
8719;11.113333333333333;11.0;14.0;-3.0;11.0
8729;11.073333333333334;11.0;14.0;-3.0;11.0
8739;11.093333333333334;11.0;14.0;-3.0;11.0
8749;11.086666666666666;11.0;14.0;-3.0;11.0
8759;11.18;11.0;14.0;-3.0;11.0
8769;11.123333333333333;11.0;14.0;-3.0;11.0
8779;11.12;11.0;14.0;-3.0;11.0
8789;11.103333333333333;11.0;14.0;-3.0;11.0
8799;11.093333333333334;11.0;14.0;-3.0;11.0
8809;11.123333333333333;11.0;14.0;-3.0;11.0
8819;11.113333333333333;11.0;14.0;-3.0;11.0
8829;11.086666666666666;11.0;14.0;-3.0;11.0
8839;11.106666666666667;11.0;14.0;-3.0;11.0
8849;11.136666666666667;11.0;14.0;-3.0;11.0
8859;11.146666666666667;11.0;14.0;-3.0;11.0
8869;11.136666666666667;11.0;14.0;-3.0;11.0
8879;11.143333333333333;11.0;14.0;-3.0;11.0
8889;11.113333333333333;11.0;14.0;-3.0;11.0
8899;11.133333333333333;11.0;14.0;-3.0;11.0
8909;11.136666666666667;11.0;14.0;-3.0;11.0
8919;11.133333333333333;11.0;14.0;-3.0;11.0
8929;11.1;11.0;14.0;-3.0;11.0
8939;11.156666666666666;11.0;14.0;-3.0;11.0
8949;11.05;11.0;14.0;-3.0;11.0
8959;11.096666666666666;11.0;14.0;-3.0;11.0
8969;11.136666666666667;11.0;14.0;-3.0;11.0
8979;11.11;11.0;14.0;-3.0;11.0
8989;11.17;11.0;14.0;-3.0;11.0
8999;11.116666666666667;11.0;14.0;-3.0;11.0
9009;11.123333333333333;11.0;14.0;-3.0;11.0
9019;11.103333333333333;11.0;14.0;-3.0;11.0
9029;11.13;11.0;14.0;-3.0;11.0
9039;11.106666666666667;11.0;14.0;-3.0;11.0
9049;11.036666666666667;11.0;14.0;-3.0;11.0
9059;11.083333333333334;11.0;14.0;-3.0;11.0
9069;11.133333333333333;11.0;14.0;-3.0;11.0
9079;11.116666666666667;11.0;14.0;-3.0;11.0
9089;11.13;11.0;14.0;-3.0;11.0
9099;11.143333333333333;11.0;14.0;-3.0;11.0
9109;11.12;11.0;14.0;-3.0;11.0
9119;11.14;11.0;14.0;-3.0;11.0
9129;11.13;11.0;14.0;-3.0;11.0
9139;11.106666666666667;11.0;14.0;-3.0;11.0
9149;11.103333333333333;11.0;14.0;-3.0;11.0
9159;11.106666666666667;11.0;14.0;-3.0;11.0
9169;11.12;11.0;14.0;-3.0;11.0
9179;11.146666666666667;11.0;14.0;-3.0;11.0
9189;11.116666666666667;11.0;14.0;-3.0;11.0
9199;11.116666666666667;11.0;14.0;-3.0;11.0
9209;11.126666666666667;11.0;14.0;-3.0;11.0
9219;11.046666666666667;11.0;14.0;-3.0;11.0
9229;11.09;11.0;14.0;-3.0;11.0
9239;11.136666666666667;11.0;14.0;-3.0;11.0
9249;11.07;11.0;14.0;-3.0;11.0
9259;11.11;11.0;14.0;-3.0;11.0
9269;11.17;11.0;14.0;-3.0;11.0
9279;11.076666666666666;11.0;14.0;-3.0;11.0
9289;11.126666666666667;11.0;14.0;-3.0;11.0
9299;11.076666666666666;11.0;14.0;-3.0;11.0
9309;11.133333333333333;11.0;14.0;-3.0;11.0
9319;11.04;11.0;14.0;-3.0;11.0
9329;11.103333333333333;11.0;14.0;-3.0;11.0
9339;11.196666666666667;11.0;14.0;-3.0;11.0
9349;11.09;11.0;14.0;-3.0;11.0
9359;11.166666666666666;11.0;14.0;-3.0;11.0
9369;11.09;11.0;14.0;-3.0;11.0
9379;11.11;11.0;14.0;-3.0;11.0
9389;11.09;11.0;14.0;-3.0;11.0
9399;11.126666666666667;11.0;14.0;-3.0;11.0
9409;11.11;11.0;14.0;-3.0;11.0
9419;11.133333333333333;11.0;14.0;-3.0;11.0
9429;11.066666666666666;11.0;14.0;-3.0;11.0
9439;11.13;11.0;14.0;-3.0;11.0
9449;11.12;11.0;14.0;-3.0;11.0
9459;11.073333333333334;11.0;14.0;-3.0;11.0
9469;11.15;11.0;14.0;-3.0;11.0
9479;11.126666666666667;11.0;14.0;-3.0;11.0
9489;11.14;11.0;14.0;-3.0;11.0
9499;11.096666666666666;11.0;14.0;-3.0;11.0
9509;11.103333333333333;11.0;14.0;-3.0;11.0
9519;11.16;11.0;14.0;-3.0;11.0
9529;11.09;11.0;14.0;-3.0;11.0
9539;11.156666666666666;11.0;14.0;-3.0;11.0
9549;11.11;11.0;14.0;-3.0;11.0
9559;11.13;11.0;14.0;-3.0;11.0
9569;11.14;11.0;14.0;-3.0;11.0
9579;11.17;11.0;14.0;-3.0;11.0
9589;11.13;11.0;14.0;-3.0;11.0
9599;11.103333333333333;11.0;14.0;-3.0;11.0
9609;11.083333333333334;11.0;14.0;-3.0;11.0
9619;11.096666666666666;11.0;14.0;-3.0;11.0
9629;11.07;11.0;14.0;-3.0;11.0
9639;11.103333333333333;11.0;14.0;-3.0;11.0
9649;11.123333333333333;11.0;14.0;-3.0;11.0
9659;11.086666666666666;11.0;14.0;-3.0;11.0
9669;11.123333333333333;11.0;14.0;-3.0;11.0
9679;11.13;11.0;14.0;-3.0;11.0
9689;11.09;11.0;14.0;-3.0;11.0
9699;11.196666666666667;11.0;14.0;-3.0;11.0
9709;11.083333333333334;11.0;14.0;-3.0;11.0
9719;11.136666666666667;11.0;14.0;-3.0;11.0
9729;11.143333333333333;11.0;14.0;-3.0;11.0
9739;11.14;11.0;14.0;-3.0;11.0
9749;11.06;11.0;14.0;-3.0;11.0
9759;11.12;11.0;14.0;-3.0;11.0
9769;11.106666666666667;11.0;14.0;-3.0;11.0
9779;11.123333333333333;11.0;14.0;-3.0;11.0
9789;11.07;11.0;14.0;-3.0;11.0
9799;11.063333333333333;11.0;14.0;-3.0;11.0
9809;11.116666666666667;11.0;14.0;-3.0;11.0
9819;11.116666666666667;11.0;14.0;-3.0;11.0
9829;11.05;11.0;14.0;-3.0;11.0
9839;11.12;11.0;14.0;-3.0;11.0
9849;11.136666666666667;11.0;14.0;-3.0;11.0
9859;11.09;11.0;14.0;-3.0;11.0
9869;11.116666666666667;11.0;14.0;-3.0;11.0
9879;11.093333333333334;11.0;14.0;-3.0;11.0
9889;11.126666666666667;11.0;14.0;-3.0;11.0
9899;11.15;11.0;14.0;-3.0;11.0
9909;11.13;11.0;14.0;-3.0;11.0
9919;11.16;11.0;14.0;-3.0;11.0
9929;11.13;11.0;14.0;-3.0;11.0
9939;11.14;11.0;14.0;-3.0;11.0
9949;11.156666666666666;11.0;14.0;-3.0;11.0
9959;11.143333333333333;11.0;14.0;-3.0;11.0
9969;11.1;11.0;14.0;-3.0;11.0
9979;11.136666666666667;11.0;14.0;-3.0;11.0
9989;11.163333333333334;11.0;14.0;-3.0;11.0
9999;11.07;11.0;14.0;-3.0;11.0
10009;11.14;11.0;14.0;-3.0;11.0
10019;11.086666666666666;11.0;14.0;-3.0;11.0
10029;11.136666666666667;11.0;14.0;-3.0;11.0
10039;11.103333333333333;11.0;14.0;-3.0;11.0
10049;11.12;11.0;14.0;-3.0;11.0
10059;11.123333333333333;11.0;14.0;-3.0;11.0
10069;11.19;11.0;14.0;-3.0;11.0
10079;11.136666666666667;11.0;14.0;-3.0;11.0
10089;11.113333333333333;11.0;14.0;-3.0;11.0
10099;11.116666666666667;11.0;14.0;-3.0;11.0
10109;11.123333333333333;11.0;14.0;-3.0;11.0
10119;11.12;11.0;14.0;-3.0;11.0
10129;11.183333333333334;11.0;14.0;-3.0;11.0
10139;11.133333333333333;11.0;14.0;-3.0;11.0
10149;11.083333333333334;11.0;14.0;-3.0;11.0
10159;11.11;11.0;14.0;-3.0;11.0
10169;11.136666666666667;11.0;14.0;-3.0;11.0
10179;11.11;11.0;14.0;-3.0;11.0
10189;11.12;11.0;14.0;-3.0;11.0
10199;11.116666666666667;11.0;14.0;-3.0;11.0
10209;11.133333333333333;11.0;14.0;-3.0;11.0
10219;11.13;11.0;14.0;-3.0;11.0
10229;11.17;11.0;14.0;-3.0;11.0
10239;11.096666666666666;11.0;14.0;-3.0;11.0
10249;11.1;11.0;14.0;-3.0;11.0
10259;11.156666666666666;11.0;14.0;-3.0;11.0
10269;11.146666666666667;11.0;14.0;-3.0;11.0
10279;11.15;11.0;14.0;-3.0;11.0
10289;11.14;11.0;14.0;-3.0;11.0
10299;11.11;11.0;14.0;-3.0;11.0
10309;11.09;11.0;14.0;-3.0;11.0
10319;11.096666666666666;11.0;14.0;-3.0;11.0
10329;11.086666666666666;11.0;14.0;-3.0;11.0
10339;11.13;11.0;14.0;-3.0;11.0
10349;11.076666666666666;11.0;14.0;-3.0;11.0
10359;11.123333333333333;11.0;14.0;-3.0;11.0
10369;11.11;11.0;14.0;-3.0;11.0
10379;11.16;11.0;14.0;-3.0;11.0
10389;11.083333333333334;11.0;14.0;-3.0;11.0
10399;11.126666666666667;11.0;14.0;-3.0;11.0
10409;11.113333333333333;11.0;14.0;-3.0;11.0
10419;11.1;11.0;14.0;-3.0;11.0
10429;11.113333333333333;11.0;14.0;-3.0;11.0
10439;11.093333333333334;11.0;14.0;-3.0;11.0
10449;11.143333333333333;11.0;14.0;-3.0;11.0
10459;11.153333333333334;11.0;14.0;-3.0;11.0
10469;11.076666666666666;11.0;14.0;-3.0;11.0
10479;11.113333333333333;11.0;14.0;-3.0;11.0
10489;11.053333333333333;11.0;14.0;-3.0;11.0
10499;11.073333333333334;11.0;14.0;-3.0;11.0
10509;11.113333333333333;11.0;14.0;-3.0;11.0
10519;11.063333333333333;11.0;14.0;-3.0;11.0
10529;11.15;11.0;14.0;-3.0;11.0
10539;11.12;11.0;14.0;-3.0;11.0
10549;11.14;11.0;14.0;-3.0;11.0
10559;11.11;11.0;14.0;-3.0;11.0
10569;11.123333333333333;11.0;14.0;-3.0;11.0
10579;11.13;11.0;14.0;-3.0;11.0
10589;11.123333333333333;11.0;14.0;-3.0;11.0
10599;11.116666666666667;11.0;14.0;-3.0;11.0
10609;11.103333333333333;11.0;14.0;-3.0;11.0
10619;11.086666666666666;11.0;14.0;-3.0;11.0
10629;11.076666666666666;11.0;14.0;-3.0;11.0
10639;11.146666666666667;11.0;14.0;-3.0;11.0
10649;11.16;11.0;14.0;-3.0;11.0
10659;11.093333333333334;11.0;14.0;-3.0;11.0
10669;11.13;11.0;14.0;-3.0;11.0
10679;11.133333333333333;11.0;14.0;-3.0;11.0
10689;11.116666666666667;11.0;14.0;-3.0;11.0
10699;11.126666666666667;11.0;14.0;-3.0;11.0
10709;11.12;11.0;14.0;-3.0;11.0
10719;11.08;11.0;14.0;-3.0;11.0
10729;11.126666666666667;11.0;14.0;-3.0;11.0
10739;11.13;11.0;14.0;-3.0;11.0
10749;11.146666666666667;11.0;14.0;-3.0;11.0
10759;11.143333333333333;11.0;14.0;-3.0;11.0
10769;11.09;11.0;14.0;-3.0;11.0
10779;11.096666666666666;11.0;14.0;-3.0;11.0
10789;11.083333333333334;11.0;14.0;-3.0;11.0
10799;11.116666666666667;11.0;14.0;-3.0;11.0
10809;11.126666666666667;11.0;14.0;-3.0;11.0
10819;11.13;11.0;14.0;-3.0;11.0
10829;11.113333333333333;11.0;14.0;-3.0;11.0
10839;11.086666666666666;11.0;14.0;-3.0;11.0
10849;11.116666666666667;11.0;14.0;-3.0;11.0
10859;11.106666666666667;11.0;14.0;-3.0;11.0
10869;11.07;11.0;14.0;-3.0;11.0
10879;11.116666666666667;11.0;14.0;-3.0;11.0
10889;11.09;11.0;14.0;-3.0;11.0
10899;11.09;11.0;14.0;-3.0;11.0
10909;11.073333333333334;11.0;14.0;-3.0;11.0
10919;11.106666666666667;11.0;14.0;-3.0;11.0
10929;11.193333333333333;11.0;14.0;-3.0;11.0
10939;11.096666666666666;11.0;14.0;-3.0;11.0
10949;11.093333333333334;11.0;14.0;-3.0;11.0
10959;11.06;11.0;14.0;-3.0;11.0
10969;11.1;11.0;14.0;-3.0;11.0
10979;11.156666666666666;11.0;14.0;-3.0;11.0
10989;11.156666666666666;11.0;14.0;-3.0;11.0
10999;11.083333333333334;11.0;14.0;-3.0;11.0
11009;11.133333333333333;11.0;14.0;-3.0;11.0
11019;11.096666666666666;11.0;14.0;-3.0;11.0
11029;11.183333333333334;11.0;14.0;-3.0;11.0
11039;11.146666666666667;11.0;14.0;-3.0;11.0
11049;11.086666666666666;11.0;14.0;-3.0;11.0
11059;11.05;11.0;14.0;-3.0;11.0
11069;11.12;11.0;14.0;-3.0;11.0
11079;11.11;11.0;14.0;-3.0;11.0
11089;11.093333333333334;11.0;14.0;-3.0;11.0
11099;11.12;11.0;14.0;-3.0;11.0
11109;11.096666666666666;11.0;14.0;-3.0;11.0
11119;11.146666666666667;11.0;14.0;-3.0;11.0
11129;11.106666666666667;11.0;14.0;-3.0;11.0
11139;11.12;11.0;14.0;-3.0;11.0
11149;11.053333333333333;11.0;14.0;-3.0;11.0
11159;11.106666666666667;11.0;14.0;-3.0;11.0
11169;11.113333333333333;11.0;14.0;-3.0;11.0
11179;11.09;11.0;14.0;-3.0;11.0
11189;11.133333333333333;11.0;14.0;-3.0;11.0
11199;11.123333333333333;11.0;14.0;-3.0;11.0
11209;11.156666666666666;11.0;14.0;-3.0;11.0
11219;11.15;11.0;14.0;-3.0;11.0
11229;11.126666666666667;11.0;14.0;-3.0;11.0
11239;11.11;11.0;14.0;-3.0;11.0
11249;11.12;11.0;14.0;-3.0;11.0
11259;11.073333333333334;11.0;14.0;-3.0;11.0
11269;11.123333333333333;11.0;14.0;-3.0;11.0
11279;11.123333333333333;11.0;14.0;-3.0;11.0
11289;11.116666666666667;11.0;14.0;-3.0;11.0
11299;11.076666666666666;11.0;14.0;-3.0;11.0
11309;11.116666666666667;11.0;14.0;-3.0;11.0
11319;11.166666666666666;11.0;14.0;-3.0;11.0
11329;11.163333333333334;11.0;14.0;-3.0;11.0
11339;11.11;11.0;14.0;-3.0;11.0
11349;11.14;11.0;14.0;-3.0;11.0
11359;11.153333333333334;11.0;14.0;-3.0;11.0
11369;11.15;11.0;14.0;-3.0;11.0
11379;11.126666666666667;11.0;14.0;-3.0;11.0
11389;11.08;11.0;14.0;-3.0;11.0
11399;11.08;11.0;14.0;-3.0;11.0
11409;11.133333333333333;11.0;14.0;-3.0;11.0
11419;11.14;11.0;14.0;-3.0;11.0
11429;11.076666666666666;11.0;14.0;-3.0;11.0
11439;11.146666666666667;11.0;14.0;-3.0;11.0
11449;11.096666666666666;11.0;14.0;-3.0;11.0
11459;11.146666666666667;11.0;14.0;-3.0;11.0
11469;11.113333333333333;11.0;14.0;-3.0;11.0
11479;11.12;11.0;14.0;-3.0;11.0
11489;11.12;11.0;14.0;-3.0;11.0
11499;11.123333333333333;11.0;14.0;-3.0;11.0
11509;11.146666666666667;11.0;14.0;-3.0;11.0
11519;11.183333333333334;11.0;14.0;-3.0;11.0
11529;11.183333333333334;11.0;14.0;-3.0;11.0
11539;11.053333333333333;11.0;14.0;-3.0;11.0
11549;11.15;11.0;14.0;-3.0;11.0
11559;11.12;11.0;14.0;-3.0;11.0
11569;11.116666666666667;11.0;14.0;-3.0;11.0
11579;11.12;11.0;14.0;-3.0;11.0
11589;11.113333333333333;11.0;14.0;-3.0;11.0
11599;11.12;11.0;14.0;-3.0;11.0
11609;11.096666666666666;11.0;14.0;-3.0;11.0
11619;11.143333333333333;11.0;14.0;-3.0;11.0
11629;11.203333333333333;11.0;14.0;-3.0;11.0
11639;11.086666666666666;11.0;14.0;-3.0;11.0
11649;11.17;11.0;14.0;-3.0;11.0
11659;11.116666666666667;11.0;14.0;-3.0;11.0
11669;11.09;11.0;14.0;-3.0;11.0
11679;11.116666666666667;11.0;14.0;-3.0;11.0
11689;11.113333333333333;11.0;14.0;-3.0;11.0
11699;11.1;11.0;14.0;-3.0;11.0
11709;11.063333333333333;11.0;14.0;-3.0;11.0
11719;11.1;11.0;14.0;-3.0;11.0
11729;11.116666666666667;11.0;14.0;-3.0;11.0
11739;11.136666666666667;11.0;14.0;-3.0;11.0
11749;11.13;11.0;14.0;-3.0;11.0
11759;11.11;11.0;14.0;-3.0;11.0
11769;11.123333333333333;11.0;14.0;-3.0;11.0
11779;11.096666666666666;11.0;14.0;-3.0;11.0
11789;11.05;11.0;14.0;-3.0;11.0
11799;11.096666666666666;11.0;14.0;-3.0;11.0
11809;11.063333333333333;11.0;14.0;-3.0;11.0
11819;11.1;11.0;14.0;-3.0;11.0
11829;11.093333333333334;11.0;14.0;-3.0;11.0
11839;11.126666666666667;11.0;14.0;-3.0;11.0
11849;11.116666666666667;11.0;14.0;-3.0;11.0
11859;11.13;11.0;14.0;-3.0;11.0
11869;11.113333333333333;11.0;14.0;-3.0;11.0
11879;11.116666666666667;11.0;14.0;-3.0;11.0
11889;11.07;11.0;14.0;-3.0;11.0
11899;11.073333333333334;11.0;14.0;-3.0;11.0
11909;11.116666666666667;11.0;14.0;-3.0;11.0
11919;11.113333333333333;11.0;14.0;-3.0;11.0
11929;11.12;11.0;14.0;-3.0;11.0
11939;11.116666666666667;11.0;14.0;-3.0;11.0
11949;11.07;11.0;14.0;-3.0;11.0
11959;11.093333333333334;11.0;14.0;-3.0;11.0
11969;11.106666666666667;11.0;14.0;-3.0;11.0
11979;11.113333333333333;11.0;14.0;-3.0;11.0
11989;11.076666666666666;11.0;14.0;-3.0;11.0
11999;11.093333333333334;11.0;14.0;-3.0;11.0
12009;11.076666666666666;11.0;14.0;-3.0;11.0
12019;11.093333333333334;11.0;14.0;-3.0;11.0
12029;11.13;11.0;14.0;-3.0;11.0
12039;11.123333333333333;11.0;14.0;-3.0;11.0
12049;11.063333333333333;11.0;14.0;-3.0;11.0
12059;11.093333333333334;11.0;14.0;-3.0;11.0
12069;11.073333333333334;11.0;14.0;-3.0;11.0
12079;11.13;11.0;14.0;-3.0;11.0
12089;11.1;11.0;14.0;-3.0;11.0
12099;11.136666666666667;11.0;14.0;-3.0;11.0
12109;11.11;11.0;14.0;-3.0;11.0
12119;11.1;11.0;14.0;-3.0;11.0
12129;11.08;11.0;14.0;-3.0;11.0
12139;11.103333333333333;11.0;14.0;-3.0;11.0
12149;11.133333333333333;11.0;14.0;-3.0;11.0
12159;11.11;11.0;14.0;-3.0;11.0
12169;11.106666666666667;11.0;14.0;-3.0;11.0
12179;11.096666666666666;11.0;14.0;-3.0;11.0
12189;11.106666666666667;11.0;14.0;-3.0;11.0
12199;11.156666666666666;11.0;14.0;-3.0;11.0
12209;11.153333333333334;11.0;14.0;-3.0;11.0
12219;11.103333333333333;11.0;14.0;-3.0;11.0
12229;11.106666666666667;11.0;14.0;-3.0;11.0
12239;11.146666666666667;11.0;14.0;-3.0;11.0
12249;11.136666666666667;11.0;14.0;-3.0;11.0
12259;11.083333333333334;11.0;14.0;-3.0;11.0
12269;11.146666666666667;11.0;14.0;-3.0;11.0
12279;11.14;11.0;14.0;-3.0;11.0
12289;11.206666666666667;11.0;14.0;-3.0;11.0
12299;11.13;11.0;14.0;-3.0;11.0
12309;11.15;11.0;14.0;-3.0;11.0
12319;11.063333333333333;11.0;14.0;-3.0;11.0
12329;11.096666666666666;11.0;14.0;-3.0;11.0
12339;11.086666666666666;11.0;14.0;-3.0;11.0
12349;11.116666666666667;11.0;14.0;-3.0;11.0
12359;11.17;11.0;14.0;-3.0;11.0
12369;11.093333333333334;11.0;14.0;-3.0;11.0
12379;11.18;11.0;14.0;-3.0;11.0
12389;11.126666666666667;11.0;14.0;-3.0;11.0
12399;11.096666666666666;11.0;14.0;-3.0;11.0
12409;11.103333333333333;11.0;14.0;-3.0;11.0
12419;11.166666666666666;11.0;14.0;-3.0;11.0
12429;11.103333333333333;11.0;14.0;-3.0;11.0
12439;11.076666666666666;11.0;14.0;-3.0;11.0
12449;11.06;11.0;14.0;-3.0;11.0
12459;11.09;11.0;14.0;-3.0;11.0
12469;11.093333333333334;11.0;14.0;-3.0;11.0
12479;11.116666666666667;11.0;14.0;-3.0;11.0
12489;11.123333333333333;11.0;14.0;-3.0;11.0
12499;11.103333333333333;11.0;14.0;-3.0;11.0
12509;11.116666666666667;11.0;14.0;-3.0;11.0
12519;11.166666666666666;11.0;14.0;-3.0;11.0
12529;11.146666666666667;11.0;14.0;-3.0;11.0
12539;11.14;11.0;14.0;-3.0;11.0
12549;11.136666666666667;11.0;14.0;-3.0;11.0
12559;11.05;11.0;14.0;-3.0;11.0
12569;11.09;11.0;14.0;-3.0;11.0
12579;11.103333333333333;11.0;14.0;-3.0;11.0
12589;11.08;11.0;14.0;-3.0;11.0
12599;11.09;11.0;14.0;-3.0;11.0
12609;11.08;11.0;14.0;-3.0;11.0
12619;11.13;11.0;14.0;-3.0;11.0
12629;11.173333333333334;11.0;14.0;-3.0;11.0
12639;11.106666666666667;11.0;14.0;-3.0;11.0
12649;11.066666666666666;11.0;14.0;-3.0;11.0
12659;11.076666666666666;11.0;14.0;-3.0;11.0
12669;11.12;11.0;14.0;-3.0;11.0
12679;11.11;11.0;14.0;-3.0;11.0
12689;11.116666666666667;11.0;14.0;-3.0;11.0
12699;11.13;11.0;14.0;-3.0;11.0
12709;11.103333333333333;11.0;14.0;-3.0;11.0
12719;11.123333333333333;11.0;14.0;-3.0;11.0
12729;11.123333333333333;11.0;14.0;-3.0;11.0
12739;11.133333333333333;11.0;14.0;-3.0;11.0
12749;11.186666666666667;11.0;14.0;-3.0;11.0
12759;11.12;11.0;14.0;-3.0;11.0
12769;11.086666666666666;11.0;14.0;-3.0;11.0
12779;11.1;11.0;14.0;-3.0;11.0
12789;11.103333333333333;11.0;14.0;-3.0;11.0
12799;11.086666666666666;11.0;14.0;-3.0;11.0
12809;11.12;11.0;14.0;-3.0;11.0
12819;11.076666666666666;11.0;14.0;-3.0;11.0
12829;11.116666666666667;11.0;14.0;-3.0;11.0
12839;11.18;11.0;14.0;-3.0;11.0
12849;11.1;11.0;14.0;-3.0;11.0
12859;11.1;11.0;14.0;-3.0;11.0
12869;11.183333333333334;11.0;14.0;-3.0;11.0
12879;11.14;11.0;14.0;-3.0;11.0
12889;11.176666666666666;11.0;14.0;-3.0;11.0
12899;11.126666666666667;11.0;14.0;-3.0;11.0
12909;11.096666666666666;11.0;14.0;-3.0;11.0
12919;11.113333333333333;11.0;14.0;-3.0;11.0
12929;11.123333333333333;11.0;14.0;-3.0;11.0
12939;11.036666666666667;11.0;14.0;-3.0;11.0
12949;11.093333333333334;11.0;14.0;-3.0;11.0
12959;11.073333333333334;11.0;14.0;-3.0;11.0
12969;11.14;11.0;14.0;-3.0;11.0
12979;11.1;11.0;14.0;-3.0;11.0
12989;11.156666666666666;11.0;14.0;-3.0;11.0
12999;11.083333333333334;11.0;14.0;-3.0;11.0
13009;11.126666666666667;11.0;14.0;-3.0;11.0
13019;11.103333333333333;11.0;14.0;-3.0;11.0
13029;11.13;11.0;14.0;-3.0;11.0
13039;11.113333333333333;11.0;14.0;-3.0;11.0
13049;11.14;11.0;14.0;-3.0;11.0
13059;11.066666666666666;11.0;14.0;-3.0;11.0
13069;11.16;11.0;14.0;-3.0;11.0
13079;11.18;11.0;14.0;-3.0;11.0
13089;11.1;11.0;14.0;-3.0;11.0
13099;11.096666666666666;11.0;14.0;-3.0;11.0
13109;11.07;11.0;14.0;-3.0;11.0
13119;11.15;11.0;14.0;-3.0;11.0
13129;11.053333333333333;11.0;14.0;-3.0;11.0
13139;11.11;11.0;14.0;-3.0;11.0
13149;11.06;11.0;14.0;-3.0;11.0
13159;11.136666666666667;11.0;14.0;-3.0;11.0
13169;11.186666666666667;11.0;14.0;-3.0;11.0
13179;11.116666666666667;11.0;14.0;-3.0;11.0
13189;11.096666666666666;11.0;14.0;-3.0;11.0
13199;11.136666666666667;11.0;14.0;-3.0;11.0
13209;11.08;11.0;14.0;-3.0;11.0
13219;11.076666666666666;11.0;14.0;-3.0;11.0
13229;11.106666666666667;11.0;14.0;-3.0;11.0
13239;11.103333333333333;11.0;14.0;-3.0;11.0
13249;11.133333333333333;11.0;14.0;-3.0;11.0
13259;11.15;11.0;14.0;-3.0;11.0
13269;11.15;11.0;14.0;-3.0;11.0
13279;11.063333333333333;11.0;14.0;-3.0;11.0
13289;11.096666666666666;11.0;14.0;-3.0;11.0
13299;11.123333333333333;11.0;14.0;-3.0;11.0
13309;11.106666666666667;11.0;14.0;-3.0;11.0
13319;11.096666666666666;11.0;14.0;-3.0;11.0
13329;11.193333333333333;11.0;14.0;-3.0;11.0
13339;11.08;11.0;14.0;-3.0;11.0
13349;11.18;11.0;14.0;-3.0;11.0
13359;11.116666666666667;11.0;14.0;-3.0;11.0
13369;11.076666666666666;11.0;14.0;-3.0;11.0
13379;11.076666666666666;11.0;14.0;-3.0;11.0
13389;11.076666666666666;11.0;14.0;-3.0;11.0
13399;11.14;11.0;14.0;-3.0;11.0
13409;11.163333333333334;11.0;14.0;-3.0;11.0
13419;11.153333333333334;11.0;14.0;-3.0;11.0
13429;11.1;11.0;14.0;-3.0;11.0
13439;11.176666666666666;11.0;14.0;-3.0;11.0
13449;11.18;11.0;14.0;-3.0;11.0
13459;11.1;11.0;14.0;-3.0;11.0
13469;11.12;11.0;14.0;-3.0;11.0
13479;11.146666666666667;11.0;14.0;-3.0;11.0
13489;11.076666666666666;11.0;14.0;-3.0;11.0
13499;11.093333333333334;11.0;14.0;-3.0;11.0
13509;11.14;11.0;14.0;-3.0;11.0
13519;11.103333333333333;11.0;14.0;-3.0;11.0
13529;11.116666666666667;11.0;14.0;-3.0;11.0
13539;11.146666666666667;11.0;14.0;-3.0;11.0
13549;11.103333333333333;11.0;14.0;-3.0;11.0
13559;11.04;11.0;14.0;-3.0;11.0
13569;11.133333333333333;11.0;14.0;-3.0;11.0
13579;11.133333333333333;11.0;14.0;-3.0;11.0
13589;11.12;11.0;14.0;-3.0;11.0
13599;11.156666666666666;11.0;14.0;-3.0;11.0
13609;11.136666666666667;11.0;14.0;-3.0;11.0
13619;11.126666666666667;11.0;14.0;-3.0;11.0
13629;11.06;11.0;14.0;-3.0;11.0
13639;11.106666666666667;11.0;14.0;-3.0;11.0
13649;11.136666666666667;11.0;14.0;-3.0;11.0
13659;11.136666666666667;11.0;14.0;-3.0;11.0
13669;11.12;11.0;14.0;-3.0;11.0
13679;11.07;11.0;14.0;-3.0;11.0
13689;11.156666666666666;11.0;14.0;-3.0;11.0
13699;11.103333333333333;11.0;14.0;-3.0;11.0
13709;11.043333333333333;11.0;14.0;-3.0;11.0
13719;11.123333333333333;11.0;14.0;-3.0;11.0
13729;11.1;11.0;14.0;-3.0;11.0
13739;11.18;11.0;14.0;-3.0;11.0
13749;11.056666666666667;11.0;14.0;-3.0;11.0
13759;11.13;11.0;14.0;-3.0;11.0
13769;11.153333333333334;11.0;14.0;-3.0;11.0
13779;11.173333333333334;11.0;14.0;-3.0;11.0
13789;11.163333333333334;11.0;14.0;-3.0;11.0
13799;11.116666666666667;11.0;14.0;-3.0;11.0
13809;11.183333333333334;11.0;14.0;-3.0;11.0
13819;11.106666666666667;11.0;14.0;-3.0;11.0
13829;11.093333333333334;11.0;14.0;-3.0;11.0
13839;11.133333333333333;11.0;14.0;-3.0;11.0
13849;11.193333333333333;11.0;14.0;-3.0;11.0
13859;11.106666666666667;11.0;14.0;-3.0;11.0
13869;11.123333333333333;11.0;14.0;-3.0;11.0
13879;11.053333333333333;11.0;14.0;-3.0;11.0
13889;11.1;11.0;14.0;-3.0;11.0
13899;11.156666666666666;11.0;14.0;-3.0;11.0
13909;11.113333333333333;11.0;14.0;-3.0;11.0
13919;11.136666666666667;11.0;14.0;-3.0;11.0
13929;11.14;11.0;14.0;-3.0;11.0
13939;11.123333333333333;11.0;14.0;-3.0;11.0
13949;11.116666666666667;11.0;14.0;-3.0;11.0
13959;11.133333333333333;11.0;14.0;-3.0;11.0
13969;11.136666666666667;11.0;14.0;-3.0;11.0
13979;11.086666666666666;11.0;14.0;-3.0;11.0
13989;11.103333333333333;11.0;14.0;-3.0;11.0
13999;11.093333333333334;11.0;14.0;-3.0;11.0
14009;11.09;11.0;14.0;-3.0;11.0
14019;11.13;11.0;14.0;-3.0;11.0
14029;11.12;11.0;14.0;-3.0;11.0
14039;11.103333333333333;11.0;14.0;-3.0;11.0
14049;11.103333333333333;11.0;14.0;-3.0;11.0
14059;11.063333333333333;11.0;14.0;-3.0;11.0
14069;11.066666666666666;11.0;14.0;-3.0;11.0
14079;11.083333333333334;11.0;14.0;-3.0;11.0
14089;11.096666666666666;11.0;14.0;-3.0;11.0
14099;11.093333333333334;11.0;14.0;-3.0;11.0
14109;11.123333333333333;11.0;14.0;-3.0;11.0
14119;11.076666666666666;11.0;14.0;-3.0;11.0
14129;11.1;11.0;14.0;-3.0;11.0
14139;11.103333333333333;11.0;14.0;-3.0;11.0
14149;11.06;11.0;14.0;-3.0;11.0
14159;11.08;11.0;14.0;-3.0;11.0
14169;11.09;11.0;14.0;-3.0;11.0
14179;11.133333333333333;11.0;14.0;-3.0;11.0
14189;11.123333333333333;11.0;14.0;-3.0;11.0
14199;11.166666666666666;11.0;14.0;-3.0;11.0
14209;11.196666666666667;11.0;14.0;-3.0;11.0
14219;11.113333333333333;11.0;14.0;-3.0;11.0
14229;11.083333333333334;11.0;14.0;-3.0;11.0
14239;11.146666666666667;11.0;14.0;-3.0;11.0
14249;11.146666666666667;11.0;14.0;-3.0;11.0
14259;11.13;11.0;14.0;-3.0;11.0
14269;11.09;11.0;14.0;-3.0;11.0
14279;11.11;11.0;14.0;-3.0;11.0
14289;11.07;11.0;14.0;-3.0;11.0
14299;11.116666666666667;11.0;14.0;-3.0;11.0
14309;11.083333333333334;11.0;14.0;-3.0;11.0
14319;11.093333333333334;11.0;14.0;-3.0;11.0
14329;11.126666666666667;11.0;14.0;-3.0;11.0
14339;11.113333333333333;11.0;14.0;-3.0;11.0
14349;11.136666666666667;11.0;14.0;-3.0;11.0
14359;11.11;11.0;14.0;-3.0;11.0
14369;11.09;11.0;14.0;-3.0;11.0
14379;11.126666666666667;11.0;14.0;-3.0;11.0
14389;11.14;11.0;14.0;-3.0;11.0
14399;11.113333333333333;11.0;14.0;-3.0;11.0
14409;11.076666666666666;11.0;14.0;-3.0;11.0
14419;11.136666666666667;11.0;14.0;-3.0;11.0
14429;11.113333333333333;11.0;14.0;-3.0;11.0
14439;11.173333333333334;11.0;14.0;-3.0;11.0
14449;11.103333333333333;11.0;14.0;-3.0;11.0
14459;11.08;11.0;14.0;-3.0;11.0
14469;11.113333333333333;11.0;14.0;-3.0;11.0
14479;11.046666666666667;11.0;14.0;-3.0;11.0
14489;11.116666666666667;11.0;14.0;-3.0;11.0
14499;11.116666666666667;11.0;14.0;-3.0;11.0
14509;11.1;11.0;14.0;-3.0;11.0
14519;11.133333333333333;11.0;14.0;-3.0;11.0
14529;11.086666666666666;11.0;14.0;-3.0;11.0
14539;11.08;11.0;14.0;-3.0;11.0
14549;11.143333333333333;11.0;14.0;-3.0;11.0
14559;11.146666666666667;11.0;14.0;-3.0;11.0
14569;11.116666666666667;11.0;14.0;-3.0;11.0
14579;11.13;11.0;14.0;-3.0;11.0
14589;11.09;11.0;14.0;-3.0;11.0
14599;11.106666666666667;11.0;14.0;-3.0;11.0
14609;11.11;11.0;14.0;-3.0;11.0
14619;11.096666666666666;11.0;14.0;-3.0;11.0
14629;11.14;11.0;14.0;-3.0;11.0
14639;11.133333333333333;11.0;14.0;-3.0;11.0
14649;11.133333333333333;11.0;14.0;-3.0;11.0
14659;11.116666666666667;11.0;14.0;-3.0;11.0
14669;11.1;11.0;14.0;-3.0;11.0
14679;11.086666666666666;11.0;14.0;-3.0;11.0
14689;11.11;11.0;14.0;-3.0;11.0
14699;11.143333333333333;11.0;14.0;-3.0;11.0
14709;11.123333333333333;11.0;14.0;-3.0;11.0
14719;11.12;11.0;14.0;-3.0;11.0
14729;11.123333333333333;11.0;14.0;-3.0;11.0
14739;11.07;11.0;14.0;-3.0;11.0
14749;11.11;11.0;14.0;-3.0;11.0
14759;11.11;11.0;14.0;-3.0;11.0
14769;11.066666666666666;11.0;14.0;-3.0;11.0
14779;11.13;11.0;14.0;-3.0;11.0
14789;11.113333333333333;11.0;14.0;-3.0;11.0
14799;11.156666666666666;11.0;14.0;-3.0;11.0
14809;11.153333333333334;11.0;14.0;-3.0;11.0
14819;11.103333333333333;11.0;14.0;-3.0;11.0
14829;11.133333333333333;11.0;14.0;-3.0;11.0
14839;11.123333333333333;11.0;14.0;-3.0;11.0
14849;11.133333333333333;11.0;14.0;-3.0;11.0
14859;11.11;11.0;14.0;-3.0;11.0
14869;11.093333333333334;11.0;14.0;-3.0;11.0
14879;11.09;11.0;14.0;-3.0;11.0
14889;11.113333333333333;11.0;14.0;-3.0;11.0
14899;11.123333333333333;11.0;14.0;-3.0;11.0
14909;11.1;11.0;14.0;-3.0;11.0
14919;11.166666666666666;11.0;14.0;-3.0;11.0
14929;11.153333333333334;11.0;14.0;-3.0;11.0
14939;11.116666666666667;11.0;14.0;-3.0;11.0
14949;11.106666666666667;11.0;14.0;-3.0;11.0
14959;11.17;11.0;14.0;-3.0;11.0
14969;11.17;11.0;14.0;-3.0;11.0
14979;11.116666666666667;11.0;14.0;-3.0;11.0
14989;11.09;11.0;14.0;-3.0;11.0
14999;11.09;11.0;14.0;-3.0;11.0
