geracao;media da geracao;fitness do melhor da geracao;fitness do pior da geracao;relacao entre melhor e pior;fitness do melhor da run
Probabilidade Recombinação: 0.7
Probabilidade Mutação: 0.049999999999999996
Tipo de Selecção: Torneio
Tipo de Mutação: Simples Al.
Tamanho População: 300
Máximo de Gerações: 15000
0;84.60333333333334;69.0;101.0;-32.0;69.0
0;75.47;66.0;86.0;-20.0;66.0
9;53.77;51.0;58.0;-7.0;51.0
19;45.056666666666665;44.0;48.0;-4.0;44.0
29;40.01;39.0;43.0;-4.0;39.0
39;34.54666666666667;33.0;39.0;-6.0;33.0
49;31.076666666666668;31.0;34.0;-3.0;31.0
59;29.063333333333333;28.0;32.0;-4.0;28.0
69;28.086666666666666;27.0;31.0;-4.0;27.0
79;26.11;26.0;29.0;-3.0;26.0
89;23.11;22.0;26.0;-4.0;22.0
99;19.093333333333334;19.0;22.0;-3.0;19.0
109;18.063333333333333;18.0;21.0;-3.0;18.0
119;18.14666666666667;18.0;21.0;-3.0;18.0
129;18.14;18.0;21.0;-3.0;18.0
139;18.116666666666667;18.0;21.0;-3.0;18.0
149;16.053333333333335;16.0;19.0;-3.0;16.0
159;16.11;16.0;19.0;-3.0;16.0
169;16.046666666666667;16.0;19.0;-3.0;16.0
179;16.13;16.0;19.0;-3.0;16.0
189;16.10333333333333;16.0;19.0;-3.0;16.0
199;16.136666666666667;16.0;19.0;-3.0;16.0
209;16.14;16.0;19.0;-3.0;16.0
219;16.123333333333335;16.0;19.0;-3.0;16.0
229;16.066666666666666;16.0;19.0;-3.0;16.0
239;16.086666666666666;16.0;19.0;-3.0;16.0
249;16.063333333333333;16.0;19.0;-3.0;16.0
259;16.093333333333334;16.0;19.0;-3.0;16.0
269;16.07;16.0;19.0;-3.0;16.0
279;15.103333333333333;15.0;18.0;-3.0;15.0
289;15.11;15.0;18.0;-3.0;15.0
299;15.063333333333333;15.0;18.0;-3.0;15.0
309;14.12;14.0;17.0;-3.0;14.0
319;14.11;14.0;17.0;-3.0;14.0
329;14.15;14.0;17.0;-3.0;14.0
339;14.156666666666666;14.0;17.0;-3.0;14.0
349;14.12;14.0;17.0;-3.0;14.0
359;14.136666666666667;14.0;17.0;-3.0;14.0
369;14.136666666666667;14.0;17.0;-3.0;14.0
379;14.08;14.0;17.0;-3.0;14.0
389;14.096666666666666;14.0;17.0;-3.0;14.0
399;14.113333333333333;14.0;17.0;-3.0;14.0
409;14.096666666666666;14.0;17.0;-3.0;14.0
419;14.106666666666667;14.0;17.0;-3.0;14.0
429;14.1;14.0;17.0;-3.0;14.0
439;14.12;14.0;17.0;-3.0;14.0
449;14.143333333333333;14.0;17.0;-3.0;14.0
459;14.093333333333334;14.0;17.0;-3.0;14.0
469;14.103333333333333;14.0;17.0;-3.0;14.0
479;14.113333333333333;14.0;17.0;-3.0;14.0
489;14.22;14.0;17.0;-3.0;14.0
499;14.13;14.0;17.0;-3.0;14.0
509;14.15;14.0;17.0;-3.0;14.0
519;14.126666666666667;14.0;17.0;-3.0;14.0
529;14.09;14.0;17.0;-3.0;14.0
539;14.096666666666666;14.0;17.0;-3.0;14.0
549;14.106666666666667;14.0;17.0;-3.0;14.0
559;14.156666666666666;14.0;17.0;-3.0;14.0
569;14.106666666666667;14.0;17.0;-3.0;14.0
579;14.073333333333334;14.0;17.0;-3.0;14.0
589;14.06;14.0;17.0;-3.0;14.0
599;14.083333333333334;14.0;17.0;-3.0;14.0
609;14.12;14.0;17.0;-3.0;14.0
619;14.143333333333333;14.0;17.0;-3.0;14.0
629;14.11;14.0;17.0;-3.0;14.0
639;14.113333333333333;14.0;17.0;-3.0;14.0
649;14.116666666666667;14.0;17.0;-3.0;14.0
659;14.12;14.0;17.0;-3.0;14.0
669;14.1;14.0;17.0;-3.0;14.0
679;14.13;14.0;17.0;-3.0;14.0
689;14.146666666666667;14.0;17.0;-3.0;14.0
699;14.126666666666667;14.0;17.0;-3.0;14.0
709;14.06;14.0;17.0;-3.0;14.0
719;14.103333333333333;14.0;17.0;-3.0;14.0
729;14.16;14.0;17.0;-3.0;14.0
739;14.13;14.0;17.0;-3.0;14.0
749;14.123333333333333;14.0;17.0;-3.0;14.0
759;14.136666666666667;14.0;17.0;-3.0;14.0
769;14.083333333333334;14.0;17.0;-3.0;14.0
779;14.093333333333334;14.0;17.0;-3.0;14.0
789;14.116666666666667;14.0;17.0;-3.0;14.0
799;14.07;14.0;17.0;-3.0;14.0
809;14.123333333333333;14.0;17.0;-3.0;14.0
819;14.153333333333334;14.0;17.0;-3.0;14.0
829;14.113333333333333;14.0;17.0;-3.0;14.0
839;14.09;14.0;17.0;-3.0;14.0
849;14.133333333333333;14.0;17.0;-3.0;14.0
859;14.11;14.0;17.0;-3.0;14.0
869;14.103333333333333;14.0;17.0;-3.0;14.0
879;14.076666666666666;14.0;17.0;-3.0;14.0
889;14.15;14.0;17.0;-3.0;14.0
899;13.09;13.0;16.0;-3.0;13.0
909;13.11;13.0;16.0;-3.0;13.0
919;13.066666666666666;13.0;16.0;-3.0;13.0
929;13.126666666666667;13.0;16.0;-3.0;13.0
939;13.113333333333333;13.0;16.0;-3.0;13.0
949;13.16;13.0;16.0;-3.0;13.0
959;13.133333333333333;13.0;16.0;-3.0;13.0
969;13.176666666666666;13.0;16.0;-3.0;13.0
979;13.136666666666667;13.0;16.0;-3.0;13.0
989;13.086666666666666;13.0;16.0;-3.0;13.0
999;13.14;13.0;16.0;-3.0;13.0
1009;13.063333333333333;13.0;16.0;-3.0;13.0
1019;13.126666666666667;13.0;16.0;-3.0;13.0
1029;13.153333333333334;13.0;16.0;-3.0;13.0
1039;13.1;13.0;16.0;-3.0;13.0
1049;13.136666666666667;13.0;16.0;-3.0;13.0
1059;13.076666666666666;13.0;16.0;-3.0;13.0
1069;13.063333333333333;13.0;16.0;-3.0;13.0
1079;13.11;13.0;16.0;-3.0;13.0
1089;13.106666666666667;13.0;16.0;-3.0;13.0
1099;13.143333333333333;13.0;16.0;-3.0;13.0
1109;13.143333333333333;13.0;16.0;-3.0;13.0
1119;13.116666666666667;13.0;16.0;-3.0;13.0
1129;13.126666666666667;13.0;16.0;-3.0;13.0
1139;13.06;13.0;16.0;-3.0;13.0
1149;13.15;13.0;16.0;-3.0;13.0
1159;13.116666666666667;13.0;16.0;-3.0;13.0
1169;13.116666666666667;13.0;16.0;-3.0;13.0
1179;13.15;13.0;16.0;-3.0;13.0
1189;13.123333333333333;13.0;16.0;-3.0;13.0
1199;13.076666666666666;13.0;16.0;-3.0;13.0
1209;13.103333333333333;13.0;16.0;-3.0;13.0
1219;13.14;13.0;16.0;-3.0;13.0
1229;13.106666666666667;13.0;16.0;-3.0;13.0
1239;13.073333333333334;13.0;16.0;-3.0;13.0
1249;13.09;13.0;16.0;-3.0;13.0
1259;13.096666666666666;13.0;16.0;-3.0;13.0
1269;13.08;13.0;16.0;-3.0;13.0
1279;13.126666666666667;13.0;16.0;-3.0;13.0
1289;13.116666666666667;13.0;16.0;-3.0;13.0
1299;13.076666666666666;13.0;16.0;-3.0;13.0
1309;13.116666666666667;13.0;16.0;-3.0;13.0
1319;13.173333333333334;13.0;16.0;-3.0;13.0
1329;13.153333333333334;13.0;16.0;-3.0;13.0
1339;13.113333333333333;13.0;16.0;-3.0;13.0
1349;13.113333333333333;13.0;16.0;-3.0;13.0
1359;13.133333333333333;13.0;16.0;-3.0;13.0
1369;13.07;13.0;16.0;-3.0;13.0
1379;13.06;13.0;16.0;-3.0;13.0
1389;13.06;13.0;16.0;-3.0;13.0
1399;13.103333333333333;13.0;16.0;-3.0;13.0
1409;13.103333333333333;13.0;16.0;-3.0;13.0
1419;13.213333333333333;13.0;16.0;-3.0;13.0
1429;13.093333333333334;13.0;16.0;-3.0;13.0
1439;13.106666666666667;13.0;16.0;-3.0;13.0
1449;13.09;13.0;16.0;-3.0;13.0
1459;13.106666666666667;13.0;16.0;-3.0;13.0
1469;13.103333333333333;13.0;16.0;-3.0;13.0
1479;13.076666666666666;13.0;16.0;-3.0;13.0
1489;13.143333333333333;13.0;16.0;-3.0;13.0
1499;13.11;13.0;16.0;-3.0;13.0
1509;13.06;13.0;16.0;-3.0;13.0
1519;13.106666666666667;13.0;16.0;-3.0;13.0
1529;13.106666666666667;13.0;16.0;-3.0;13.0
1539;13.086666666666666;13.0;16.0;-3.0;13.0
1549;13.17;13.0;16.0;-3.0;13.0
1559;13.176666666666666;13.0;16.0;-3.0;13.0
1569;13.093333333333334;13.0;16.0;-3.0;13.0
1579;13.106666666666667;13.0;16.0;-3.0;13.0
1589;13.12;13.0;16.0;-3.0;13.0
1599;13.156666666666666;13.0;16.0;-3.0;13.0
1609;13.096666666666666;13.0;16.0;-3.0;13.0
1619;13.126666666666667;13.0;16.0;-3.0;13.0
1629;13.083333333333334;13.0;16.0;-3.0;13.0
1639;13.173333333333334;13.0;16.0;-3.0;13.0
1649;13.116666666666667;13.0;16.0;-3.0;13.0
1659;13.1;13.0;16.0;-3.0;13.0
1669;13.193333333333333;13.0;16.0;-3.0;13.0
1679;13.08;13.0;16.0;-3.0;13.0
1689;13.11;13.0;16.0;-3.0;13.0
1699;13.086666666666666;13.0;16.0;-3.0;13.0
1709;13.136666666666667;13.0;16.0;-3.0;13.0
1719;13.086666666666666;13.0;16.0;-3.0;13.0
1729;13.17;13.0;16.0;-3.0;13.0
1739;13.133333333333333;13.0;16.0;-3.0;13.0
1749;13.096666666666666;13.0;16.0;-3.0;13.0
1759;13.12;13.0;16.0;-3.0;13.0
1769;13.07;13.0;16.0;-3.0;13.0
1779;13.113333333333333;13.0;16.0;-3.0;13.0
1789;13.073333333333334;13.0;16.0;-3.0;13.0
1799;13.086666666666666;13.0;16.0;-3.0;13.0
1809;13.136666666666667;13.0;16.0;-3.0;13.0
1819;13.153333333333334;13.0;16.0;-3.0;13.0
1829;13.066666666666666;13.0;16.0;-3.0;13.0
1839;13.106666666666667;13.0;16.0;-3.0;13.0
1849;13.11;13.0;16.0;-3.0;13.0
1859;13.193333333333333;13.0;16.0;-3.0;13.0
1869;13.106666666666667;13.0;16.0;-3.0;13.0
1879;13.11;13.0;16.0;-3.0;13.0
1889;13.09;13.0;16.0;-3.0;13.0
1899;13.223333333333333;13.0;16.0;-3.0;13.0
1909;13.053333333333333;13.0;16.0;-3.0;13.0
1919;13.083333333333334;13.0;16.0;-3.0;13.0
1929;13.156666666666666;13.0;16.0;-3.0;13.0
1939;13.136666666666667;13.0;16.0;-3.0;13.0
1949;13.083333333333334;13.0;16.0;-3.0;13.0
1959;13.11;13.0;16.0;-3.0;13.0
1969;13.136666666666667;13.0;16.0;-3.0;13.0
1979;13.093333333333334;13.0;16.0;-3.0;13.0
1989;13.083333333333334;13.0;16.0;-3.0;13.0
1999;13.07;13.0;16.0;-3.0;13.0
2009;13.086666666666666;13.0;16.0;-3.0;13.0
2019;13.093333333333334;13.0;16.0;-3.0;13.0
2029;13.08;13.0;16.0;-3.0;13.0
2039;13.13;13.0;16.0;-3.0;13.0
2049;13.136666666666667;13.0;16.0;-3.0;13.0
2059;13.116666666666667;13.0;16.0;-3.0;13.0
2069;13.12;13.0;16.0;-3.0;13.0
2079;13.15;13.0;16.0;-3.0;13.0
2089;13.07;13.0;16.0;-3.0;13.0
2099;13.086666666666666;13.0;16.0;-3.0;13.0
2109;13.113333333333333;13.0;16.0;-3.0;13.0
2119;13.073333333333334;13.0;16.0;-3.0;13.0
2129;13.136666666666667;13.0;16.0;-3.0;13.0
2139;13.163333333333334;13.0;16.0;-3.0;13.0
2149;13.12;13.0;16.0;-3.0;13.0
2159;13.116666666666667;13.0;16.0;-3.0;13.0
2169;13.073333333333334;13.0;16.0;-3.0;13.0
2179;13.086666666666666;13.0;16.0;-3.0;13.0
2189;13.063333333333333;13.0;16.0;-3.0;13.0
2199;13.146666666666667;12.0;16.0;-4.0;12.0
2209;12.126666666666667;12.0;15.0;-3.0;12.0
2219;12.166666666666666;12.0;15.0;-3.0;12.0
2229;12.046666666666667;12.0;15.0;-3.0;12.0
2239;12.143333333333333;12.0;15.0;-3.0;12.0
2249;12.126666666666667;12.0;15.0;-3.0;12.0
2259;12.1;12.0;15.0;-3.0;12.0
2269;12.126666666666667;12.0;15.0;-3.0;12.0
2279;12.043333333333333;12.0;15.0;-3.0;12.0
2289;12.1;12.0;15.0;-3.0;12.0
2299;12.093333333333334;12.0;15.0;-3.0;12.0
2309;12.123333333333333;12.0;15.0;-3.0;12.0
2319;12.093333333333334;12.0;15.0;-3.0;12.0
2329;12.1;12.0;15.0;-3.0;12.0
2339;12.116666666666667;12.0;15.0;-3.0;12.0
2349;12.073333333333334;12.0;15.0;-3.0;12.0
2359;12.143333333333333;12.0;15.0;-3.0;12.0
2369;12.103333333333333;12.0;15.0;-3.0;12.0
2379;12.076666666666666;12.0;15.0;-3.0;12.0
2389;12.19;12.0;15.0;-3.0;12.0
2399;12.086666666666666;12.0;15.0;-3.0;12.0
2409;12.086666666666666;12.0;15.0;-3.0;12.0
2419;12.1;12.0;15.0;-3.0;12.0
2429;12.14;12.0;15.0;-3.0;12.0
2439;12.106666666666667;12.0;15.0;-3.0;12.0
2449;12.076666666666666;12.0;15.0;-3.0;12.0
2459;12.103333333333333;12.0;15.0;-3.0;12.0
2469;12.123333333333333;12.0;15.0;-3.0;12.0
2479;12.07;12.0;15.0;-3.0;12.0
2489;12.1;12.0;15.0;-3.0;12.0
2499;12.143333333333333;12.0;15.0;-3.0;12.0
2509;12.146666666666667;12.0;15.0;-3.0;12.0
2519;12.153333333333334;12.0;15.0;-3.0;12.0
2529;12.09;12.0;15.0;-3.0;12.0
2539;12.126666666666667;12.0;15.0;-3.0;12.0
2549;12.15;12.0;15.0;-3.0;12.0
2559;12.09;12.0;15.0;-3.0;12.0
2569;12.123333333333333;12.0;15.0;-3.0;12.0
2579;12.083333333333334;12.0;15.0;-3.0;12.0
2589;12.146666666666667;12.0;15.0;-3.0;12.0
2599;12.116666666666667;12.0;15.0;-3.0;12.0
2609;12.12;12.0;15.0;-3.0;12.0
2619;12.126666666666667;12.0;15.0;-3.0;12.0
2629;12.116666666666667;12.0;15.0;-3.0;12.0
2639;12.073333333333334;12.0;15.0;-3.0;12.0
2649;12.113333333333333;12.0;15.0;-3.0;12.0
2659;12.14;12.0;15.0;-3.0;12.0
2669;12.106666666666667;12.0;15.0;-3.0;12.0
2679;12.06;12.0;15.0;-3.0;12.0
2689;12.093333333333334;12.0;15.0;-3.0;12.0
2699;12.106666666666667;12.0;15.0;-3.0;12.0
2709;12.146666666666667;12.0;15.0;-3.0;12.0
2719;12.116666666666667;12.0;15.0;-3.0;12.0
2729;12.123333333333333;12.0;15.0;-3.0;12.0
2739;12.09;12.0;15.0;-3.0;12.0
2749;12.066666666666666;12.0;15.0;-3.0;12.0
2759;12.093333333333334;12.0;15.0;-3.0;12.0
2769;12.116666666666667;12.0;15.0;-3.0;12.0
2779;12.183333333333334;12.0;15.0;-3.0;12.0
2789;12.116666666666667;12.0;15.0;-3.0;12.0
2799;12.116666666666667;12.0;15.0;-3.0;12.0
2809;12.096666666666666;12.0;15.0;-3.0;12.0
2819;12.173333333333334;12.0;15.0;-3.0;12.0
2829;12.15;12.0;15.0;-3.0;12.0
2839;12.073333333333334;12.0;15.0;-3.0;12.0
2849;12.17;12.0;15.0;-3.0;12.0
2859;12.123333333333333;12.0;15.0;-3.0;12.0
2869;12.093333333333334;12.0;15.0;-3.0;12.0
2879;12.136666666666667;12.0;15.0;-3.0;12.0
2889;12.126666666666667;12.0;15.0;-3.0;12.0
2899;12.13;12.0;15.0;-3.0;12.0
2909;12.083333333333334;12.0;15.0;-3.0;12.0
2919;12.133333333333333;12.0;15.0;-3.0;12.0
2929;12.123333333333333;12.0;15.0;-3.0;12.0
2939;12.08;12.0;15.0;-3.0;12.0
2949;12.07;12.0;15.0;-3.0;12.0
2959;12.093333333333334;12.0;15.0;-3.0;12.0
2969;12.106666666666667;12.0;15.0;-3.0;12.0
2979;12.126666666666667;12.0;15.0;-3.0;12.0
2989;12.093333333333334;12.0;15.0;-3.0;12.0
2999;12.123333333333333;12.0;15.0;-3.0;12.0
3009;12.1;12.0;15.0;-3.0;12.0
3019;12.096666666666666;12.0;15.0;-3.0;12.0
3029;12.156666666666666;12.0;15.0;-3.0;12.0
3039;12.17;12.0;15.0;-3.0;12.0
3049;12.063333333333333;12.0;15.0;-3.0;12.0
3059;12.133333333333333;12.0;15.0;-3.0;12.0
3069;12.086666666666666;12.0;15.0;-3.0;12.0
3079;12.083333333333334;12.0;15.0;-3.0;12.0
3089;12.12;12.0;15.0;-3.0;12.0
3099;12.11;12.0;15.0;-3.0;12.0
3109;12.08;12.0;15.0;-3.0;12.0
3119;12.046666666666667;12.0;15.0;-3.0;12.0
3129;12.166666666666666;12.0;15.0;-3.0;12.0
3139;12.11;12.0;15.0;-3.0;12.0
3149;12.196666666666667;12.0;15.0;-3.0;12.0
3159;12.146666666666667;12.0;15.0;-3.0;12.0
3169;12.143333333333333;12.0;15.0;-3.0;12.0
3179;12.09;12.0;15.0;-3.0;12.0
3189;12.143333333333333;12.0;15.0;-3.0;12.0
3199;12.11;12.0;15.0;-3.0;12.0
3209;12.106666666666667;12.0;15.0;-3.0;12.0
3219;12.116666666666667;12.0;15.0;-3.0;12.0
3229;12.103333333333333;12.0;15.0;-3.0;12.0
3239;12.053333333333333;12.0;15.0;-3.0;12.0
3249;12.123333333333333;12.0;15.0;-3.0;12.0
3259;12.12;12.0;15.0;-3.0;12.0
3269;12.133333333333333;12.0;15.0;-3.0;12.0
3279;12.123333333333333;12.0;15.0;-3.0;12.0
3289;12.096666666666666;12.0;15.0;-3.0;12.0
3299;12.083333333333334;12.0;15.0;-3.0;12.0
3309;12.123333333333333;12.0;15.0;-3.0;12.0
3319;12.113333333333333;12.0;15.0;-3.0;12.0
3329;12.063333333333333;12.0;15.0;-3.0;12.0
3339;12.126666666666667;12.0;15.0;-3.0;12.0
3349;12.08;12.0;15.0;-3.0;12.0
3359;12.06;12.0;15.0;-3.0;12.0
3369;12.083333333333334;12.0;15.0;-3.0;12.0
3379;12.093333333333334;12.0;15.0;-3.0;12.0
3389;12.143333333333333;12.0;15.0;-3.0;12.0
3399;12.123333333333333;12.0;15.0;-3.0;12.0
3409;12.086666666666666;12.0;15.0;-3.0;12.0
3419;12.096666666666666;12.0;15.0;-3.0;12.0
3429;12.043333333333333;12.0;15.0;-3.0;12.0
3439;12.086666666666666;12.0;15.0;-3.0;12.0
3449;12.126666666666667;12.0;15.0;-3.0;12.0
3459;12.163333333333334;12.0;15.0;-3.0;12.0
3469;12.116666666666667;12.0;15.0;-3.0;12.0
3479;12.176666666666666;12.0;15.0;-3.0;12.0
3489;12.16;12.0;15.0;-3.0;12.0
3499;12.103333333333333;12.0;15.0;-3.0;12.0
3509;12.103333333333333;12.0;15.0;-3.0;12.0
3519;12.133333333333333;12.0;15.0;-3.0;12.0
3529;12.12;12.0;15.0;-3.0;12.0
3539;12.113333333333333;12.0;15.0;-3.0;12.0
3549;12.106666666666667;12.0;15.0;-3.0;12.0
3559;12.15;12.0;15.0;-3.0;12.0
3569;12.113333333333333;12.0;15.0;-3.0;12.0
3579;12.146666666666667;12.0;15.0;-3.0;12.0
3589;12.106666666666667;12.0;15.0;-3.0;12.0
3599;12.1;12.0;15.0;-3.0;12.0
3609;12.123333333333333;12.0;15.0;-3.0;12.0
3619;12.096666666666666;12.0;15.0;-3.0;12.0
3629;12.16;12.0;15.0;-3.0;12.0
3639;12.073333333333334;12.0;15.0;-3.0;12.0
3649;12.09;12.0;15.0;-3.0;12.0
3659;12.093333333333334;12.0;15.0;-3.0;12.0
3669;12.056666666666667;12.0;15.0;-3.0;12.0
3679;12.09;12.0;15.0;-3.0;12.0
3689;12.15;12.0;15.0;-3.0;12.0
3699;12.103333333333333;12.0;15.0;-3.0;12.0
3709;12.09;12.0;15.0;-3.0;12.0
3719;12.166666666666666;12.0;15.0;-3.0;12.0
3729;12.13;12.0;15.0;-3.0;12.0
3739;12.113333333333333;12.0;15.0;-3.0;12.0
3749;12.133333333333333;12.0;15.0;-3.0;12.0
3759;12.113333333333333;12.0;15.0;-3.0;12.0
3769;12.093333333333334;12.0;15.0;-3.0;12.0
3779;12.126666666666667;12.0;15.0;-3.0;12.0
3789;12.1;12.0;15.0;-3.0;12.0
3799;12.096666666666666;12.0;15.0;-3.0;12.0
3809;11.11;11.0;14.0;-3.0;11.0
3819;11.12;11.0;14.0;-3.0;11.0
3829;11.093333333333334;11.0;14.0;-3.0;11.0
3839;11.17;11.0;14.0;-3.0;11.0
3849;11.076666666666666;11.0;14.0;-3.0;11.0
3859;11.093333333333334;11.0;14.0;-3.0;11.0
3869;11.18;11.0;14.0;-3.0;11.0
3879;11.146666666666667;11.0;14.0;-3.0;11.0
3889;11.123333333333333;11.0;14.0;-3.0;11.0
3899;11.11;11.0;14.0;-3.0;11.0
3909;11.123333333333333;11.0;14.0;-3.0;11.0
3919;11.07;11.0;14.0;-3.0;11.0
3929;11.116666666666667;11.0;14.0;-3.0;11.0
3939;11.143333333333333;11.0;14.0;-3.0;11.0
3949;11.093333333333334;11.0;14.0;-3.0;11.0
3959;11.126666666666667;11.0;14.0;-3.0;11.0
3969;11.113333333333333;11.0;14.0;-3.0;11.0
3979;11.163333333333334;11.0;14.0;-3.0;11.0
3989;11.103333333333333;11.0;14.0;-3.0;11.0
3999;11.11;11.0;14.0;-3.0;11.0
4009;11.15;11.0;14.0;-3.0;11.0
4019;11.11;11.0;14.0;-3.0;11.0
4029;11.136666666666667;11.0;14.0;-3.0;11.0
4039;11.12;11.0;14.0;-3.0;11.0
4049;11.093333333333334;11.0;14.0;-3.0;11.0
4059;11.07;11.0;14.0;-3.0;11.0
4069;11.103333333333333;11.0;14.0;-3.0;11.0
4079;11.126666666666667;11.0;14.0;-3.0;11.0
4089;11.08;11.0;14.0;-3.0;11.0
4099;11.126666666666667;11.0;14.0;-3.0;11.0
4109;11.083333333333334;11.0;14.0;-3.0;11.0
4119;11.09;11.0;14.0;-3.0;11.0
4129;11.036666666666667;11.0;14.0;-3.0;11.0
4139;11.16;11.0;14.0;-3.0;11.0
4149;11.123333333333333;11.0;14.0;-3.0;11.0
4159;11.076666666666666;11.0;14.0;-3.0;11.0
4169;11.116666666666667;11.0;14.0;-3.0;11.0
4179;11.176666666666666;11.0;14.0;-3.0;11.0
4189;11.13;11.0;14.0;-3.0;11.0
4199;11.12;11.0;14.0;-3.0;11.0
4209;11.18;11.0;14.0;-3.0;11.0
4219;11.123333333333333;11.0;14.0;-3.0;11.0
4229;11.086666666666666;11.0;14.0;-3.0;11.0
4239;11.11;11.0;14.0;-3.0;11.0
4249;11.103333333333333;11.0;14.0;-3.0;11.0
4259;11.12;11.0;14.0;-3.0;11.0
4269;11.06;11.0;14.0;-3.0;11.0
4279;11.166666666666666;11.0;14.0;-3.0;11.0
4289;11.116666666666667;11.0;14.0;-3.0;11.0
4299;11.186666666666667;11.0;14.0;-3.0;11.0
4309;11.126666666666667;11.0;14.0;-3.0;11.0
4319;11.103333333333333;11.0;14.0;-3.0;11.0
4329;11.173333333333334;11.0;14.0;-3.0;11.0
4339;11.126666666666667;11.0;14.0;-3.0;11.0
4349;11.093333333333334;11.0;14.0;-3.0;11.0
4359;11.143333333333333;11.0;14.0;-3.0;11.0
4369;11.113333333333333;11.0;14.0;-3.0;11.0
4379;11.083333333333334;11.0;14.0;-3.0;11.0
4389;11.113333333333333;11.0;14.0;-3.0;11.0
4399;11.153333333333334;11.0;14.0;-3.0;11.0
4409;11.11;11.0;14.0;-3.0;11.0
4419;11.126666666666667;11.0;14.0;-3.0;11.0
4429;11.136666666666667;11.0;14.0;-3.0;11.0
4439;11.106666666666667;11.0;14.0;-3.0;11.0
4449;11.13;11.0;14.0;-3.0;11.0
4459;11.056666666666667;11.0;14.0;-3.0;11.0
4469;11.1;11.0;14.0;-3.0;11.0
4479;11.09;11.0;14.0;-3.0;11.0
4489;11.076666666666666;11.0;14.0;-3.0;11.0
4499;11.103333333333333;11.0;14.0;-3.0;11.0
4509;11.096666666666666;11.0;14.0;-3.0;11.0
4519;11.083333333333334;11.0;14.0;-3.0;11.0
4529;11.173333333333334;11.0;14.0;-3.0;11.0
4539;11.126666666666667;11.0;14.0;-3.0;11.0
4549;11.08;11.0;14.0;-3.0;11.0
4559;11.123333333333333;11.0;14.0;-3.0;11.0
4569;11.093333333333334;11.0;14.0;-3.0;11.0
4579;11.123333333333333;11.0;14.0;-3.0;11.0
4589;11.083333333333334;11.0;14.0;-3.0;11.0
4599;11.133333333333333;11.0;14.0;-3.0;11.0
4609;11.05;11.0;14.0;-3.0;11.0
4619;11.083333333333334;11.0;14.0;-3.0;11.0
4629;11.153333333333334;11.0;14.0;-3.0;11.0
4639;11.11;11.0;14.0;-3.0;11.0
4649;11.093333333333334;11.0;14.0;-3.0;11.0
4659;11.103333333333333;11.0;14.0;-3.0;11.0
4669;11.083333333333334;11.0;14.0;-3.0;11.0
4679;11.073333333333334;11.0;14.0;-3.0;11.0
4689;11.12;11.0;14.0;-3.0;11.0
4699;11.096666666666666;11.0;14.0;-3.0;11.0
4709;11.123333333333333;11.0;14.0;-3.0;11.0
4719;11.166666666666666;11.0;14.0;-3.0;11.0
4729;11.14;11.0;14.0;-3.0;11.0
4739;11.133333333333333;11.0;14.0;-3.0;11.0
4749;11.113333333333333;11.0;14.0;-3.0;11.0
4759;11.11;11.0;14.0;-3.0;11.0
4769;11.08;11.0;14.0;-3.0;11.0
4779;11.07;11.0;14.0;-3.0;11.0
4789;11.146666666666667;11.0;14.0;-3.0;11.0
4799;11.063333333333333;11.0;14.0;-3.0;11.0
4809;11.096666666666666;11.0;14.0;-3.0;11.0
4819;11.14;11.0;14.0;-3.0;11.0
4829;11.066666666666666;11.0;14.0;-3.0;11.0
4839;11.03;11.0;14.0;-3.0;11.0
4849;11.096666666666666;11.0;14.0;-3.0;11.0
4859;11.076666666666666;10.0;14.0;-4.0;10.0
4869;10.136666666666667;10.0;13.0;-3.0;10.0
4879;10.113333333333333;10.0;13.0;-3.0;10.0
4889;10.083333333333334;10.0;13.0;-3.0;10.0
4899;10.096666666666666;10.0;13.0;-3.0;10.0
4909;10.143333333333333;10.0;13.0;-3.0;10.0
4919;10.12;10.0;13.0;-3.0;10.0
4929;10.146666666666667;10.0;13.0;-3.0;10.0
4939;10.2;10.0;13.0;-3.0;10.0
4949;10.13;10.0;13.0;-3.0;10.0
4959;10.116666666666667;10.0;13.0;-3.0;10.0
4969;10.086666666666666;10.0;13.0;-3.0;10.0
4979;10.116666666666667;10.0;13.0;-3.0;10.0
4989;10.126666666666667;10.0;13.0;-3.0;10.0
4999;10.116666666666667;10.0;13.0;-3.0;10.0
5009;10.083333333333334;10.0;13.0;-3.0;10.0
5019;10.09;10.0;13.0;-3.0;10.0
5029;10.19;10.0;13.0;-3.0;10.0
5039;10.136666666666667;10.0;13.0;-3.0;10.0
5049;10.11;10.0;13.0;-3.0;10.0
5059;10.09;10.0;13.0;-3.0;10.0
5069;10.103333333333333;10.0;13.0;-3.0;10.0
5079;10.093333333333334;10.0;13.0;-3.0;10.0
5089;10.106666666666667;10.0;13.0;-3.0;10.0
5099;10.126666666666667;10.0;13.0;-3.0;10.0
5109;10.113333333333333;10.0;13.0;-3.0;10.0
5119;10.12;10.0;13.0;-3.0;10.0
5129;10.09;10.0;13.0;-3.0;10.0
5139;10.096666666666666;10.0;13.0;-3.0;10.0
5149;10.126666666666667;10.0;13.0;-3.0;10.0
5159;10.086666666666666;10.0;13.0;-3.0;10.0
5169;10.13;10.0;13.0;-3.0;10.0
5179;10.146666666666667;10.0;13.0;-3.0;10.0
5189;10.14;10.0;13.0;-3.0;10.0
5199;10.166666666666666;10.0;13.0;-3.0;10.0
5209;10.17;10.0;13.0;-3.0;10.0
5219;10.1;10.0;13.0;-3.0;10.0
5229;10.143333333333333;10.0;13.0;-3.0;10.0
5239;10.09;10.0;13.0;-3.0;10.0
5249;10.08;10.0;13.0;-3.0;10.0
5259;10.113333333333333;10.0;13.0;-3.0;10.0
5269;10.113333333333333;10.0;13.0;-3.0;10.0
5279;10.09;10.0;13.0;-3.0;10.0
5289;10.076666666666666;10.0;13.0;-3.0;10.0
5299;10.083333333333334;10.0;13.0;-3.0;10.0
5309;10.083333333333334;10.0;13.0;-3.0;10.0
5319;10.113333333333333;10.0;13.0;-3.0;10.0
5329;10.11;10.0;13.0;-3.0;10.0
5339;10.173333333333334;10.0;13.0;-3.0;10.0
5349;10.136666666666667;10.0;13.0;-3.0;10.0
5359;10.1;10.0;13.0;-3.0;10.0
5369;10.166666666666666;10.0;13.0;-3.0;10.0
5379;10.096666666666666;10.0;13.0;-3.0;10.0
5389;10.073333333333334;10.0;13.0;-3.0;10.0
5399;10.076666666666666;10.0;13.0;-3.0;10.0
5409;10.11;10.0;13.0;-3.0;10.0
5419;10.096666666666666;10.0;13.0;-3.0;10.0
5429;10.076666666666666;10.0;13.0;-3.0;10.0
5439;10.09;10.0;13.0;-3.0;10.0
5449;10.1;10.0;13.0;-3.0;10.0
5459;10.113333333333333;10.0;13.0;-3.0;10.0
5469;10.113333333333333;10.0;13.0;-3.0;10.0
5479;10.09;10.0;13.0;-3.0;10.0
5489;10.086666666666666;10.0;13.0;-3.0;10.0
5499;10.096666666666666;10.0;13.0;-3.0;10.0
5509;10.126666666666667;10.0;13.0;-3.0;10.0
5519;10.11;10.0;13.0;-3.0;10.0
5529;10.113333333333333;10.0;13.0;-3.0;10.0
5539;10.096666666666666;10.0;13.0;-3.0;10.0
5549;10.13;10.0;13.0;-3.0;10.0
5559;10.07;10.0;13.0;-3.0;10.0
5569;10.146666666666667;10.0;13.0;-3.0;10.0
5579;10.146666666666667;10.0;13.0;-3.0;10.0
5589;10.166666666666666;10.0;13.0;-3.0;10.0
5599;10.06;10.0;13.0;-3.0;10.0
5609;10.113333333333333;10.0;13.0;-3.0;10.0
5619;10.15;10.0;13.0;-3.0;10.0
5629;10.12;10.0;13.0;-3.0;10.0
5639;10.143333333333333;10.0;13.0;-3.0;10.0
5649;10.09;10.0;13.0;-3.0;10.0
5659;10.096666666666666;10.0;13.0;-3.0;10.0
5669;10.083333333333334;10.0;13.0;-3.0;10.0
5679;10.123333333333333;10.0;13.0;-3.0;10.0
5689;10.14;10.0;13.0;-3.0;10.0
5699;10.073333333333334;10.0;13.0;-3.0;10.0
5709;10.05;10.0;13.0;-3.0;10.0
5719;10.123333333333333;10.0;13.0;-3.0;10.0
5729;10.123333333333333;10.0;13.0;-3.0;10.0
5739;10.153333333333334;10.0;13.0;-3.0;10.0
5749;10.14;10.0;13.0;-3.0;10.0
5759;10.076666666666666;10.0;13.0;-3.0;10.0
5769;10.076666666666666;10.0;13.0;-3.0;10.0
5779;10.153333333333334;10.0;13.0;-3.0;10.0
5789;10.073333333333334;10.0;13.0;-3.0;10.0
5799;10.143333333333333;10.0;13.0;-3.0;10.0
5809;10.133333333333333;10.0;13.0;-3.0;10.0
5819;10.08;10.0;13.0;-3.0;10.0
5829;10.15;10.0;13.0;-3.0;10.0
5839;10.136666666666667;10.0;13.0;-3.0;10.0
5849;10.153333333333334;10.0;13.0;-3.0;10.0
5859;10.083333333333334;10.0;13.0;-3.0;10.0
5869;10.123333333333333;10.0;13.0;-3.0;10.0
5879;10.086666666666666;10.0;13.0;-3.0;10.0
5889;10.033333333333333;10.0;13.0;-3.0;10.0
5899;10.11;10.0;13.0;-3.0;10.0
5909;10.1;10.0;13.0;-3.0;10.0
5919;10.093333333333334;10.0;13.0;-3.0;10.0
5929;10.12;10.0;13.0;-3.0;10.0
5939;10.126666666666667;10.0;13.0;-3.0;10.0
5949;10.106666666666667;10.0;13.0;-3.0;10.0
5959;10.13;10.0;13.0;-3.0;10.0
5969;10.1;10.0;13.0;-3.0;10.0
5979;10.093333333333334;10.0;13.0;-3.0;10.0
5989;10.17;10.0;13.0;-3.0;10.0
5999;10.153333333333334;10.0;13.0;-3.0;10.0
6009;10.126666666666667;10.0;13.0;-3.0;10.0
6019;10.103333333333333;10.0;13.0;-3.0;10.0
6029;10.083333333333334;10.0;13.0;-3.0;10.0
6039;10.116666666666667;10.0;13.0;-3.0;10.0
6049;10.19;10.0;13.0;-3.0;10.0
6059;10.113333333333333;10.0;13.0;-3.0;10.0
6069;10.093333333333334;10.0;13.0;-3.0;10.0
6079;10.093333333333334;10.0;13.0;-3.0;10.0
6089;10.133333333333333;10.0;13.0;-3.0;10.0
6099;9.46;9.0;13.0;-4.0;9.0
6109;9.166666666666666;8.0;12.0;-4.0;8.0
6119;8.156666666666666;8.0;11.0;-3.0;8.0
6129;8.103333333333333;8.0;11.0;-3.0;8.0
6139;8.14;8.0;11.0;-3.0;8.0
6149;8.083333333333334;8.0;11.0;-3.0;8.0
6159;8.176666666666666;8.0;11.0;-3.0;8.0
6169;8.153333333333334;8.0;11.0;-3.0;8.0
6179;8.12;8.0;11.0;-3.0;8.0
6189;8.106666666666667;8.0;11.0;-3.0;8.0
6199;8.083333333333334;8.0;11.0;-3.0;8.0
6209;8.153333333333334;8.0;11.0;-3.0;8.0
6219;8.14;8.0;11.0;-3.0;8.0
6229;8.07;8.0;11.0;-3.0;8.0
6239;8.12;8.0;11.0;-3.0;8.0
6249;8.123333333333333;8.0;11.0;-3.0;8.0
6259;8.11;8.0;11.0;-3.0;8.0
6269;8.13;8.0;11.0;-3.0;8.0
6279;8.17;8.0;11.0;-3.0;8.0
6289;8.12;8.0;11.0;-3.0;8.0
6299;8.113333333333333;8.0;11.0;-3.0;8.0
6309;8.103333333333333;8.0;11.0;-3.0;8.0
6319;8.156666666666666;8.0;11.0;-3.0;8.0
6329;8.086666666666666;8.0;11.0;-3.0;8.0
6339;8.086666666666666;8.0;11.0;-3.0;8.0
6349;8.15;8.0;11.0;-3.0;8.0
6359;8.133333333333333;8.0;11.0;-3.0;8.0
6369;8.15;8.0;11.0;-3.0;8.0
6379;8.066666666666666;8.0;11.0;-3.0;8.0
6389;8.066666666666666;8.0;11.0;-3.0;8.0
6399;8.11;8.0;11.0;-3.0;8.0
6409;8.13;8.0;11.0;-3.0;8.0
6419;8.093333333333334;8.0;11.0;-3.0;8.0
6429;8.14;8.0;11.0;-3.0;8.0
6439;8.123333333333333;8.0;11.0;-3.0;8.0
6449;8.13;8.0;11.0;-3.0;8.0
6459;8.116666666666667;8.0;11.0;-3.0;8.0
6469;8.063333333333333;8.0;11.0;-3.0;8.0
6479;8.126666666666667;8.0;11.0;-3.0;8.0
6489;8.12;8.0;11.0;-3.0;8.0
6499;8.083333333333334;8.0;11.0;-3.0;8.0
6509;8.156666666666666;8.0;11.0;-3.0;8.0
6519;8.103333333333333;8.0;11.0;-3.0;8.0
6529;8.103333333333333;8.0;11.0;-3.0;8.0
6539;8.146666666666667;8.0;11.0;-3.0;8.0
6549;8.16;8.0;11.0;-3.0;8.0
6559;8.133333333333333;8.0;11.0;-3.0;8.0
6569;8.116666666666667;8.0;11.0;-3.0;8.0
6579;8.13;8.0;11.0;-3.0;8.0
6589;8.103333333333333;8.0;11.0;-3.0;8.0
6599;8.12;8.0;11.0;-3.0;8.0
6609;8.136666666666667;8.0;11.0;-3.0;8.0
6619;8.156666666666666;8.0;11.0;-3.0;8.0
6629;8.196666666666667;8.0;11.0;-3.0;8.0
6639;8.126666666666667;8.0;11.0;-3.0;8.0
6649;8.133333333333333;8.0;11.0;-3.0;8.0
6659;8.126666666666667;8.0;11.0;-3.0;8.0
6669;8.166666666666666;8.0;11.0;-3.0;8.0
6679;8.1;8.0;11.0;-3.0;8.0
6689;8.086666666666666;8.0;11.0;-3.0;8.0
6699;8.136666666666667;8.0;11.0;-3.0;8.0
6709;8.16;8.0;11.0;-3.0;8.0
6719;8.15;8.0;11.0;-3.0;8.0
6729;8.09;8.0;11.0;-3.0;8.0
6739;8.133333333333333;8.0;11.0;-3.0;8.0
6749;8.146666666666667;8.0;11.0;-3.0;8.0
6759;8.153333333333334;8.0;11.0;-3.0;8.0
6769;8.08;8.0;11.0;-3.0;8.0
6779;8.14;8.0;11.0;-3.0;8.0
6789;8.093333333333334;8.0;11.0;-3.0;8.0
6799;8.126666666666667;8.0;11.0;-3.0;8.0
6809;8.083333333333334;8.0;11.0;-3.0;8.0
6819;8.126666666666667;8.0;11.0;-3.0;8.0
6829;8.17;8.0;11.0;-3.0;8.0
6839;8.11;8.0;11.0;-3.0;8.0
6849;8.073333333333334;8.0;11.0;-3.0;8.0
6859;8.043333333333333;8.0;11.0;-3.0;8.0
6869;8.103333333333333;8.0;11.0;-3.0;8.0
6879;8.08;8.0;11.0;-3.0;8.0
6889;8.093333333333334;8.0;11.0;-3.0;8.0
6899;8.11;8.0;11.0;-3.0;8.0
6909;8.12;8.0;11.0;-3.0;8.0
6919;8.083333333333334;8.0;11.0;-3.0;8.0
6929;8.136666666666667;8.0;11.0;-3.0;8.0
6939;8.116666666666667;8.0;11.0;-3.0;8.0
6949;8.093333333333334;8.0;11.0;-3.0;8.0
6959;8.12;8.0;11.0;-3.0;8.0
6969;8.103333333333333;8.0;11.0;-3.0;8.0
6979;8.07;8.0;11.0;-3.0;8.0
6989;8.2;8.0;11.0;-3.0;8.0
6999;8.15;8.0;11.0;-3.0;8.0
7009;8.12;8.0;11.0;-3.0;8.0
7019;8.083333333333334;8.0;11.0;-3.0;8.0
7029;8.046666666666667;8.0;11.0;-3.0;8.0
7039;8.123333333333333;8.0;11.0;-3.0;8.0
7049;8.033333333333333;8.0;11.0;-3.0;8.0
7059;8.096666666666666;8.0;11.0;-3.0;8.0
7069;8.106666666666667;8.0;11.0;-3.0;8.0
7079;8.143333333333333;8.0;11.0;-3.0;8.0
7089;8.11;8.0;11.0;-3.0;8.0
7099;8.143333333333333;8.0;11.0;-3.0;8.0
7109;8.073333333333334;8.0;11.0;-3.0;8.0
7119;8.136666666666667;8.0;11.0;-3.0;8.0
7129;8.083333333333334;8.0;11.0;-3.0;8.0
7139;8.143333333333333;8.0;11.0;-3.0;8.0
7149;8.15;8.0;11.0;-3.0;8.0
7159;8.086666666666666;8.0;11.0;-3.0;8.0
7169;8.106666666666667;8.0;11.0;-3.0;8.0
7179;8.126666666666667;8.0;11.0;-3.0;8.0
7189;8.133333333333333;8.0;11.0;-3.0;8.0
7199;8.106666666666667;8.0;11.0;-3.0;8.0
7209;8.133333333333333;8.0;11.0;-3.0;8.0
7219;8.08;8.0;11.0;-3.0;8.0
7229;8.07;8.0;11.0;-3.0;8.0
7239;8.093333333333334;8.0;11.0;-3.0;8.0
7249;8.11;8.0;11.0;-3.0;8.0
7259;8.126666666666667;8.0;11.0;-3.0;8.0
7269;8.12;8.0;11.0;-3.0;8.0
7279;8.09;8.0;11.0;-3.0;8.0
7289;8.133333333333333;8.0;11.0;-3.0;8.0
7299;8.196666666666667;8.0;11.0;-3.0;8.0
7309;8.146666666666667;8.0;11.0;-3.0;8.0
7319;8.103333333333333;8.0;11.0;-3.0;8.0
7329;8.123333333333333;8.0;11.0;-3.0;8.0
7339;8.073333333333334;8.0;11.0;-3.0;8.0
7349;8.14;8.0;11.0;-3.0;8.0
7359;8.08;8.0;11.0;-3.0;8.0
7369;8.16;8.0;11.0;-3.0;8.0
7379;8.11;8.0;11.0;-3.0;8.0
7389;8.216666666666667;8.0;11.0;-3.0;8.0
7399;8.06;8.0;11.0;-3.0;8.0
7409;8.116666666666667;8.0;11.0;-3.0;8.0
7419;8.083333333333334;8.0;11.0;-3.0;8.0
7429;8.066666666666666;8.0;11.0;-3.0;8.0
7439;8.063333333333333;8.0;11.0;-3.0;8.0
7449;8.066666666666666;8.0;11.0;-3.0;8.0
7459;8.15;8.0;11.0;-3.0;8.0
7469;8.163333333333334;8.0;11.0;-3.0;8.0
7479;8.083333333333334;8.0;11.0;-3.0;8.0
7489;8.083333333333334;8.0;11.0;-3.0;8.0
7499;8.143333333333333;8.0;11.0;-3.0;8.0
7509;8.123333333333333;8.0;11.0;-3.0;8.0
7519;8.093333333333334;8.0;11.0;-3.0;8.0
7529;8.103333333333333;8.0;11.0;-3.0;8.0
7539;8.1;8.0;11.0;-3.0;8.0
7549;8.123333333333333;8.0;11.0;-3.0;8.0
7559;8.13;8.0;11.0;-3.0;8.0
7569;8.083333333333334;8.0;11.0;-3.0;8.0
7579;8.123333333333333;8.0;11.0;-3.0;8.0
7589;8.143333333333333;8.0;11.0;-3.0;8.0
7599;8.16;8.0;11.0;-3.0;8.0
7609;8.13;8.0;11.0;-3.0;8.0
7619;8.11;8.0;11.0;-3.0;8.0
7629;8.076666666666666;8.0;11.0;-3.0;8.0
7639;8.113333333333333;8.0;11.0;-3.0;8.0
7649;8.13;8.0;11.0;-3.0;8.0
7659;8.046666666666667;8.0;11.0;-3.0;8.0
7669;8.193333333333333;8.0;11.0;-3.0;8.0
7679;8.196666666666667;8.0;11.0;-3.0;8.0
7689;8.083333333333334;8.0;11.0;-3.0;8.0
7699;8.163333333333334;8.0;11.0;-3.0;8.0
7709;8.18;8.0;11.0;-3.0;8.0
7719;8.093333333333334;8.0;11.0;-3.0;8.0
7729;8.143333333333333;8.0;11.0;-3.0;8.0
7739;8.136666666666667;8.0;11.0;-3.0;8.0
7749;8.176666666666666;8.0;11.0;-3.0;8.0
7759;8.116666666666667;8.0;11.0;-3.0;8.0
7769;8.133333333333333;8.0;11.0;-3.0;8.0
7779;8.166666666666666;8.0;11.0;-3.0;8.0
7789;8.053333333333333;8.0;11.0;-3.0;8.0
7799;8.153333333333334;8.0;11.0;-3.0;8.0
7809;8.11;8.0;11.0;-3.0;8.0
7819;8.103333333333333;8.0;11.0;-3.0;8.0
7829;8.16;8.0;11.0;-3.0;8.0
7839;8.066666666666666;8.0;11.0;-3.0;8.0
7849;8.18;8.0;11.0;-3.0;8.0
7859;8.146666666666667;8.0;11.0;-3.0;8.0
7869;8.16;8.0;11.0;-3.0;8.0
7879;8.096666666666666;8.0;11.0;-3.0;8.0
7889;8.156666666666666;8.0;11.0;-3.0;8.0
7899;8.126666666666667;8.0;11.0;-3.0;8.0
7909;8.036666666666667;8.0;11.0;-3.0;8.0
7919;8.136666666666667;8.0;11.0;-3.0;8.0
7929;8.196666666666667;8.0;11.0;-3.0;8.0
7939;8.136666666666667;8.0;11.0;-3.0;8.0
7949;8.223333333333333;8.0;11.0;-3.0;8.0
7959;8.123333333333333;8.0;11.0;-3.0;8.0
7969;8.096666666666666;8.0;11.0;-3.0;8.0
7979;8.116666666666667;8.0;11.0;-3.0;8.0
7989;8.05;8.0;11.0;-3.0;8.0
7999;8.21;8.0;11.0;-3.0;8.0
8009;8.133333333333333;8.0;11.0;-3.0;8.0
8019;8.133333333333333;8.0;11.0;-3.0;8.0
8029;8.13;8.0;11.0;-3.0;8.0
8039;8.093333333333334;8.0;11.0;-3.0;8.0
8049;8.15;8.0;11.0;-3.0;8.0
8059;8.106666666666667;8.0;11.0;-3.0;8.0
8069;8.106666666666667;8.0;11.0;-3.0;8.0
8079;8.113333333333333;8.0;11.0;-3.0;8.0
8089;8.126666666666667;8.0;11.0;-3.0;8.0
8099;8.12;8.0;11.0;-3.0;8.0
8109;8.13;8.0;11.0;-3.0;8.0
8119;8.153333333333334;8.0;11.0;-3.0;8.0
8129;8.143333333333333;8.0;11.0;-3.0;8.0
8139;8.146666666666667;8.0;11.0;-3.0;8.0
8149;8.106666666666667;8.0;11.0;-3.0;8.0
8159;8.11;8.0;11.0;-3.0;8.0
8169;8.143333333333333;8.0;11.0;-3.0;8.0
8179;8.063333333333333;8.0;11.0;-3.0;8.0
8189;8.113333333333333;8.0;11.0;-3.0;8.0
8199;8.13;8.0;11.0;-3.0;8.0
8209;8.166666666666666;8.0;11.0;-3.0;8.0
8219;8.133333333333333;8.0;11.0;-3.0;8.0
8229;8.146666666666667;8.0;11.0;-3.0;8.0
8239;8.156666666666666;8.0;11.0;-3.0;8.0
8249;8.096666666666666;8.0;11.0;-3.0;8.0
8259;8.12;8.0;11.0;-3.0;8.0
8269;8.086666666666666;8.0;11.0;-3.0;8.0
8279;8.11;8.0;11.0;-3.0;8.0
8289;8.13;8.0;11.0;-3.0;8.0
8299;8.093333333333334;8.0;11.0;-3.0;8.0
8309;8.18;8.0;11.0;-3.0;8.0
8319;8.136666666666667;8.0;11.0;-3.0;8.0
8329;8.153333333333334;8.0;11.0;-3.0;8.0
8339;8.106666666666667;8.0;11.0;-3.0;8.0
8349;8.116666666666667;8.0;11.0;-3.0;8.0
8359;8.12;8.0;11.0;-3.0;8.0
8369;8.106666666666667;8.0;11.0;-3.0;8.0
8379;8.093333333333334;8.0;11.0;-3.0;8.0
8389;8.076666666666666;8.0;11.0;-3.0;8.0
8399;8.213333333333333;8.0;11.0;-3.0;8.0
8409;8.143333333333333;8.0;11.0;-3.0;8.0
8419;8.103333333333333;8.0;11.0;-3.0;8.0
8429;8.15;8.0;11.0;-3.0;8.0
8439;8.126666666666667;8.0;11.0;-3.0;8.0
8449;8.143333333333333;8.0;11.0;-3.0;8.0
8459;8.116666666666667;8.0;11.0;-3.0;8.0
8469;8.163333333333334;8.0;11.0;-3.0;8.0
8479;8.093333333333334;8.0;11.0;-3.0;8.0
8489;8.143333333333333;8.0;11.0;-3.0;8.0
8499;8.086666666666666;8.0;11.0;-3.0;8.0
8509;8.093333333333334;8.0;11.0;-3.0;8.0
8519;8.066666666666666;8.0;11.0;-3.0;8.0
8529;8.123333333333333;8.0;11.0;-3.0;8.0
8539;8.12;8.0;11.0;-3.0;8.0
8549;8.093333333333334;8.0;11.0;-3.0;8.0
8559;8.143333333333333;8.0;11.0;-3.0;8.0
8569;8.103333333333333;8.0;11.0;-3.0;8.0
8579;8.146666666666667;8.0;11.0;-3.0;8.0
8589;8.136666666666667;8.0;11.0;-3.0;8.0
8599;8.056666666666667;8.0;11.0;-3.0;8.0
8609;8.133333333333333;8.0;11.0;-3.0;8.0
8619;8.103333333333333;8.0;11.0;-3.0;8.0
8629;8.11;8.0;11.0;-3.0;8.0
8639;8.123333333333333;8.0;11.0;-3.0;8.0
8649;8.106666666666667;8.0;11.0;-3.0;8.0
8659;8.136666666666667;8.0;11.0;-3.0;8.0
8669;8.19;8.0;11.0;-3.0;8.0
8679;8.133333333333333;8.0;11.0;-3.0;8.0
8689;8.07;8.0;11.0;-3.0;8.0
8699;8.093333333333334;8.0;11.0;-3.0;8.0
8709;8.13;8.0;11.0;-3.0;8.0
8719;8.13;8.0;11.0;-3.0;8.0
8729;8.083333333333334;8.0;11.0;-3.0;8.0
8739;8.123333333333333;8.0;11.0;-3.0;8.0
8749;8.113333333333333;8.0;11.0;-3.0;8.0
8759;8.156666666666666;8.0;11.0;-3.0;8.0
8769;8.166666666666666;8.0;11.0;-3.0;8.0
8779;8.106666666666667;8.0;11.0;-3.0;8.0
8789;8.13;8.0;11.0;-3.0;8.0
8799;8.09;8.0;11.0;-3.0;8.0
8809;8.126666666666667;8.0;11.0;-3.0;8.0
8819;8.133333333333333;8.0;11.0;-3.0;8.0
8829;8.096666666666666;8.0;11.0;-3.0;8.0
8839;8.123333333333333;8.0;11.0;-3.0;8.0
8849;8.146666666666667;8.0;11.0;-3.0;8.0
8859;8.143333333333333;8.0;11.0;-3.0;8.0
8869;8.153333333333334;8.0;11.0;-3.0;8.0
8879;8.15;8.0;11.0;-3.0;8.0
8889;8.116666666666667;8.0;11.0;-3.0;8.0
8899;8.16;8.0;11.0;-3.0;8.0
8909;8.143333333333333;8.0;11.0;-3.0;8.0
8919;8.136666666666667;8.0;11.0;-3.0;8.0
8929;8.073333333333334;8.0;11.0;-3.0;8.0
8939;8.146666666666667;8.0;11.0;-3.0;8.0
8949;8.066666666666666;8.0;11.0;-3.0;8.0
8959;8.11;8.0;11.0;-3.0;8.0
8969;8.106666666666667;8.0;11.0;-3.0;8.0
8979;8.093333333333334;8.0;11.0;-3.0;8.0
8989;8.183333333333334;8.0;11.0;-3.0;8.0
8999;8.106666666666667;8.0;11.0;-3.0;8.0
9009;8.173333333333334;8.0;11.0;-3.0;8.0
9019;8.126666666666667;8.0;11.0;-3.0;8.0
9029;8.14;8.0;11.0;-3.0;8.0
9039;8.103333333333333;8.0;11.0;-3.0;8.0
9049;8.07;8.0;11.0;-3.0;8.0
9059;8.086666666666666;8.0;11.0;-3.0;8.0
9069;8.133333333333333;8.0;11.0;-3.0;8.0
9079;8.133333333333333;8.0;11.0;-3.0;8.0
9089;8.106666666666667;8.0;11.0;-3.0;8.0
9099;8.123333333333333;8.0;11.0;-3.0;8.0
9109;8.11;8.0;11.0;-3.0;8.0
9119;8.143333333333333;8.0;11.0;-3.0;8.0
9129;8.15;8.0;11.0;-3.0;8.0
9139;8.143333333333333;8.0;11.0;-3.0;8.0
9149;8.126666666666667;8.0;11.0;-3.0;8.0
9159;8.116666666666667;8.0;11.0;-3.0;8.0
9169;8.12;8.0;11.0;-3.0;8.0
9179;8.13;8.0;11.0;-3.0;8.0
9189;8.086666666666666;8.0;11.0;-3.0;8.0
9199;8.133333333333333;8.0;11.0;-3.0;8.0
9209;8.136666666666667;8.0;11.0;-3.0;8.0
9219;8.043333333333333;8.0;11.0;-3.0;8.0
9229;8.09;8.0;11.0;-3.0;8.0
9239;8.133333333333333;8.0;11.0;-3.0;8.0
9249;8.053333333333333;8.0;11.0;-3.0;8.0
9259;8.106666666666667;8.0;11.0;-3.0;8.0
9269;8.166666666666666;8.0;11.0;-3.0;8.0
9279;8.103333333333333;8.0;11.0;-3.0;8.0
9289;8.126666666666667;8.0;11.0;-3.0;8.0
9299;8.096666666666666;8.0;11.0;-3.0;8.0
9309;8.146666666666667;8.0;11.0;-3.0;8.0
9319;8.1;8.0;11.0;-3.0;8.0
9329;8.076666666666666;8.0;11.0;-3.0;8.0
9339;8.206666666666667;8.0;11.0;-3.0;8.0
9349;8.093333333333334;8.0;11.0;-3.0;8.0
9359;8.146666666666667;8.0;11.0;-3.0;8.0
9369;8.123333333333333;8.0;11.0;-3.0;8.0
9379;8.106666666666667;8.0;11.0;-3.0;8.0
9389;8.08;8.0;11.0;-3.0;8.0
9399;8.136666666666667;8.0;11.0;-3.0;8.0
9409;8.136666666666667;8.0;11.0;-3.0;8.0
9419;8.123333333333333;8.0;11.0;-3.0;8.0
9429;8.07;8.0;11.0;-3.0;8.0
9439;8.156666666666666;8.0;11.0;-3.0;8.0
9449;8.123333333333333;8.0;11.0;-3.0;8.0
9459;8.086666666666666;8.0;11.0;-3.0;8.0
9469;8.12;8.0;11.0;-3.0;8.0
9479;8.12;8.0;11.0;-3.0;8.0
9489;8.126666666666667;8.0;11.0;-3.0;8.0
9499;8.143333333333333;8.0;11.0;-3.0;8.0
9509;8.123333333333333;8.0;11.0;-3.0;8.0
9519;8.156666666666666;8.0;11.0;-3.0;8.0
9529;8.096666666666666;8.0;11.0;-3.0;8.0
9539;8.146666666666667;8.0;11.0;-3.0;8.0
9549;8.143333333333333;8.0;11.0;-3.0;8.0
9559;8.126666666666667;8.0;11.0;-3.0;8.0
9569;8.093333333333334;8.0;11.0;-3.0;8.0
9579;8.153333333333334;8.0;11.0;-3.0;8.0
9589;8.123333333333333;8.0;11.0;-3.0;8.0
9599;8.076666666666666;8.0;11.0;-3.0;8.0
9609;8.08;8.0;11.0;-3.0;8.0
9619;8.123333333333333;8.0;11.0;-3.0;8.0
9629;8.07;8.0;11.0;-3.0;8.0
9639;8.106666666666667;8.0;11.0;-3.0;8.0
9649;8.093333333333334;8.0;11.0;-3.0;8.0
9659;8.093333333333334;8.0;11.0;-3.0;8.0
9669;8.126666666666667;8.0;11.0;-3.0;8.0
9679;8.106666666666667;8.0;11.0;-3.0;8.0
9689;8.116666666666667;8.0;11.0;-3.0;8.0
9699;8.176666666666666;8.0;11.0;-3.0;8.0
9709;8.113333333333333;8.0;11.0;-3.0;8.0
9719;8.153333333333334;8.0;11.0;-3.0;8.0
9729;8.13;8.0;11.0;-3.0;8.0
9739;8.143333333333333;8.0;11.0;-3.0;8.0
9749;8.076666666666666;8.0;11.0;-3.0;8.0
9759;8.133333333333333;8.0;11.0;-3.0;8.0
9769;8.1;8.0;11.0;-3.0;8.0
9779;8.13;8.0;11.0;-3.0;8.0
9789;8.076666666666666;8.0;11.0;-3.0;8.0
9799;8.033333333333333;8.0;11.0;-3.0;8.0
9809;8.113333333333333;8.0;11.0;-3.0;8.0
9819;8.12;8.0;11.0;-3.0;8.0
9829;8.066666666666666;8.0;11.0;-3.0;8.0
9839;8.136666666666667;8.0;11.0;-3.0;8.0
9849;8.133333333333333;8.0;11.0;-3.0;8.0
9859;8.113333333333333;8.0;11.0;-3.0;8.0
9869;8.113333333333333;8.0;11.0;-3.0;8.0
9879;8.086666666666666;8.0;11.0;-3.0;8.0
9889;8.123333333333333;8.0;11.0;-3.0;8.0
9899;8.176666666666666;8.0;11.0;-3.0;8.0
9909;8.16;8.0;11.0;-3.0;8.0
9919;8.186666666666667;8.0;11.0;-3.0;8.0
9929;8.133333333333333;8.0;11.0;-3.0;8.0
9939;8.14;8.0;11.0;-3.0;8.0
9949;8.146666666666667;8.0;11.0;-3.0;8.0
9959;8.156666666666666;8.0;11.0;-3.0;8.0
9969;8.11;8.0;11.0;-3.0;8.0
9979;8.116666666666667;8.0;11.0;-3.0;8.0
9989;8.143333333333333;8.0;11.0;-3.0;8.0
9999;8.043333333333333;8.0;11.0;-3.0;8.0
10009;8.136666666666667;8.0;11.0;-3.0;8.0
10019;8.11;8.0;11.0;-3.0;8.0
10029;8.153333333333334;8.0;11.0;-3.0;8.0
10039;8.123333333333333;8.0;11.0;-3.0;8.0
10049;8.12;8.0;11.0;-3.0;8.0
10059;8.103333333333333;8.0;11.0;-3.0;8.0
10069;8.17;8.0;11.0;-3.0;8.0
10079;8.14;8.0;11.0;-3.0;8.0
10089;8.133333333333333;8.0;11.0;-3.0;8.0
10099;8.153333333333334;8.0;11.0;-3.0;8.0
10109;8.143333333333333;8.0;11.0;-3.0;8.0
10119;8.13;8.0;11.0;-3.0;8.0
10129;8.196666666666667;8.0;11.0;-3.0;8.0
10139;8.15;8.0;11.0;-3.0;8.0
10149;8.116666666666667;8.0;11.0;-3.0;8.0
10159;8.11;8.0;11.0;-3.0;8.0
10169;8.153333333333334;8.0;11.0;-3.0;8.0
10179;8.13;8.0;11.0;-3.0;8.0
10189;8.116666666666667;8.0;11.0;-3.0;8.0
10199;8.153333333333334;8.0;11.0;-3.0;8.0
10209;8.12;8.0;11.0;-3.0;8.0
10219;8.123333333333333;8.0;11.0;-3.0;8.0
10229;8.13;8.0;11.0;-3.0;8.0
10239;8.096666666666666;8.0;11.0;-3.0;8.0
10249;8.086666666666666;8.0;11.0;-3.0;8.0
10259;8.173333333333334;8.0;11.0;-3.0;8.0
10269;8.133333333333333;8.0;11.0;-3.0;8.0
10279;8.113333333333333;8.0;11.0;-3.0;8.0
10289;8.163333333333334;8.0;11.0;-3.0;8.0
10299;8.11;8.0;11.0;-3.0;8.0
10309;8.12;8.0;11.0;-3.0;8.0
10319;8.09;8.0;11.0;-3.0;8.0
10329;8.1;8.0;11.0;-3.0;8.0
10339;8.13;8.0;11.0;-3.0;8.0
10349;8.07;8.0;11.0;-3.0;8.0
10359;8.15;8.0;11.0;-3.0;8.0
10369;8.11;8.0;11.0;-3.0;8.0
10379;8.196666666666667;8.0;11.0;-3.0;8.0
10389;8.12;8.0;11.0;-3.0;8.0
10399;8.126666666666667;8.0;11.0;-3.0;8.0
10409;8.136666666666667;8.0;11.0;-3.0;8.0
10419;8.116666666666667;8.0;11.0;-3.0;8.0
10429;8.13;8.0;11.0;-3.0;8.0
10439;8.103333333333333;8.0;11.0;-3.0;8.0
10449;8.15;8.0;11.0;-3.0;8.0
10459;8.14;8.0;11.0;-3.0;8.0
10469;8.09;8.0;11.0;-3.0;8.0
10479;8.136666666666667;8.0;11.0;-3.0;8.0
10489;8.063333333333333;8.0;11.0;-3.0;8.0
10499;8.086666666666666;8.0;11.0;-3.0;8.0
10509;8.126666666666667;8.0;11.0;-3.0;8.0
10519;8.066666666666666;8.0;11.0;-3.0;8.0
10529;8.156666666666666;8.0;11.0;-3.0;8.0
10539;8.113333333333333;8.0;11.0;-3.0;8.0
10549;8.123333333333333;8.0;11.0;-3.0;8.0
10559;8.103333333333333;8.0;11.0;-3.0;8.0
10569;8.15;8.0;11.0;-3.0;8.0
10579;8.126666666666667;8.0;11.0;-3.0;8.0
10589;8.133333333333333;8.0;11.0;-3.0;8.0
10599;8.12;8.0;11.0;-3.0;8.0
10609;8.11;8.0;11.0;-3.0;8.0
10619;8.126666666666667;8.0;11.0;-3.0;8.0
10629;8.106666666666667;8.0;11.0;-3.0;8.0
10639;8.15;8.0;11.0;-3.0;8.0
10649;8.156666666666666;8.0;11.0;-3.0;8.0
10659;8.11;8.0;11.0;-3.0;8.0
10669;8.136666666666667;8.0;11.0;-3.0;8.0
10679;8.166666666666666;8.0;11.0;-3.0;8.0
10689;8.12;8.0;11.0;-3.0;8.0
10699;8.113333333333333;8.0;11.0;-3.0;8.0
10709;8.126666666666667;8.0;11.0;-3.0;8.0
10719;8.1;8.0;11.0;-3.0;8.0
10729;8.11;8.0;11.0;-3.0;8.0
10739;8.133333333333333;8.0;11.0;-3.0;8.0
10749;8.14;8.0;11.0;-3.0;8.0
10759;8.156666666666666;8.0;11.0;-3.0;8.0
10769;8.113333333333333;8.0;11.0;-3.0;8.0
10779;8.076666666666666;8.0;11.0;-3.0;8.0
10789;8.103333333333333;8.0;11.0;-3.0;8.0
10799;8.153333333333334;8.0;11.0;-3.0;8.0
10809;8.133333333333333;8.0;11.0;-3.0;8.0
10819;8.13;8.0;11.0;-3.0;8.0
10829;8.136666666666667;8.0;11.0;-3.0;8.0
10839;8.103333333333333;8.0;11.0;-3.0;8.0
10849;8.113333333333333;8.0;11.0;-3.0;8.0
10859;8.106666666666667;8.0;11.0;-3.0;8.0
10869;8.07;8.0;11.0;-3.0;8.0
10879;8.11;8.0;11.0;-3.0;8.0
10889;8.083333333333334;8.0;11.0;-3.0;8.0
10899;8.1;8.0;11.0;-3.0;8.0
10909;8.136666666666667;8.0;11.0;-3.0;8.0
10919;8.136666666666667;8.0;11.0;-3.0;8.0
10929;8.196666666666667;8.0;11.0;-3.0;8.0
10939;8.09;8.0;11.0;-3.0;8.0
10949;8.103333333333333;8.0;11.0;-3.0;8.0
10959;8.083333333333334;8.0;11.0;-3.0;8.0
10969;8.106666666666667;8.0;11.0;-3.0;8.0
10979;8.173333333333334;8.0;11.0;-3.0;8.0
10989;8.173333333333334;8.0;11.0;-3.0;8.0
10999;8.116666666666667;8.0;11.0;-3.0;8.0
11009;8.13;8.0;11.0;-3.0;8.0
11019;8.12;8.0;11.0;-3.0;8.0
11029;8.17;8.0;11.0;-3.0;8.0
11039;8.16;8.0;11.0;-3.0;8.0
11049;8.153333333333334;8.0;11.0;-3.0;8.0
11059;8.076666666666666;8.0;11.0;-3.0;8.0
11069;8.113333333333333;8.0;11.0;-3.0;8.0
11079;8.116666666666667;8.0;11.0;-3.0;8.0
11089;8.1;8.0;11.0;-3.0;8.0
11099;8.113333333333333;8.0;11.0;-3.0;8.0
11109;8.08;8.0;11.0;-3.0;8.0
11119;8.146666666666667;8.0;11.0;-3.0;8.0
11129;8.11;8.0;11.0;-3.0;8.0
11139;8.113333333333333;8.0;11.0;-3.0;8.0
11149;8.08;8.0;11.0;-3.0;8.0
11159;8.103333333333333;8.0;11.0;-3.0;8.0
11169;8.1;8.0;11.0;-3.0;8.0
11179;8.093333333333334;8.0;11.0;-3.0;8.0
11189;8.146666666666667;8.0;11.0;-3.0;8.0
11199;8.13;8.0;11.0;-3.0;8.0
11209;8.183333333333334;8.0;11.0;-3.0;8.0
11219;8.156666666666666;8.0;11.0;-3.0;8.0
11229;8.09;8.0;11.0;-3.0;8.0
11239;8.106666666666667;8.0;11.0;-3.0;8.0
11249;8.14;8.0;11.0;-3.0;8.0
11259;8.096666666666666;8.0;11.0;-3.0;8.0
11269;8.123333333333333;8.0;11.0;-3.0;8.0
11279;8.1;8.0;11.0;-3.0;8.0
11289;8.096666666666666;8.0;11.0;-3.0;8.0
11299;8.093333333333334;8.0;11.0;-3.0;8.0
11309;8.126666666666667;8.0;11.0;-3.0;8.0
11319;8.173333333333334;8.0;11.0;-3.0;8.0
11329;8.16;8.0;11.0;-3.0;8.0
11339;8.12;8.0;11.0;-3.0;8.0
11349;8.146666666666667;8.0;11.0;-3.0;8.0
11359;8.146666666666667;8.0;11.0;-3.0;8.0
11369;8.18;8.0;11.0;-3.0;8.0
11379;8.123333333333333;8.0;11.0;-3.0;8.0
11389;8.106666666666667;8.0;11.0;-3.0;8.0
11399;8.08;8.0;11.0;-3.0;8.0
11409;8.136666666666667;8.0;11.0;-3.0;8.0
11419;8.153333333333334;8.0;11.0;-3.0;8.0
11429;8.116666666666667;8.0;11.0;-3.0;8.0
11439;8.14;8.0;11.0;-3.0;8.0
11449;8.11;8.0;11.0;-3.0;8.0
11459;8.183333333333334;8.0;11.0;-3.0;8.0
11469;8.14;8.0;11.0;-3.0;8.0
11479;8.113333333333333;8.0;11.0;-3.0;8.0
11489;8.123333333333333;8.0;11.0;-3.0;8.0
11499;8.116666666666667;8.0;11.0;-3.0;8.0
11509;8.196666666666667;8.0;11.0;-3.0;8.0
11519;8.193333333333333;8.0;11.0;-3.0;8.0
11529;8.193333333333333;8.0;11.0;-3.0;8.0
11539;8.073333333333334;8.0;11.0;-3.0;8.0
11549;8.156666666666666;8.0;11.0;-3.0;8.0
11559;8.146666666666667;8.0;11.0;-3.0;8.0
11569;8.126666666666667;8.0;11.0;-3.0;8.0
11579;8.126666666666667;8.0;11.0;-3.0;8.0
11589;8.103333333333333;8.0;11.0;-3.0;8.0
11599;8.136666666666667;8.0;11.0;-3.0;8.0
11609;8.113333333333333;8.0;11.0;-3.0;8.0
11619;8.126666666666667;8.0;11.0;-3.0;8.0
11629;8.223333333333333;8.0;11.0;-3.0;8.0
11639;8.106666666666667;8.0;11.0;-3.0;8.0
11649;8.156666666666666;8.0;11.0;-3.0;8.0
11659;8.11;8.0;11.0;-3.0;8.0
11669;8.096666666666666;8.0;11.0;-3.0;8.0
11679;8.123333333333333;8.0;11.0;-3.0;8.0
11689;8.11;8.0;11.0;-3.0;8.0
11699;8.103333333333333;8.0;11.0;-3.0;8.0
11709;8.056666666666667;8.0;11.0;-3.0;8.0
11719;8.13;8.0;11.0;-3.0;8.0
11729;8.11;8.0;11.0;-3.0;8.0
11739;8.136666666666667;8.0;11.0;-3.0;8.0
11749;8.143333333333333;8.0;11.0;-3.0;8.0
11759;8.13;8.0;11.0;-3.0;8.0
11769;8.1;8.0;11.0;-3.0;8.0
11779;8.086666666666666;8.0;11.0;-3.0;8.0
11789;8.066666666666666;8.0;11.0;-3.0;8.0
11799;8.086666666666666;8.0;11.0;-3.0;8.0
11809;8.073333333333334;8.0;11.0;-3.0;8.0
11819;8.136666666666667;8.0;11.0;-3.0;8.0
11829;8.106666666666667;8.0;11.0;-3.0;8.0
11839;8.113333333333333;8.0;11.0;-3.0;8.0
11849;8.13;8.0;11.0;-3.0;8.0
11859;8.146666666666667;8.0;11.0;-3.0;8.0
11869;8.11;8.0;11.0;-3.0;8.0
11879;8.153333333333334;8.0;11.0;-3.0;8.0
11889;8.066666666666666;8.0;11.0;-3.0;8.0
11899;8.09;8.0;11.0;-3.0;8.0
11909;8.1;8.0;11.0;-3.0;8.0
11919;8.156666666666666;8.0;11.0;-3.0;8.0
11929;8.166666666666666;8.0;11.0;-3.0;8.0
11939;8.123333333333333;8.0;11.0;-3.0;8.0
11949;8.116666666666667;8.0;11.0;-3.0;8.0
11959;8.093333333333334;8.0;11.0;-3.0;8.0
11969;8.136666666666667;8.0;11.0;-3.0;8.0
11979;8.126666666666667;8.0;11.0;-3.0;8.0
11989;8.086666666666666;8.0;11.0;-3.0;8.0
11999;8.093333333333334;8.0;11.0;-3.0;8.0
12009;8.096666666666666;8.0;11.0;-3.0;8.0
12019;8.106666666666667;8.0;11.0;-3.0;8.0
12029;8.15;8.0;11.0;-3.0;8.0
12039;8.126666666666667;8.0;11.0;-3.0;8.0
12049;8.036666666666667;8.0;11.0;-3.0;8.0
12059;8.09;8.0;11.0;-3.0;8.0
12069;8.076666666666666;8.0;11.0;-3.0;8.0
12079;8.113333333333333;8.0;11.0;-3.0;8.0
12089;8.11;8.0;11.0;-3.0;8.0
12099;8.153333333333334;8.0;11.0;-3.0;8.0
12109;8.113333333333333;8.0;11.0;-3.0;8.0
12119;8.093333333333334;8.0;11.0;-3.0;8.0
12129;8.11;8.0;11.0;-3.0;8.0
12139;8.126666666666667;8.0;11.0;-3.0;8.0
12149;8.133333333333333;8.0;11.0;-3.0;8.0
12159;8.093333333333334;8.0;11.0;-3.0;8.0
12169;8.083333333333334;8.0;11.0;-3.0;8.0
12179;8.156666666666666;8.0;11.0;-3.0;8.0
12189;8.126666666666667;8.0;11.0;-3.0;8.0
12199;8.156666666666666;8.0;11.0;-3.0;8.0
12209;8.143333333333333;8.0;11.0;-3.0;8.0
12219;8.116666666666667;8.0;11.0;-3.0;8.0
12229;8.126666666666667;8.0;11.0;-3.0;8.0
12239;8.153333333333334;8.0;11.0;-3.0;8.0
12249;8.17;8.0;11.0;-3.0;8.0
12259;8.076666666666666;8.0;11.0;-3.0;8.0
12269;8.13;8.0;11.0;-3.0;8.0
12279;8.13;8.0;11.0;-3.0;8.0
12289;8.203333333333333;8.0;11.0;-3.0;8.0
12299;8.11;8.0;11.0;-3.0;8.0
12309;8.15;8.0;11.0;-3.0;8.0
12319;8.06;8.0;11.0;-3.0;8.0
12329;8.116666666666667;8.0;11.0;-3.0;8.0
12339;8.11;8.0;11.0;-3.0;8.0
12349;8.103333333333333;8.0;11.0;-3.0;8.0
12359;8.166666666666666;8.0;11.0;-3.0;8.0
12369;8.07;8.0;11.0;-3.0;8.0
12379;8.193333333333333;8.0;11.0;-3.0;8.0
12389;8.136666666666667;8.0;11.0;-3.0;8.0
12399;8.106666666666667;8.0;11.0;-3.0;8.0
12409;8.123333333333333;8.0;11.0;-3.0;8.0
12419;8.136666666666667;8.0;11.0;-3.0;8.0
12429;8.11;8.0;11.0;-3.0;8.0
12439;8.096666666666666;8.0;11.0;-3.0;8.0
12449;8.066666666666666;8.0;11.0;-3.0;8.0
12459;8.1;8.0;11.0;-3.0;8.0
12469;8.123333333333333;8.0;11.0;-3.0;8.0
12479;8.106666666666667;8.0;11.0;-3.0;8.0
12489;8.153333333333334;8.0;11.0;-3.0;8.0
12499;8.103333333333333;8.0;11.0;-3.0;8.0
12509;8.116666666666667;8.0;11.0;-3.0;8.0
12519;8.173333333333334;8.0;11.0;-3.0;8.0
12529;8.116666666666667;8.0;11.0;-3.0;8.0
12539;8.126666666666667;8.0;11.0;-3.0;8.0
12549;8.156666666666666;8.0;11.0;-3.0;8.0
12559;8.086666666666666;8.0;11.0;-3.0;8.0
12569;8.11;8.0;11.0;-3.0;8.0
12579;8.126666666666667;8.0;11.0;-3.0;8.0
12589;8.073333333333334;8.0;11.0;-3.0;8.0
12599;8.14;8.0;11.0;-3.0;8.0
12609;8.096666666666666;8.0;11.0;-3.0;8.0
12619;8.153333333333334;8.0;11.0;-3.0;8.0
12629;8.163333333333334;8.0;11.0;-3.0;8.0
12639;8.116666666666667;8.0;11.0;-3.0;8.0
12649;8.08;8.0;11.0;-3.0;8.0
12659;8.113333333333333;8.0;11.0;-3.0;8.0
12669;8.136666666666667;8.0;11.0;-3.0;8.0
12679;8.116666666666667;8.0;11.0;-3.0;8.0
12689;8.093333333333334;8.0;11.0;-3.0;8.0
12699;8.143333333333333;8.0;11.0;-3.0;8.0
12709;8.09;8.0;11.0;-3.0;8.0
12719;8.133333333333333;8.0;11.0;-3.0;8.0
12729;8.106666666666667;8.0;11.0;-3.0;8.0
12739;8.13;8.0;11.0;-3.0;8.0
12749;8.15;8.0;11.0;-3.0;8.0
12759;8.106666666666667;8.0;11.0;-3.0;8.0
12769;8.11;8.0;11.0;-3.0;8.0
12779;8.1;8.0;11.0;-3.0;8.0
12789;8.09;8.0;11.0;-3.0;8.0
12799;8.103333333333333;8.0;11.0;-3.0;8.0
12809;8.136666666666667;8.0;11.0;-3.0;8.0
12819;8.123333333333333;8.0;11.0;-3.0;8.0
12829;8.13;8.0;11.0;-3.0;8.0
12839;8.186666666666667;8.0;11.0;-3.0;8.0
12849;8.123333333333333;8.0;11.0;-3.0;8.0
12859;8.116666666666667;8.0;11.0;-3.0;8.0
12869;8.163333333333334;8.0;11.0;-3.0;8.0
12879;8.136666666666667;8.0;11.0;-3.0;8.0
12889;8.196666666666667;8.0;11.0;-3.0;8.0
12899;8.133333333333333;8.0;11.0;-3.0;8.0
12909;8.113333333333333;8.0;11.0;-3.0;8.0
12919;8.14;8.0;11.0;-3.0;8.0
12929;8.133333333333333;8.0;11.0;-3.0;8.0
12939;8.046666666666667;8.0;11.0;-3.0;8.0
12949;8.116666666666667;8.0;11.0;-3.0;8.0
12959;8.096666666666666;8.0;11.0;-3.0;8.0
12969;8.136666666666667;8.0;11.0;-3.0;8.0
12979;8.106666666666667;8.0;11.0;-3.0;8.0
12989;8.196666666666667;8.0;11.0;-3.0;8.0
12999;8.113333333333333;8.0;11.0;-3.0;8.0
13009;8.126666666666667;8.0;11.0;-3.0;8.0
13019;8.11;8.0;11.0;-3.0;8.0
13029;8.12;8.0;11.0;-3.0;8.0
13039;8.13;8.0;11.0;-3.0;8.0
13049;8.153333333333334;8.0;11.0;-3.0;8.0
13059;8.056666666666667;8.0;11.0;-3.0;8.0
13069;8.19;8.0;11.0;-3.0;8.0
13079;8.183333333333334;8.0;11.0;-3.0;8.0
13089;8.083333333333334;8.0;11.0;-3.0;8.0
13099;8.113333333333333;8.0;11.0;-3.0;8.0
13109;8.08;8.0;11.0;-3.0;8.0
13119;8.173333333333334;8.0;11.0;-3.0;8.0
13129;8.073333333333334;8.0;11.0;-3.0;8.0
13139;8.106666666666667;8.0;11.0;-3.0;8.0
13149;8.066666666666666;8.0;11.0;-3.0;8.0
13159;8.143333333333333;8.0;11.0;-3.0;8.0
13169;8.173333333333334;8.0;11.0;-3.0;8.0
13179;8.096666666666666;8.0;11.0;-3.0;8.0
13189;8.09;8.0;11.0;-3.0;8.0
13199;8.2;8.0;11.0;-3.0;8.0
13209;8.11;8.0;11.0;-3.0;8.0
13219;8.11;8.0;11.0;-3.0;8.0
13229;8.143333333333333;8.0;11.0;-3.0;8.0
13239;8.066666666666666;8.0;11.0;-3.0;8.0
13249;8.11;8.0;11.0;-3.0;8.0
13259;8.163333333333334;8.0;11.0;-3.0;8.0
13269;8.13;8.0;11.0;-3.0;8.0
13279;8.073333333333334;8.0;11.0;-3.0;8.0
13289;8.106666666666667;8.0;11.0;-3.0;8.0
13299;8.11;8.0;11.0;-3.0;8.0
13309;8.123333333333333;8.0;11.0;-3.0;8.0
13319;8.096666666666666;8.0;11.0;-3.0;8.0
13329;8.183333333333334;8.0;11.0;-3.0;8.0
13339;8.063333333333333;8.0;11.0;-3.0;8.0
13349;8.16;8.0;11.0;-3.0;8.0
13359;8.113333333333333;8.0;11.0;-3.0;8.0
13369;8.076666666666666;8.0;11.0;-3.0;8.0
13379;8.076666666666666;8.0;11.0;-3.0;8.0
13389;8.076666666666666;8.0;11.0;-3.0;8.0
13399;8.13;8.0;11.0;-3.0;8.0
13409;8.166666666666666;8.0;11.0;-3.0;8.0
13419;8.15;8.0;11.0;-3.0;8.0
13429;8.1;8.0;11.0;-3.0;8.0
13439;8.176666666666666;8.0;11.0;-3.0;8.0
13449;8.173333333333334;8.0;11.0;-3.0;8.0
13459;8.113333333333333;8.0;11.0;-3.0;8.0
13469;8.143333333333333;8.0;11.0;-3.0;8.0
13479;8.156666666666666;8.0;11.0;-3.0;8.0
13489;8.103333333333333;8.0;11.0;-3.0;8.0
13499;8.113333333333333;8.0;11.0;-3.0;8.0
13509;8.123333333333333;8.0;11.0;-3.0;8.0
13519;8.136666666666667;8.0;11.0;-3.0;8.0
13529;8.13;8.0;11.0;-3.0;8.0
13539;8.173333333333334;8.0;11.0;-3.0;8.0
13549;8.113333333333333;8.0;11.0;-3.0;8.0
13559;8.03;8.0;11.0;-3.0;8.0
13569;8.14;8.0;11.0;-3.0;8.0
13579;8.183333333333334;8.0;11.0;-3.0;8.0
13589;8.126666666666667;8.0;11.0;-3.0;8.0
13599;8.156666666666666;8.0;11.0;-3.0;8.0
13609;8.153333333333334;8.0;11.0;-3.0;8.0
13619;8.14;8.0;11.0;-3.0;8.0
13629;8.036666666666667;8.0;11.0;-3.0;8.0
13639;8.126666666666667;8.0;11.0;-3.0;8.0
13649;8.126666666666667;8.0;11.0;-3.0;8.0
13659;8.11;8.0;11.0;-3.0;8.0
13669;8.136666666666667;8.0;11.0;-3.0;8.0
13679;8.1;8.0;11.0;-3.0;8.0
13689;8.176666666666666;8.0;11.0;-3.0;8.0
13699;8.13;8.0;11.0;-3.0;8.0
13709;8.056666666666667;8.0;11.0;-3.0;8.0
13719;8.13;8.0;11.0;-3.0;8.0
13729;8.083333333333334;8.0;11.0;-3.0;8.0
13739;8.19;8.0;11.0;-3.0;8.0
13749;8.06;8.0;11.0;-3.0;8.0
13759;8.163333333333334;8.0;11.0;-3.0;8.0
13769;8.19;8.0;11.0;-3.0;8.0
13779;8.19;8.0;11.0;-3.0;8.0
13789;8.193333333333333;8.0;11.0;-3.0;8.0
13799;8.14;8.0;11.0;-3.0;8.0
13809;8.17;8.0;11.0;-3.0;8.0
13819;8.166666666666666;8.0;11.0;-3.0;8.0
13829;8.1;8.0;11.0;-3.0;8.0
13839;8.113333333333333;8.0;11.0;-3.0;8.0
13849;8.213333333333333;8.0;11.0;-3.0;8.0
13859;8.116666666666667;8.0;11.0;-3.0;8.0
13869;8.126666666666667;8.0;11.0;-3.0;8.0
13879;8.05;8.0;11.0;-3.0;8.0
13889;8.12;8.0;11.0;-3.0;8.0
13899;8.14;8.0;11.0;-3.0;8.0
13909;8.126666666666667;8.0;11.0;-3.0;8.0
13919;8.126666666666667;8.0;11.0;-3.0;8.0
13929;8.14;8.0;11.0;-3.0;8.0
13939;8.116666666666667;8.0;11.0;-3.0;8.0
13949;8.086666666666666;8.0;11.0;-3.0;8.0
13959;8.14;8.0;11.0;-3.0;8.0
13969;8.16;8.0;11.0;-3.0;8.0
13979;8.066666666666666;8.0;11.0;-3.0;8.0
13989;8.12;8.0;11.0;-3.0;8.0
13999;8.093333333333334;8.0;11.0;-3.0;8.0
14009;8.076666666666666;8.0;11.0;-3.0;8.0
14019;8.146666666666667;8.0;11.0;-3.0;8.0
14029;8.15;8.0;11.0;-3.0;8.0
14039;8.11;8.0;11.0;-3.0;8.0
14049;8.13;8.0;11.0;-3.0;8.0
14059;8.08;8.0;11.0;-3.0;8.0
14069;8.076666666666666;8.0;11.0;-3.0;8.0
14079;8.083333333333334;8.0;11.0;-3.0;8.0
14089;8.11;8.0;11.0;-3.0;8.0
14099;8.1;8.0;11.0;-3.0;8.0
14109;8.113333333333333;8.0;11.0;-3.0;8.0
14119;8.093333333333334;8.0;11.0;-3.0;8.0
14129;8.103333333333333;8.0;11.0;-3.0;8.0
14139;8.1;8.0;11.0;-3.0;8.0
14149;8.116666666666667;8.0;11.0;-3.0;8.0
14159;8.093333333333334;8.0;11.0;-3.0;8.0
14169;8.08;8.0;11.0;-3.0;8.0
14179;8.146666666666667;8.0;11.0;-3.0;8.0
14189;8.116666666666667;8.0;11.0;-3.0;8.0
14199;8.146666666666667;8.0;11.0;-3.0;8.0
14209;8.206666666666667;8.0;11.0;-3.0;8.0
14219;8.116666666666667;8.0;11.0;-3.0;8.0
14229;8.076666666666666;8.0;11.0;-3.0;8.0
14239;8.116666666666667;8.0;11.0;-3.0;8.0
14249;8.15;8.0;11.0;-3.0;8.0
14259;8.146666666666667;8.0;11.0;-3.0;8.0
14269;8.103333333333333;8.0;11.0;-3.0;8.0
14279;8.093333333333334;8.0;11.0;-3.0;8.0
14289;8.1;8.0;11.0;-3.0;8.0
14299;8.1;8.0;11.0;-3.0;8.0
14309;8.093333333333334;8.0;11.0;-3.0;8.0
14319;8.066666666666666;8.0;11.0;-3.0;8.0
14329;8.11;8.0;11.0;-3.0;8.0
14339;8.11;8.0;11.0;-3.0;8.0
14349;8.153333333333334;8.0;11.0;-3.0;8.0
14359;8.11;8.0;11.0;-3.0;8.0
14369;8.136666666666667;8.0;11.0;-3.0;8.0
14379;8.13;8.0;11.0;-3.0;8.0
14389;8.14;8.0;11.0;-3.0;8.0
14399;8.12;8.0;11.0;-3.0;8.0
14409;8.063333333333333;8.0;11.0;-3.0;8.0
14419;8.163333333333334;8.0;11.0;-3.0;8.0
14429;8.126666666666667;8.0;11.0;-3.0;8.0
14439;8.166666666666666;8.0;11.0;-3.0;8.0
14449;8.13;8.0;11.0;-3.0;8.0
14459;8.07;8.0;11.0;-3.0;8.0
14469;8.136666666666667;8.0;11.0;-3.0;8.0
14479;8.046666666666667;8.0;11.0;-3.0;8.0
14489;8.1;8.0;11.0;-3.0;8.0
14499;8.146666666666667;8.0;11.0;-3.0;8.0
14509;8.1;8.0;11.0;-3.0;8.0
14519;8.16;8.0;11.0;-3.0;8.0
14529;8.08;8.0;11.0;-3.0;8.0
14539;8.08;8.0;11.0;-3.0;8.0
14549;8.156666666666666;8.0;11.0;-3.0;8.0
14559;8.14;8.0;11.0;-3.0;8.0
14569;8.126666666666667;8.0;11.0;-3.0;8.0
14579;8.143333333333333;8.0;11.0;-3.0;8.0
14589;8.116666666666667;8.0;11.0;-3.0;8.0
14599;8.08;8.0;11.0;-3.0;8.0
14609;8.116666666666667;8.0;11.0;-3.0;8.0
14619;8.106666666666667;8.0;11.0;-3.0;8.0
14629;8.146666666666667;8.0;11.0;-3.0;8.0
14639;8.126666666666667;8.0;11.0;-3.0;8.0
14649;8.133333333333333;8.0;11.0;-3.0;8.0
14659;8.08;8.0;11.0;-3.0;8.0
14669;8.12;8.0;11.0;-3.0;8.0
14679;8.116666666666667;8.0;11.0;-3.0;8.0
14689;8.13;8.0;11.0;-3.0;8.0
14699;8.18;8.0;11.0;-3.0;8.0
14709;8.11;8.0;11.0;-3.0;8.0
14719;8.116666666666667;8.0;11.0;-3.0;8.0
14729;8.106666666666667;8.0;11.0;-3.0;8.0
14739;8.1;8.0;11.0;-3.0;8.0
14749;8.086666666666666;8.0;11.0;-3.0;8.0
14759;8.113333333333333;8.0;11.0;-3.0;8.0
14769;8.063333333333333;8.0;11.0;-3.0;8.0
14779;8.136666666666667;8.0;11.0;-3.0;8.0
14789;8.136666666666667;8.0;11.0;-3.0;8.0
14799;8.153333333333334;8.0;11.0;-3.0;8.0
14809;8.136666666666667;8.0;11.0;-3.0;8.0
14819;8.113333333333333;8.0;11.0;-3.0;8.0
14829;8.13;8.0;11.0;-3.0;8.0
14839;8.136666666666667;8.0;11.0;-3.0;8.0
14849;8.18;8.0;11.0;-3.0;8.0
14859;8.123333333333333;8.0;11.0;-3.0;8.0
14869;8.133333333333333;8.0;11.0;-3.0;8.0
14879;8.096666666666666;8.0;11.0;-3.0;8.0
14889;8.13;8.0;11.0;-3.0;8.0
14899;8.13;8.0;11.0;-3.0;8.0
14909;8.103333333333333;8.0;11.0;-3.0;8.0
14919;8.173333333333334;8.0;11.0;-3.0;8.0
14929;8.173333333333334;8.0;11.0;-3.0;8.0
14939;8.133333333333333;8.0;11.0;-3.0;8.0
14949;8.08;8.0;11.0;-3.0;8.0
14959;8.096666666666666;8.0;11.0;-3.0;8.0
14969;8.166666666666666;8.0;11.0;-3.0;8.0
14979;8.136666666666667;8.0;11.0;-3.0;8.0
14989;8.106666666666667;8.0;11.0;-3.0;8.0
14999;8.13;8.0;11.0;-3.0;8.0
