geracao;media da geracao;fitness do melhor da geracao;fitness do pior da geracao;relacao entre melhor e pior;fitness do melhor da run
Probabilidade Recombinação: 0.7
Probabilidade Mutação: 0.049999999999999996
Tipo de Selecção: Torneio
Tipo de Mutação: Simples Al.
Tamanho População: 300
Máximo de Gerações: 15000
0;84.60333333333334;69.0;101.0;-32.0;69.0
0;75.47;66.0;86.0;-20.0;66.0
9;57.87;54.0;61.0;-7.0;54.0
19;47.02;45.0;50.0;-5.0;45.0
29;41.06333333333333;39.0;44.0;-5.0;39.0
39;36.70333333333333;36.0;39.0;-3.0;36.0
49;34.09;34.0;37.0;-3.0;34.0
59;30.093333333333334;30.0;33.0;-3.0;30.0
69;30.093333333333334;30.0;33.0;-3.0;30.0
79;30.073333333333334;30.0;33.0;-3.0;30.0
89;28.1;27.0;31.0;-4.0;27.0
99;27.07;26.0;30.0;-4.0;26.0
109;24.513333333333332;24.0;28.0;-4.0;24.0
119;23.113333333333333;23.0;26.0;-3.0;23.0
129;23.126666666666665;23.0;26.0;-3.0;23.0
139;22.133333333333333;22.0;25.0;-3.0;22.0
149;21.04;21.0;23.0;-2.0;21.0
159;21.026666666666667;20.0;24.0;-4.0;20.0
169;20.08;20.0;23.0;-3.0;20.0
179;20.113333333333333;20.0;23.0;-3.0;20.0
189;20.10333333333333;20.0;23.0;-3.0;20.0
199;20.106666666666666;20.0;23.0;-3.0;20.0
209;20.136666666666667;20.0;23.0;-3.0;20.0
219;20.10333333333333;20.0;23.0;-3.0;20.0
229;20.053333333333335;20.0;23.0;-3.0;20.0
239;20.073333333333334;20.0;23.0;-3.0;20.0
249;20.066666666666666;20.0;23.0;-3.0;20.0
259;20.086666666666666;20.0;23.0;-3.0;20.0
269;18.293333333333333;18.0;22.0;-4.0;18.0
279;16.093333333333334;15.0;19.0;-4.0;15.0
289;15.116666666666667;15.0;18.0;-3.0;15.0
299;15.08;15.0;18.0;-3.0;15.0
309;15.083333333333334;15.0;18.0;-3.0;15.0
319;15.13;15.0;18.0;-3.0;15.0
329;15.116666666666667;14.0;18.0;-4.0;14.0
339;14.12;14.0;17.0;-3.0;14.0
349;14.126666666666667;14.0;17.0;-3.0;14.0
359;14.166666666666666;14.0;17.0;-3.0;14.0
369;14.14;14.0;17.0;-3.0;14.0
379;14.086666666666666;14.0;17.0;-3.0;14.0
389;14.083333333333334;14.0;17.0;-3.0;14.0
399;14.106666666666667;14.0;17.0;-3.0;14.0
409;14.09;14.0;17.0;-3.0;14.0
419;14.103333333333333;14.0;17.0;-3.0;14.0
429;14.09;14.0;17.0;-3.0;14.0
439;14.146666666666667;14.0;17.0;-3.0;14.0
449;14.143333333333333;14.0;17.0;-3.0;14.0
459;14.1;14.0;17.0;-3.0;14.0
469;14.123333333333333;14.0;17.0;-3.0;14.0
479;14.116666666666667;14.0;17.0;-3.0;14.0
489;14.216666666666667;14.0;17.0;-3.0;14.0
499;14.146666666666667;14.0;17.0;-3.0;14.0
509;14.156666666666666;14.0;17.0;-3.0;14.0
519;14.143333333333333;14.0;17.0;-3.0;14.0
529;14.113333333333333;14.0;17.0;-3.0;14.0
539;14.093333333333334;14.0;17.0;-3.0;14.0
549;14.123333333333333;14.0;17.0;-3.0;14.0
559;14.143333333333333;14.0;17.0;-3.0;14.0
569;14.13;14.0;17.0;-3.0;14.0
579;14.06;14.0;17.0;-3.0;14.0
589;14.09;14.0;17.0;-3.0;14.0
599;14.053333333333333;14.0;17.0;-3.0;14.0
609;14.12;14.0;17.0;-3.0;14.0
619;14.156666666666666;14.0;17.0;-3.0;14.0
629;14.103333333333333;14.0;17.0;-3.0;14.0
639;14.086666666666666;14.0;17.0;-3.0;14.0
649;14.123333333333333;14.0;17.0;-3.0;14.0
659;14.133333333333333;14.0;17.0;-3.0;14.0
669;14.076666666666666;14.0;17.0;-3.0;14.0
679;14.143333333333333;14.0;17.0;-3.0;14.0
689;14.143333333333333;14.0;17.0;-3.0;14.0
699;14.11;14.0;17.0;-3.0;14.0
709;14.066666666666666;14.0;17.0;-3.0;14.0
719;14.093333333333334;14.0;17.0;-3.0;14.0
729;14.136666666666667;14.0;17.0;-3.0;14.0
739;14.15;14.0;17.0;-3.0;14.0
749;14.133333333333333;14.0;17.0;-3.0;14.0
759;14.15;14.0;17.0;-3.0;14.0
769;14.083333333333334;14.0;17.0;-3.0;14.0
779;14.113333333333333;14.0;17.0;-3.0;14.0
789;14.103333333333333;14.0;17.0;-3.0;14.0
799;14.103333333333333;14.0;17.0;-3.0;14.0
809;14.106666666666667;14.0;17.0;-3.0;14.0
819;14.153333333333334;14.0;17.0;-3.0;14.0
829;14.156666666666666;14.0;17.0;-3.0;14.0
839;14.1;14.0;17.0;-3.0;14.0
849;14.113333333333333;14.0;17.0;-3.0;14.0
859;14.106666666666667;14.0;17.0;-3.0;14.0
869;14.113333333333333;14.0;17.0;-3.0;14.0
879;14.08;14.0;17.0;-3.0;14.0
889;14.153333333333334;14.0;17.0;-3.0;14.0
899;14.09;14.0;17.0;-3.0;14.0
909;14.113333333333333;14.0;17.0;-3.0;14.0
919;14.07;14.0;17.0;-3.0;14.0
929;14.096666666666666;14.0;17.0;-3.0;14.0
939;14.136666666666667;14.0;17.0;-3.0;14.0
949;14.11;14.0;17.0;-3.0;14.0
959;14.106666666666667;14.0;17.0;-3.0;14.0
969;14.193333333333333;14.0;17.0;-3.0;14.0
979;14.153333333333334;14.0;17.0;-3.0;14.0
989;14.09;14.0;17.0;-3.0;14.0
999;14.113333333333333;14.0;17.0;-3.0;14.0
1009;14.043333333333333;14.0;17.0;-3.0;14.0
1019;14.12;14.0;17.0;-3.0;14.0
1029;14.126666666666667;14.0;17.0;-3.0;14.0
1039;14.116666666666667;14.0;17.0;-3.0;14.0
1049;14.146666666666667;14.0;17.0;-3.0;14.0
1059;14.076666666666666;14.0;17.0;-3.0;14.0
1069;14.1;14.0;17.0;-3.0;14.0
1079;14.096666666666666;14.0;17.0;-3.0;14.0
1089;14.096666666666666;14.0;17.0;-3.0;14.0
1099;14.143333333333333;14.0;17.0;-3.0;14.0
1109;13.12;13.0;16.0;-3.0;13.0
1119;13.103333333333333;13.0;16.0;-3.0;13.0
1129;13.103333333333333;13.0;16.0;-3.0;13.0
1139;13.08;13.0;16.0;-3.0;13.0
1149;13.116666666666667;13.0;16.0;-3.0;13.0
1159;13.106666666666667;13.0;16.0;-3.0;13.0
1169;13.106666666666667;13.0;16.0;-3.0;13.0
1179;13.156666666666666;13.0;16.0;-3.0;13.0
1189;13.13;13.0;16.0;-3.0;13.0
1199;13.096666666666666;13.0;16.0;-3.0;13.0
1209;13.116666666666667;13.0;16.0;-3.0;13.0
1219;13.126666666666667;13.0;16.0;-3.0;13.0
1229;13.113333333333333;13.0;16.0;-3.0;13.0
1239;13.056666666666667;13.0;16.0;-3.0;13.0
1249;13.09;13.0;16.0;-3.0;13.0
1259;13.07;13.0;16.0;-3.0;13.0
1269;13.08;13.0;16.0;-3.0;13.0
1279;13.11;13.0;16.0;-3.0;13.0
1289;13.113333333333333;13.0;16.0;-3.0;13.0
1299;13.1;13.0;16.0;-3.0;13.0
1309;13.12;13.0;16.0;-3.0;13.0
1319;13.146666666666667;13.0;16.0;-3.0;13.0
1329;13.126666666666667;13.0;16.0;-3.0;13.0
1339;13.1;13.0;16.0;-3.0;13.0
1349;13.096666666666666;13.0;16.0;-3.0;13.0
1359;13.123333333333333;13.0;16.0;-3.0;13.0
1369;13.083333333333334;13.0;16.0;-3.0;13.0
1379;13.12;13.0;16.0;-3.0;13.0
1389;13.03;13.0;16.0;-3.0;13.0
1399;13.106666666666667;13.0;16.0;-3.0;13.0
1409;13.086666666666666;13.0;16.0;-3.0;13.0
1419;13.186666666666667;13.0;16.0;-3.0;13.0
1429;13.073333333333334;13.0;16.0;-3.0;13.0
1439;13.103333333333333;13.0;16.0;-3.0;13.0
1449;13.116666666666667;13.0;16.0;-3.0;13.0
1459;13.126666666666667;13.0;16.0;-3.0;13.0
1469;13.106666666666667;13.0;16.0;-3.0;13.0
1479;13.063333333333333;13.0;16.0;-3.0;13.0
1489;13.143333333333333;13.0;16.0;-3.0;13.0
1499;13.103333333333333;13.0;16.0;-3.0;13.0
1509;13.06;13.0;16.0;-3.0;13.0
1519;13.12;13.0;16.0;-3.0;13.0
1529;13.07;13.0;16.0;-3.0;13.0
1539;13.086666666666666;13.0;16.0;-3.0;13.0
1549;13.166666666666666;13.0;16.0;-3.0;13.0
1559;13.163333333333334;13.0;16.0;-3.0;13.0
1569;13.123333333333333;13.0;16.0;-3.0;13.0
1579;13.156666666666666;13.0;16.0;-3.0;13.0
1589;13.106666666666667;13.0;16.0;-3.0;13.0
1599;13.153333333333334;13.0;16.0;-3.0;13.0
1609;13.126666666666667;13.0;16.0;-3.0;13.0
1619;13.116666666666667;13.0;16.0;-3.0;13.0
1629;13.116666666666667;13.0;16.0;-3.0;13.0
1639;13.18;13.0;16.0;-3.0;13.0
1649;13.116666666666667;13.0;16.0;-3.0;13.0
1659;13.1;13.0;16.0;-3.0;13.0
1669;13.19;13.0;16.0;-3.0;13.0
1679;13.096666666666666;13.0;16.0;-3.0;13.0
1689;13.12;13.0;16.0;-3.0;13.0
1699;13.13;13.0;16.0;-3.0;13.0
1709;13.156666666666666;13.0;16.0;-3.0;13.0
1719;13.086666666666666;13.0;16.0;-3.0;13.0
1729;13.17;13.0;16.0;-3.0;13.0
1739;13.123333333333333;13.0;16.0;-3.0;13.0
1749;13.11;13.0;16.0;-3.0;13.0
1759;13.103333333333333;13.0;16.0;-3.0;13.0
1769;13.046666666666667;13.0;16.0;-3.0;13.0
1779;13.11;13.0;16.0;-3.0;13.0
1789;13.05;13.0;16.0;-3.0;13.0
1799;13.063333333333333;13.0;16.0;-3.0;13.0
1809;13.163333333333334;13.0;16.0;-3.0;13.0
1819;13.13;13.0;16.0;-3.0;13.0
1829;13.07;13.0;16.0;-3.0;13.0
1839;13.106666666666667;13.0;16.0;-3.0;13.0
1849;13.116666666666667;13.0;16.0;-3.0;13.0
1859;13.183333333333334;13.0;16.0;-3.0;13.0
1869;13.083333333333334;13.0;16.0;-3.0;13.0
1879;13.09;13.0;16.0;-3.0;13.0
1889;13.076666666666666;13.0;16.0;-3.0;13.0
1899;13.193333333333333;13.0;16.0;-3.0;13.0
1909;13.053333333333333;13.0;16.0;-3.0;13.0
1919;13.053333333333333;13.0;16.0;-3.0;13.0
1929;13.136666666666667;13.0;16.0;-3.0;13.0
1939;13.14;13.0;16.0;-3.0;13.0
1949;13.08;13.0;16.0;-3.0;13.0
1959;13.11;13.0;16.0;-3.0;13.0
1969;13.14;13.0;16.0;-3.0;13.0
1979;13.123333333333333;13.0;16.0;-3.0;13.0
1989;13.073333333333334;13.0;16.0;-3.0;13.0
1999;13.066666666666666;13.0;16.0;-3.0;13.0
2009;13.113333333333333;13.0;16.0;-3.0;13.0
2019;13.093333333333334;13.0;16.0;-3.0;13.0
2029;13.076666666666666;13.0;16.0;-3.0;13.0
2039;13.13;13.0;16.0;-3.0;13.0
2049;13.09;13.0;16.0;-3.0;13.0
2059;13.11;13.0;16.0;-3.0;13.0
2069;13.163333333333334;13.0;16.0;-3.0;13.0
2079;13.163333333333334;13.0;16.0;-3.0;13.0
2089;13.09;13.0;16.0;-3.0;13.0
2099;13.066666666666666;13.0;16.0;-3.0;13.0
2109;13.08;13.0;16.0;-3.0;13.0
2119;13.086666666666666;13.0;16.0;-3.0;13.0
2129;13.13;13.0;16.0;-3.0;13.0
2139;13.13;13.0;16.0;-3.0;13.0
2149;13.133333333333333;13.0;16.0;-3.0;13.0
2159;13.106666666666667;13.0;16.0;-3.0;13.0
2169;13.05;13.0;16.0;-3.0;13.0
2179;13.103333333333333;13.0;16.0;-3.0;13.0
2189;13.063333333333333;13.0;16.0;-3.0;13.0
2199;13.136666666666667;13.0;16.0;-3.0;13.0
2209;13.12;13.0;16.0;-3.0;13.0
2219;13.123333333333333;13.0;16.0;-3.0;13.0
2229;13.053333333333333;13.0;16.0;-3.0;13.0
2239;13.136666666666667;13.0;16.0;-3.0;13.0
2249;13.12;13.0;16.0;-3.0;13.0
2259;13.08;13.0;16.0;-3.0;13.0
2269;13.106666666666667;13.0;16.0;-3.0;13.0
2279;13.07;13.0;16.0;-3.0;13.0
2289;13.093333333333334;13.0;16.0;-3.0;13.0
2299;13.103333333333333;13.0;16.0;-3.0;13.0
2309;13.093333333333334;13.0;16.0;-3.0;13.0
2319;13.083333333333334;13.0;16.0;-3.0;13.0
2329;13.103333333333333;13.0;16.0;-3.0;13.0
2339;13.103333333333333;13.0;16.0;-3.0;13.0
2349;13.063333333333333;13.0;16.0;-3.0;13.0
2359;13.096666666666666;13.0;16.0;-3.0;13.0
2369;13.11;13.0;16.0;-3.0;13.0
2379;13.093333333333334;13.0;16.0;-3.0;13.0
2389;13.146666666666667;13.0;16.0;-3.0;13.0
2399;13.066666666666666;13.0;16.0;-3.0;13.0
2409;13.08;13.0;16.0;-3.0;13.0
2419;13.086666666666666;13.0;16.0;-3.0;13.0
2429;13.166666666666666;13.0;16.0;-3.0;13.0
2439;13.103333333333333;13.0;16.0;-3.0;13.0
2449;13.066666666666666;13.0;16.0;-3.0;13.0
2459;13.086666666666666;13.0;16.0;-3.0;13.0
2469;13.1;13.0;16.0;-3.0;13.0
2479;13.086666666666666;13.0;16.0;-3.0;13.0
2489;13.113333333333333;13.0;16.0;-3.0;13.0
2499;13.136666666666667;13.0;16.0;-3.0;13.0
2509;13.14;13.0;16.0;-3.0;13.0
2519;13.15;13.0;16.0;-3.0;13.0
2529;13.093333333333334;13.0;16.0;-3.0;13.0
2539;13.106666666666667;13.0;16.0;-3.0;13.0
2549;13.163333333333334;13.0;16.0;-3.0;13.0
2559;13.096666666666666;13.0;16.0;-3.0;13.0
2569;13.13;13.0;16.0;-3.0;13.0
2579;13.06;13.0;16.0;-3.0;13.0
2589;13.113333333333333;13.0;16.0;-3.0;13.0
2599;13.086666666666666;13.0;16.0;-3.0;13.0
2609;13.126666666666667;13.0;16.0;-3.0;13.0
2619;13.146666666666667;13.0;16.0;-3.0;13.0
2629;13.103333333333333;13.0;16.0;-3.0;13.0
2639;13.066666666666666;13.0;16.0;-3.0;13.0
2649;13.126666666666667;13.0;16.0;-3.0;13.0
2659;13.15;13.0;16.0;-3.0;13.0
2669;13.133333333333333;13.0;16.0;-3.0;13.0
2679;13.076666666666666;13.0;16.0;-3.0;13.0
2689;13.09;13.0;16.0;-3.0;13.0
2699;13.126666666666667;13.0;16.0;-3.0;13.0
2709;13.156666666666666;13.0;16.0;-3.0;13.0
2719;13.133333333333333;13.0;16.0;-3.0;13.0
2729;13.14;13.0;16.0;-3.0;13.0
2739;13.083333333333334;13.0;16.0;-3.0;13.0
2749;13.08;13.0;16.0;-3.0;13.0
2759;13.086666666666666;13.0;16.0;-3.0;13.0
2769;13.1;13.0;16.0;-3.0;13.0
2779;13.18;13.0;16.0;-3.0;13.0
2789;13.146666666666667;13.0;16.0;-3.0;13.0
2799;13.116666666666667;13.0;16.0;-3.0;13.0
2809;13.103333333333333;13.0;16.0;-3.0;13.0
2819;13.14;13.0;16.0;-3.0;13.0
2829;13.146666666666667;13.0;16.0;-3.0;13.0
2839;13.063333333333333;13.0;16.0;-3.0;13.0
2849;13.14;13.0;16.0;-3.0;13.0
2859;13.096666666666666;13.0;16.0;-3.0;13.0
2869;13.086666666666666;13.0;16.0;-3.0;13.0
2879;13.126666666666667;13.0;16.0;-3.0;13.0
2889;13.106666666666667;13.0;16.0;-3.0;13.0
2899;13.123333333333333;13.0;16.0;-3.0;13.0
2909;13.1;13.0;16.0;-3.0;13.0
2919;13.13;13.0;16.0;-3.0;13.0
2929;13.12;13.0;16.0;-3.0;13.0
2939;13.103333333333333;13.0;16.0;-3.0;13.0
2949;13.073333333333334;13.0;16.0;-3.0;13.0
2959;13.096666666666666;13.0;16.0;-3.0;13.0
2969;13.106666666666667;13.0;16.0;-3.0;13.0
2979;13.19;13.0;16.0;-3.0;13.0
2989;11.126666666666667;11.0;14.0;-3.0;11.0
2999;11.133333333333333;11.0;14.0;-3.0;11.0
3009;11.096666666666666;11.0;14.0;-3.0;11.0
3019;11.103333333333333;11.0;14.0;-3.0;11.0
3029;11.14;11.0;14.0;-3.0;11.0
3039;11.146666666666667;11.0;14.0;-3.0;11.0
3049;11.073333333333334;11.0;14.0;-3.0;11.0
3059;11.126666666666667;11.0;14.0;-3.0;11.0
3069;11.083333333333334;11.0;14.0;-3.0;11.0
3079;11.063333333333333;11.0;14.0;-3.0;11.0
3089;11.146666666666667;11.0;14.0;-3.0;11.0
3099;11.116666666666667;11.0;14.0;-3.0;11.0
3109;11.086666666666666;11.0;14.0;-3.0;11.0
3119;11.046666666666667;11.0;14.0;-3.0;11.0
3129;11.156666666666666;11.0;14.0;-3.0;11.0
3139;11.103333333333333;11.0;14.0;-3.0;11.0
3149;11.126666666666667;11.0;14.0;-3.0;11.0
3159;11.126666666666667;11.0;14.0;-3.0;11.0
3169;11.12;11.0;14.0;-3.0;11.0
3179;11.11;11.0;14.0;-3.0;11.0
3189;11.113333333333333;11.0;14.0;-3.0;11.0
3199;11.1;11.0;14.0;-3.0;11.0
3209;11.08;11.0;14.0;-3.0;11.0
3219;11.11;11.0;14.0;-3.0;11.0
3229;11.133333333333333;11.0;14.0;-3.0;11.0
3239;11.086666666666666;11.0;14.0;-3.0;11.0
3249;11.123333333333333;11.0;14.0;-3.0;11.0
3259;11.09;11.0;14.0;-3.0;11.0
3269;11.133333333333333;11.0;14.0;-3.0;11.0
3279;11.103333333333333;11.0;14.0;-3.0;11.0
3289;11.13;11.0;14.0;-3.0;11.0
3299;11.096666666666666;11.0;14.0;-3.0;11.0
3309;11.123333333333333;11.0;14.0;-3.0;11.0
3319;11.136666666666667;11.0;14.0;-3.0;11.0
3329;11.056666666666667;11.0;14.0;-3.0;11.0
3339;11.1;11.0;14.0;-3.0;11.0
3349;11.06;11.0;14.0;-3.0;11.0
3359;11.056666666666667;11.0;14.0;-3.0;11.0
3369;11.066666666666666;11.0;14.0;-3.0;11.0
3379;11.103333333333333;11.0;14.0;-3.0;11.0
3389;11.123333333333333;11.0;14.0;-3.0;11.0
3399;11.113333333333333;11.0;14.0;-3.0;11.0
3409;11.12;11.0;14.0;-3.0;11.0
3419;11.13;11.0;14.0;-3.0;11.0
3429;11.053333333333333;11.0;14.0;-3.0;11.0
3439;11.08;11.0;14.0;-3.0;11.0
3449;11.133333333333333;11.0;14.0;-3.0;11.0
3459;11.216666666666667;11.0;14.0;-3.0;11.0
3469;11.11;11.0;14.0;-3.0;11.0
3479;11.14;11.0;14.0;-3.0;11.0
3489;11.146666666666667;11.0;14.0;-3.0;11.0
3499;11.1;11.0;14.0;-3.0;11.0
3509;11.116666666666667;11.0;14.0;-3.0;11.0
3519;11.133333333333333;11.0;14.0;-3.0;11.0
3529;11.116666666666667;11.0;14.0;-3.0;11.0
3539;11.12;11.0;14.0;-3.0;11.0
3549;11.1;11.0;14.0;-3.0;11.0
3559;11.16;11.0;14.0;-3.0;11.0
3569;11.096666666666666;11.0;14.0;-3.0;11.0
3579;11.133333333333333;11.0;14.0;-3.0;11.0
3589;10.116666666666667;10.0;13.0;-3.0;10.0
3599;10.093333333333334;10.0;13.0;-3.0;10.0
3609;10.106666666666667;10.0;13.0;-3.0;10.0
3619;10.093333333333334;10.0;13.0;-3.0;10.0
3629;10.136666666666667;10.0;13.0;-3.0;10.0
3639;10.076666666666666;10.0;13.0;-3.0;10.0
3649;10.09;10.0;13.0;-3.0;10.0
3659;10.12;10.0;13.0;-3.0;10.0
3669;10.05;10.0;13.0;-3.0;10.0
3679;10.096666666666666;10.0;13.0;-3.0;10.0
3689;10.163333333333334;10.0;13.0;-3.0;10.0
3699;10.086666666666666;10.0;13.0;-3.0;10.0
3709;10.093333333333334;10.0;13.0;-3.0;10.0
3719;10.146666666666667;10.0;13.0;-3.0;10.0
3729;10.133333333333333;10.0;13.0;-3.0;10.0
3739;10.116666666666667;10.0;13.0;-3.0;10.0
3749;10.13;10.0;13.0;-3.0;10.0
3759;10.123333333333333;10.0;13.0;-3.0;10.0
3769;10.106666666666667;10.0;13.0;-3.0;10.0
3779;10.106666666666667;10.0;13.0;-3.0;10.0
3789;10.123333333333333;10.0;13.0;-3.0;10.0
3799;10.083333333333334;10.0;13.0;-3.0;10.0
3809;10.136666666666667;10.0;14.0;-4.0;10.0
3819;10.063333333333333;10.0;13.0;-3.0;10.0
3829;10.1;10.0;13.0;-3.0;10.0
3839;10.17;10.0;13.0;-3.0;10.0
3849;10.073333333333334;10.0;13.0;-3.0;10.0
3859;10.103333333333333;10.0;13.0;-3.0;10.0
3869;10.173333333333334;10.0;13.0;-3.0;10.0
3879;10.136666666666667;10.0;13.0;-3.0;10.0
3889;10.166666666666666;10.0;13.0;-3.0;10.0
3899;10.1;10.0;13.0;-3.0;10.0
3909;10.106666666666667;10.0;13.0;-3.0;10.0
3919;10.076666666666666;10.0;13.0;-3.0;10.0
3929;10.106666666666667;10.0;13.0;-3.0;10.0
3939;10.143333333333333;10.0;13.0;-3.0;10.0
3949;10.1;10.0;13.0;-3.0;10.0
3959;10.143333333333333;10.0;13.0;-3.0;10.0
3969;10.116666666666667;10.0;13.0;-3.0;10.0
3979;10.2;10.0;13.0;-3.0;10.0
3989;10.103333333333333;10.0;13.0;-3.0;10.0
3999;10.13;10.0;13.0;-3.0;10.0
4009;10.176666666666666;10.0;13.0;-3.0;10.0
4019;10.096666666666666;10.0;13.0;-3.0;10.0
4029;10.153333333333334;10.0;13.0;-3.0;10.0
4039;10.1;10.0;13.0;-3.0;10.0
4049;10.096666666666666;10.0;13.0;-3.0;10.0
4059;10.07;10.0;13.0;-3.0;10.0
4069;10.093333333333334;10.0;13.0;-3.0;10.0
4079;10.113333333333333;10.0;13.0;-3.0;10.0
4089;10.103333333333333;10.0;13.0;-3.0;10.0
4099;10.11;10.0;13.0;-3.0;10.0
4109;10.133333333333333;10.0;13.0;-3.0;10.0
4119;10.096666666666666;10.0;13.0;-3.0;10.0
4129;10.05;10.0;13.0;-3.0;10.0
4139;10.156666666666666;10.0;13.0;-3.0;10.0
4149;10.133333333333333;10.0;13.0;-3.0;10.0
4159;10.09;10.0;13.0;-3.0;10.0
4169;10.1;10.0;13.0;-3.0;10.0
4179;10.18;10.0;13.0;-3.0;10.0
4189;10.13;10.0;13.0;-3.0;10.0
4199;10.146666666666667;10.0;13.0;-3.0;10.0
4209;10.163333333333334;10.0;13.0;-3.0;10.0
4219;10.14;10.0;13.0;-3.0;10.0
4229;10.076666666666666;10.0;13.0;-3.0;10.0
4239;10.14;10.0;13.0;-3.0;10.0
4249;10.09;10.0;13.0;-3.0;10.0
4259;10.113333333333333;10.0;13.0;-3.0;10.0
4269;10.096666666666666;10.0;13.0;-3.0;10.0
4279;10.19;10.0;13.0;-3.0;10.0
4289;10.123333333333333;10.0;13.0;-3.0;10.0
4299;10.193333333333333;10.0;13.0;-3.0;10.0
4309;10.1;10.0;13.0;-3.0;10.0
4319;10.11;10.0;13.0;-3.0;10.0
4329;10.196666666666667;10.0;13.0;-3.0;10.0
4339;10.123333333333333;10.0;13.0;-3.0;10.0
4349;10.096666666666666;10.0;13.0;-3.0;10.0
4359;10.146666666666667;10.0;13.0;-3.0;10.0
4369;10.143333333333333;10.0;13.0;-3.0;10.0
4379;10.1;10.0;13.0;-3.0;10.0
4389;10.083333333333334;10.0;13.0;-3.0;10.0
4399;10.143333333333333;10.0;13.0;-3.0;10.0
4409;10.113333333333333;10.0;13.0;-3.0;10.0
4419;10.113333333333333;10.0;13.0;-3.0;10.0
4429;10.143333333333333;10.0;13.0;-3.0;10.0
4439;10.136666666666667;10.0;13.0;-3.0;10.0
4449;10.136666666666667;10.0;13.0;-3.0;10.0
4459;10.063333333333333;10.0;13.0;-3.0;10.0
4469;10.08;10.0;13.0;-3.0;10.0
4479;10.09;10.0;13.0;-3.0;10.0
4489;10.113333333333333;10.0;13.0;-3.0;10.0
4499;10.13;10.0;13.0;-3.0;10.0
4509;10.116666666666667;10.0;13.0;-3.0;10.0
4519;10.106666666666667;10.0;13.0;-3.0;10.0
4529;10.153333333333334;10.0;13.0;-3.0;10.0
4539;10.133333333333333;10.0;13.0;-3.0;10.0
4549;10.093333333333334;10.0;13.0;-3.0;10.0
4559;10.113333333333333;10.0;13.0;-3.0;10.0
4569;10.103333333333333;10.0;13.0;-3.0;10.0
4579;10.153333333333334;10.0;13.0;-3.0;10.0
4589;10.09;10.0;13.0;-3.0;10.0
4599;10.13;10.0;13.0;-3.0;10.0
4609;10.086666666666666;10.0;13.0;-3.0;10.0
4619;10.086666666666666;10.0;13.0;-3.0;10.0
4629;10.16;10.0;13.0;-3.0;10.0
4639;10.113333333333333;10.0;13.0;-3.0;10.0
4649;10.096666666666666;10.0;13.0;-3.0;10.0
4659;10.12;10.0;13.0;-3.0;10.0
4669;10.113333333333333;10.0;13.0;-3.0;10.0
4679;10.1;10.0;13.0;-3.0;10.0
4689;10.116666666666667;10.0;13.0;-3.0;10.0
4699;10.093333333333334;10.0;13.0;-3.0;10.0
4709;10.093333333333334;10.0;13.0;-3.0;10.0
4719;10.163333333333334;10.0;13.0;-3.0;10.0
4729;10.12;10.0;13.0;-3.0;10.0
4739;10.123333333333333;10.0;13.0;-3.0;10.0
4749;10.096666666666666;10.0;13.0;-3.0;10.0
4759;10.123333333333333;10.0;13.0;-3.0;10.0
4769;10.096666666666666;10.0;13.0;-3.0;10.0
4779;10.083333333333334;10.0;13.0;-3.0;10.0
4789;10.113333333333333;10.0;13.0;-3.0;10.0
4799;10.05;10.0;13.0;-3.0;10.0
4809;10.103333333333333;10.0;13.0;-3.0;10.0
4819;10.156666666666666;10.0;13.0;-3.0;10.0
4829;10.073333333333334;10.0;13.0;-3.0;10.0
4839;10.03;10.0;13.0;-3.0;10.0
4849;10.113333333333333;10.0;13.0;-3.0;10.0
4859;10.186666666666667;10.0;13.0;-3.0;10.0
4869;10.136666666666667;10.0;13.0;-3.0;10.0
4879;10.12;10.0;13.0;-3.0;10.0
4889;10.103333333333333;10.0;13.0;-3.0;10.0
4899;10.1;10.0;13.0;-3.0;10.0
4909;10.116666666666667;10.0;13.0;-3.0;10.0
4919;10.11;10.0;13.0;-3.0;10.0
4929;10.13;10.0;13.0;-3.0;10.0
4939;10.183333333333334;10.0;13.0;-3.0;10.0
4949;10.133333333333333;10.0;13.0;-3.0;10.0
4959;10.11;10.0;13.0;-3.0;10.0
4969;10.086666666666666;10.0;13.0;-3.0;10.0
4979;10.143333333333333;10.0;13.0;-3.0;10.0
4989;10.09;10.0;13.0;-3.0;10.0
4999;10.12;10.0;13.0;-3.0;10.0
5009;10.076666666666666;10.0;13.0;-3.0;10.0
5019;10.1;10.0;13.0;-3.0;10.0
5029;10.166666666666666;10.0;13.0;-3.0;10.0
5039;10.153333333333334;10.0;13.0;-3.0;10.0
5049;10.09;10.0;13.0;-3.0;10.0
5059;10.066666666666666;10.0;13.0;-3.0;10.0
5069;10.12;10.0;13.0;-3.0;10.0
5079;10.093333333333334;10.0;13.0;-3.0;10.0
5089;10.113333333333333;10.0;13.0;-3.0;10.0
5099;9.46;9.0;13.0;-4.0;9.0
5109;9.12;9.0;12.0;-3.0;9.0
5119;9.13;9.0;12.0;-3.0;9.0
5129;9.063333333333333;9.0;12.0;-3.0;9.0
5139;7.083333333333333;7.0;10.0;-3.0;7.0
5149;7.11;7.0;10.0;-3.0;7.0
5159;7.09;7.0;10.0;-3.0;7.0
5169;7.133333333333334;7.0;10.0;-3.0;7.0
5179;7.113333333333333;7.0;10.0;-3.0;7.0
5189;7.136666666666667;7.0;10.0;-3.0;7.0
5199;7.17;7.0;10.0;-3.0;7.0
5209;7.173333333333333;7.0;10.0;-3.0;7.0
5219;7.096666666666667;7.0;10.0;-3.0;7.0
5229;7.116666666666666;7.0;10.0;-3.0;7.0
5239;7.1033333333333335;7.0;10.0;-3.0;7.0
5249;7.076666666666667;7.0;10.0;-3.0;7.0
5259;7.113333333333333;7.0;10.0;-3.0;7.0
5269;7.113333333333333;7.0;10.0;-3.0;7.0
5279;7.113333333333333;7.0;10.0;-3.0;7.0
5289;7.066666666666666;7.0;10.0;-3.0;7.0
5299;7.096666666666667;7.0;10.0;-3.0;7.0
5309;7.08;7.0;10.0;-3.0;7.0
5319;7.14;7.0;10.0;-3.0;7.0
5329;7.1066666666666665;7.0;10.0;-3.0;7.0
5339;7.15;7.0;10.0;-3.0;7.0
5349;7.1466666666666665;7.0;10.0;-3.0;7.0
5359;7.093333333333334;7.0;10.0;-3.0;7.0
5369;7.18;7.0;10.0;-3.0;7.0
5379;7.086666666666667;7.0;10.0;-3.0;7.0
5389;7.096666666666667;7.0;10.0;-3.0;7.0
5399;7.1033333333333335;7.0;10.0;-3.0;7.0
5409;7.113333333333333;7.0;10.0;-3.0;7.0
5419;7.083333333333333;7.0;10.0;-3.0;7.0
5429;7.073333333333333;7.0;10.0;-3.0;7.0
5439;7.076666666666667;7.0;10.0;-3.0;7.0
5449;7.12;7.0;10.0;-3.0;7.0
5459;7.12;7.0;10.0;-3.0;7.0
5469;7.14;7.0;10.0;-3.0;7.0
5479;7.09;7.0;10.0;-3.0;7.0
5489;7.083333333333333;7.0;10.0;-3.0;7.0
5499;7.116666666666666;7.0;10.0;-3.0;7.0
5509;7.116666666666666;7.0;10.0;-3.0;7.0
5519;7.093333333333334;7.0;10.0;-3.0;7.0
5529;7.133333333333334;7.0;10.0;-3.0;7.0
5539;7.093333333333334;7.0;10.0;-3.0;7.0
5549;7.1433333333333335;7.0;10.0;-3.0;7.0
5559;7.096666666666667;7.0;10.0;-3.0;7.0
5569;7.16;7.0;10.0;-3.0;7.0
5579;7.166666666666667;7.0;10.0;-3.0;7.0
5589;7.156666666666666;7.0;10.0;-3.0;7.0
5599;7.083333333333333;7.0;10.0;-3.0;7.0
5609;7.126666666666667;7.0;10.0;-3.0;7.0
5619;7.173333333333333;7.0;10.0;-3.0;7.0
5629;7.136666666666667;7.0;10.0;-3.0;7.0
5639;7.15;7.0;10.0;-3.0;7.0
5649;7.123333333333333;7.0;10.0;-3.0;7.0
5659;7.086666666666667;7.0;10.0;-3.0;7.0
5669;7.096666666666667;7.0;10.0;-3.0;7.0
5679;7.12;7.0;10.0;-3.0;7.0
5689;7.15;7.0;10.0;-3.0;7.0
5699;7.083333333333333;7.0;10.0;-3.0;7.0
5709;7.07;7.0;10.0;-3.0;7.0
5719;7.156666666666666;7.0;10.0;-3.0;7.0
5729;7.126666666666667;7.0;10.0;-3.0;7.0
5739;7.15;7.0;10.0;-3.0;7.0
5749;7.163333333333333;7.0;10.0;-3.0;7.0
5759;7.08;7.0;10.0;-3.0;7.0
5769;7.066666666666666;7.0;10.0;-3.0;7.0
5779;7.176666666666667;7.0;10.0;-3.0;7.0
5789;7.083333333333333;7.0;10.0;-3.0;7.0
5799;7.13;7.0;10.0;-3.0;7.0
5809;7.123333333333333;7.0;10.0;-3.0;7.0
5819;7.1033333333333335;7.0;10.0;-3.0;7.0
5829;7.1866666666666665;7.0;10.0;-3.0;7.0
5839;7.1433333333333335;7.0;10.0;-3.0;7.0
5849;7.1433333333333335;7.0;10.0;-3.0;7.0
5859;7.133333333333334;7.0;10.0;-3.0;7.0
5869;7.15;7.0;10.0;-3.0;7.0
5879;7.1066666666666665;7.0;10.0;-3.0;7.0
5889;7.04;7.0;10.0;-3.0;7.0
5899;7.11;7.0;10.0;-3.0;7.0
5909;7.1433333333333335;7.0;10.0;-3.0;7.0
5919;7.13;7.0;10.0;-3.0;7.0
5929;7.113333333333333;7.0;10.0;-3.0;7.0
5939;7.12;7.0;10.0;-3.0;7.0
5949;7.153333333333333;7.0;10.0;-3.0;7.0
5959;7.1466666666666665;7.0;10.0;-3.0;7.0
5969;7.133333333333334;7.0;10.0;-3.0;7.0
5979;7.113333333333333;7.0;10.0;-3.0;7.0
5989;7.1433333333333335;7.0;10.0;-3.0;7.0
5999;7.156666666666666;7.0;10.0;-3.0;7.0
6009;7.13;7.0;10.0;-3.0;7.0
6019;7.086666666666667;7.0;10.0;-3.0;7.0
6029;7.0633333333333335;7.0;10.0;-3.0;7.0
6039;7.176666666666667;7.0;10.0;-3.0;7.0
6049;7.173333333333333;7.0;10.0;-3.0;7.0
6059;7.096666666666667;7.0;10.0;-3.0;7.0
6069;7.0633333333333335;7.0;10.0;-3.0;7.0
6079;7.12;7.0;10.0;-3.0;7.0
6089;7.166666666666667;7.0;10.0;-3.0;7.0
6099;7.12;7.0;10.0;-3.0;7.0
6109;7.196666666666666;7.0;10.0;-3.0;7.0
6119;7.133333333333334;7.0;10.0;-3.0;7.0
6129;7.1;7.0;10.0;-3.0;7.0
6139;7.14;7.0;10.0;-3.0;7.0
6149;7.073333333333333;7.0;10.0;-3.0;7.0
6159;7.15;7.0;10.0;-3.0;7.0
6169;7.1466666666666665;7.0;10.0;-3.0;7.0
6179;7.14;7.0;10.0;-3.0;7.0
6189;7.1066666666666665;7.0;10.0;-3.0;7.0
6199;7.1066666666666665;7.0;10.0;-3.0;7.0
6209;7.133333333333334;7.0;10.0;-3.0;7.0
6219;7.136666666666667;7.0;10.0;-3.0;7.0
6229;7.056666666666667;7.0;10.0;-3.0;7.0
6239;7.13;7.0;10.0;-3.0;7.0
6249;7.1433333333333335;7.0;10.0;-3.0;7.0
6259;7.073333333333333;7.0;10.0;-3.0;7.0
6269;7.113333333333333;7.0;10.0;-3.0;7.0
6279;7.2;7.0;10.0;-3.0;7.0
6289;7.126666666666667;7.0;10.0;-3.0;7.0
6299;7.14;7.0;10.0;-3.0;7.0
6309;7.116666666666666;7.0;10.0;-3.0;7.0
6319;7.16;7.0;10.0;-3.0;7.0
6329;7.083333333333333;7.0;10.0;-3.0;7.0
6339;7.116666666666666;7.0;10.0;-3.0;7.0
6349;7.16;7.0;10.0;-3.0;7.0
6359;7.1433333333333335;7.0;10.0;-3.0;7.0
6369;7.15;7.0;10.0;-3.0;7.0
6379;7.09;7.0;10.0;-3.0;7.0
6389;7.09;7.0;10.0;-3.0;7.0
6399;7.14;7.0;10.0;-3.0;7.0
6409;7.113333333333333;7.0;10.0;-3.0;7.0
6419;7.12;7.0;10.0;-3.0;7.0
6429;7.11;7.0;10.0;-3.0;7.0
6439;7.16;7.0;10.0;-3.0;7.0
6449;7.13;7.0;10.0;-3.0;7.0
6459;7.08;7.0;10.0;-3.0;7.0
6469;7.08;7.0;10.0;-3.0;7.0
6479;7.1466666666666665;7.0;10.0;-3.0;7.0
6489;7.123333333333333;7.0;10.0;-3.0;7.0
6499;7.08;7.0;10.0;-3.0;7.0
6509;7.13;7.0;10.0;-3.0;7.0
6519;7.1066666666666665;7.0;10.0;-3.0;7.0
6529;7.093333333333334;7.0;10.0;-3.0;7.0
6539;7.1433333333333335;7.0;10.0;-3.0;7.0
6549;7.1466666666666665;7.0;10.0;-3.0;7.0
6559;7.1066666666666665;7.0;10.0;-3.0;7.0
6569;7.11;7.0;10.0;-3.0;7.0
6579;7.13;7.0;10.0;-3.0;7.0
6589;7.09;7.0;10.0;-3.0;7.0
6599;7.126666666666667;7.0;10.0;-3.0;7.0
6609;7.15;7.0;10.0;-3.0;7.0
6619;7.116666666666666;7.0;10.0;-3.0;7.0
6629;7.206666666666667;7.0;10.0;-3.0;7.0
6639;7.15;7.0;10.0;-3.0;7.0
6649;7.1466666666666665;7.0;10.0;-3.0;7.0
6659;7.123333333333333;7.0;10.0;-3.0;7.0
6669;7.133333333333334;7.0;10.0;-3.0;7.0
6679;7.1066666666666665;7.0;10.0;-3.0;7.0
6689;7.08;7.0;10.0;-3.0;7.0
6699;7.133333333333334;7.0;10.0;-3.0;7.0
6709;7.13;7.0;10.0;-3.0;7.0
6719;7.16;7.0;10.0;-3.0;7.0
6729;7.083333333333333;7.0;10.0;-3.0;7.0
6739;7.1433333333333335;7.0;10.0;-3.0;7.0
6749;7.16;7.0;10.0;-3.0;7.0
6759;7.173333333333333;7.0;10.0;-3.0;7.0
6769;7.123333333333333;7.0;10.0;-3.0;7.0
6779;7.1433333333333335;7.0;10.0;-3.0;7.0
6789;7.08;7.0;10.0;-3.0;7.0
6799;7.1466666666666665;7.0;10.0;-3.0;7.0
6809;7.11;7.0;10.0;-3.0;7.0
6819;7.133333333333334;7.0;10.0;-3.0;7.0
6829;7.176666666666667;7.0;10.0;-3.0;7.0
6839;7.093333333333334;7.0;10.0;-3.0;7.0
6849;7.096666666666667;7.0;10.0;-3.0;7.0
6859;7.06;7.0;10.0;-3.0;7.0
6869;7.113333333333333;7.0;10.0;-3.0;7.0
6879;7.073333333333333;7.0;10.0;-3.0;7.0
6889;7.1066666666666665;7.0;10.0;-3.0;7.0
6899;7.1033333333333335;7.0;10.0;-3.0;7.0
6909;7.113333333333333;7.0;10.0;-3.0;7.0
6919;7.086666666666667;7.0;10.0;-3.0;7.0
6929;7.12;7.0;10.0;-3.0;7.0
6939;7.12;7.0;10.0;-3.0;7.0
6949;7.09;7.0;10.0;-3.0;7.0
6959;7.1033333333333335;7.0;10.0;-3.0;7.0
6969;7.1033333333333335;7.0;10.0;-3.0;7.0
6979;7.053333333333334;7.0;10.0;-3.0;7.0
6989;7.183333333333334;7.0;10.0;-3.0;7.0
6999;7.17;7.0;10.0;-3.0;7.0
7009;7.1033333333333335;7.0;10.0;-3.0;7.0
7019;7.073333333333333;7.0;10.0;-3.0;7.0
7029;7.05;7.0;10.0;-3.0;7.0
7039;7.14;7.0;10.0;-3.0;7.0
7049;7.05;7.0;10.0;-3.0;7.0
7059;7.116666666666666;7.0;10.0;-3.0;7.0
7069;7.1433333333333335;7.0;10.0;-3.0;7.0
7079;7.1433333333333335;7.0;10.0;-3.0;7.0
7089;7.086666666666667;7.0;10.0;-3.0;7.0
7099;7.126666666666667;7.0;10.0;-3.0;7.0
7109;7.076666666666667;7.0;10.0;-3.0;7.0
7119;7.133333333333334;7.0;10.0;-3.0;7.0
7129;7.1033333333333335;7.0;10.0;-3.0;7.0
7139;7.13;7.0;10.0;-3.0;7.0
7149;7.173333333333333;7.0;10.0;-3.0;7.0
7159;7.083333333333333;7.0;10.0;-3.0;7.0
7169;7.113333333333333;7.0;10.0;-3.0;7.0
7179;7.12;7.0;10.0;-3.0;7.0
7189;7.1033333333333335;7.0;10.0;-3.0;7.0
7199;7.093333333333334;7.0;10.0;-3.0;7.0
7209;7.12;7.0;10.0;-3.0;7.0
7219;7.0633333333333335;7.0;10.0;-3.0;7.0
7229;7.073333333333333;7.0;10.0;-3.0;7.0
7239;7.083333333333333;7.0;10.0;-3.0;7.0
7249;7.1033333333333335;7.0;10.0;-3.0;7.0
7259;7.126666666666667;7.0;10.0;-3.0;7.0
7269;7.13;7.0;10.0;-3.0;7.0
7279;7.09;7.0;10.0;-3.0;7.0
7289;7.15;7.0;10.0;-3.0;7.0
7299;7.216666666666667;7.0;10.0;-3.0;7.0
7309;7.15;7.0;10.0;-3.0;7.0
7319;7.123333333333333;7.0;10.0;-3.0;7.0
7329;7.1433333333333335;7.0;10.0;-3.0;7.0
7339;7.066666666666666;7.0;10.0;-3.0;7.0
7349;7.116666666666666;7.0;10.0;-3.0;7.0
7359;7.083333333333333;7.0;10.0;-3.0;7.0
7369;7.1866666666666665;7.0;10.0;-3.0;7.0
7379;7.1033333333333335;7.0;10.0;-3.0;7.0
7389;7.193333333333333;7.0;10.0;-3.0;7.0
7399;7.086666666666667;7.0;10.0;-3.0;7.0
7409;7.093333333333334;7.0;10.0;-3.0;7.0
7419;7.1;7.0;10.0;-3.0;7.0
7429;7.07;7.0;10.0;-3.0;7.0
7439;7.076666666666667;7.0;10.0;-3.0;7.0
7449;7.053333333333334;7.0;10.0;-3.0;7.0
7459;7.1433333333333335;7.0;10.0;-3.0;7.0
7469;7.15;7.0;10.0;-3.0;7.0
7479;7.12;7.0;10.0;-3.0;7.0
7489;7.09;7.0;10.0;-3.0;7.0
7499;7.14;7.0;10.0;-3.0;7.0
7509;7.133333333333334;7.0;10.0;-3.0;7.0
7519;7.086666666666667;7.0;10.0;-3.0;7.0
7529;7.113333333333333;7.0;10.0;-3.0;7.0
7539;7.113333333333333;7.0;10.0;-3.0;7.0
7549;7.126666666666667;7.0;10.0;-3.0;7.0
7559;7.14;7.0;10.0;-3.0;7.0
7569;7.1;7.0;10.0;-3.0;7.0
7579;7.14;7.0;10.0;-3.0;7.0
7589;7.126666666666667;7.0;10.0;-3.0;7.0
7599;7.2;7.0;10.0;-3.0;7.0
7609;7.09;7.0;10.0;-3.0;7.0
7619;7.153333333333333;7.0;10.0;-3.0;7.0
7629;7.0633333333333335;7.0;10.0;-3.0;7.0
7639;7.1033333333333335;7.0;10.0;-3.0;7.0
7649;7.1466666666666665;7.0;10.0;-3.0;7.0
7659;7.056666666666667;7.0;10.0;-3.0;7.0
7669;7.14;7.0;10.0;-3.0;7.0
7679;7.183333333333334;7.0;10.0;-3.0;7.0
7689;7.076666666666667;7.0;10.0;-3.0;7.0
7699;7.1866666666666665;7.0;10.0;-3.0;7.0
7709;7.173333333333333;7.0;10.0;-3.0;7.0
7719;7.086666666666667;7.0;10.0;-3.0;7.0
7729;7.1033333333333335;7.0;10.0;-3.0;7.0
7739;7.136666666666667;7.0;10.0;-3.0;7.0
7749;7.176666666666667;7.0;10.0;-3.0;7.0
7759;7.15;7.0;10.0;-3.0;7.0
7769;7.153333333333333;7.0;10.0;-3.0;7.0
7779;7.163333333333333;7.0;10.0;-3.0;7.0
7789;7.07;7.0;10.0;-3.0;7.0
7799;7.15;7.0;10.0;-3.0;7.0
7809;7.093333333333334;7.0;10.0;-3.0;7.0
7819;7.113333333333333;7.0;10.0;-3.0;7.0
7829;7.196666666666666;7.0;10.0;-3.0;7.0
7839;7.09;7.0;10.0;-3.0;7.0
7849;7.193333333333333;7.0;10.0;-3.0;7.0
7859;7.166666666666667;7.0;10.0;-3.0;7.0
7869;7.1433333333333335;7.0;10.0;-3.0;7.0
7879;7.07;7.0;10.0;-3.0;7.0
7889;7.12;7.0;10.0;-3.0;7.0
7899;7.14;7.0;10.0;-3.0;7.0
7909;7.033333333333333;7.0;10.0;-3.0;7.0
7919;7.12;7.0;10.0;-3.0;7.0
7929;7.206666666666667;7.0;10.0;-3.0;7.0
7939;7.17;7.0;10.0;-3.0;7.0
7949;7.2;7.0;10.0;-3.0;7.0
7959;7.12;7.0;10.0;-3.0;7.0
7969;7.116666666666666;7.0;10.0;-3.0;7.0
7979;7.11;7.0;10.0;-3.0;7.0
7989;7.0633333333333335;7.0;10.0;-3.0;7.0
7999;7.166666666666667;7.0;10.0;-3.0;7.0
8009;7.1433333333333335;7.0;10.0;-3.0;7.0
8019;7.086666666666667;7.0;10.0;-3.0;7.0
8029;7.126666666666667;7.0;10.0;-3.0;7.0
8039;7.1066666666666665;7.0;10.0;-3.0;7.0
8049;7.126666666666667;7.0;10.0;-3.0;7.0
8059;7.1433333333333335;7.0;10.0;-3.0;7.0
8069;7.09;7.0;10.0;-3.0;7.0
8079;7.11;7.0;10.0;-3.0;7.0
8089;7.133333333333334;7.0;10.0;-3.0;7.0
8099;7.126666666666667;7.0;10.0;-3.0;7.0
8109;7.133333333333334;7.0;10.0;-3.0;7.0
8119;7.193333333333333;7.0;10.0;-3.0;7.0
8129;7.133333333333334;7.0;10.0;-3.0;7.0
8139;7.1433333333333335;7.0;10.0;-3.0;7.0
8149;7.126666666666667;7.0;10.0;-3.0;7.0
8159;7.11;7.0;10.0;-3.0;7.0
8169;7.163333333333333;7.0;10.0;-3.0;7.0
8179;7.086666666666667;7.0;10.0;-3.0;7.0
8189;7.116666666666666;7.0;10.0;-3.0;7.0
8199;7.12;7.0;10.0;-3.0;7.0
8209;7.156666666666666;7.0;10.0;-3.0;7.0
8219;7.12;7.0;10.0;-3.0;7.0
8229;7.13;7.0;10.0;-3.0;7.0
8239;7.206666666666667;7.0;10.0;-3.0;7.0
8249;7.076666666666667;7.0;10.0;-3.0;7.0
8259;7.1033333333333335;7.0;10.0;-3.0;7.0
8269;7.086666666666667;7.0;10.0;-3.0;7.0
8279;7.133333333333334;7.0;10.0;-3.0;7.0
8289;7.1466666666666665;7.0;10.0;-3.0;7.0
8299;7.056666666666667;7.0;10.0;-3.0;7.0
8309;7.163333333333333;7.0;10.0;-3.0;7.0
8319;7.1433333333333335;7.0;10.0;-3.0;7.0
8329;7.16;7.0;10.0;-3.0;7.0
8339;7.113333333333333;7.0;10.0;-3.0;7.0
8349;7.13;7.0;10.0;-3.0;7.0
8359;7.1;7.0;10.0;-3.0;7.0
8369;7.056666666666667;7.0;10.0;-3.0;7.0
8379;7.096666666666667;7.0;10.0;-3.0;7.0
8389;7.076666666666667;7.0;10.0;-3.0;7.0
8399;7.213333333333333;7.0;10.0;-3.0;7.0
8409;7.116666666666666;7.0;10.0;-3.0;7.0
8419;7.126666666666667;7.0;10.0;-3.0;7.0
8429;7.13;7.0;10.0;-3.0;7.0
8439;7.1433333333333335;7.0;10.0;-3.0;7.0
8449;7.113333333333333;7.0;10.0;-3.0;7.0
8459;7.096666666666667;7.0;10.0;-3.0;7.0
8469;7.173333333333333;7.0;10.0;-3.0;7.0
8479;7.086666666666667;7.0;10.0;-3.0;7.0
8489;7.166666666666667;7.0;10.0;-3.0;7.0
8499;7.1033333333333335;7.0;10.0;-3.0;7.0
8509;7.083333333333333;7.0;10.0;-3.0;7.0
8519;7.093333333333334;7.0;10.0;-3.0;7.0
8529;7.123333333333333;7.0;10.0;-3.0;7.0
8539;7.16;7.0;10.0;-3.0;7.0
8549;7.1;7.0;10.0;-3.0;7.0
8559;7.15;7.0;10.0;-3.0;7.0
8569;7.13;7.0;10.0;-3.0;7.0
8579;7.126666666666667;7.0;10.0;-3.0;7.0
8589;7.163333333333333;7.0;10.0;-3.0;7.0
8599;7.066666666666666;7.0;10.0;-3.0;7.0
8609;7.1466666666666665;7.0;10.0;-3.0;7.0
8619;7.113333333333333;7.0;10.0;-3.0;7.0
8629;7.12;7.0;10.0;-3.0;7.0
8639;7.113333333333333;7.0;10.0;-3.0;7.0
8649;7.1;7.0;10.0;-3.0;7.0
8659;7.133333333333334;7.0;10.0;-3.0;7.0
8669;7.166666666666667;7.0;10.0;-3.0;7.0
8679;7.13;7.0;10.0;-3.0;7.0
8689;7.0633333333333335;7.0;10.0;-3.0;7.0
8699;7.093333333333334;7.0;10.0;-3.0;7.0
8709;7.123333333333333;7.0;10.0;-3.0;7.0
8719;7.14;7.0;10.0;-3.0;7.0
8729;7.08;7.0;10.0;-3.0;7.0
8739;7.1;7.0;10.0;-3.0;7.0
8749;7.1033333333333335;7.0;10.0;-3.0;7.0
8759;7.1866666666666665;7.0;10.0;-3.0;7.0
8769;7.156666666666666;7.0;10.0;-3.0;7.0
8779;7.136666666666667;7.0;10.0;-3.0;7.0
8789;7.156666666666666;7.0;10.0;-3.0;7.0
8799;7.116666666666666;7.0;10.0;-3.0;7.0
8809;7.12;7.0;10.0;-3.0;7.0
8819;7.14;7.0;10.0;-3.0;7.0
8829;7.086666666666667;7.0;10.0;-3.0;7.0
8839;7.12;7.0;10.0;-3.0;7.0
8849;7.14;7.0;10.0;-3.0;7.0
8859;7.153333333333333;7.0;10.0;-3.0;7.0
8869;7.16;7.0;10.0;-3.0;7.0
8879;7.156666666666666;7.0;10.0;-3.0;7.0
8889;7.12;7.0;10.0;-3.0;7.0
8899;7.16;7.0;10.0;-3.0;7.0
8909;7.153333333333333;7.0;10.0;-3.0;7.0
8919;7.133333333333334;7.0;10.0;-3.0;7.0
8929;7.113333333333333;7.0;10.0;-3.0;7.0
8939;7.163333333333333;7.0;10.0;-3.0;7.0
8949;7.06;7.0;10.0;-3.0;7.0
8959;7.083333333333333;7.0;10.0;-3.0;7.0
8969;7.1066666666666665;7.0;10.0;-3.0;7.0
8979;7.123333333333333;7.0;10.0;-3.0;7.0
8989;7.173333333333333;7.0;10.0;-3.0;7.0
8999;7.1;7.0;10.0;-3.0;7.0
9009;7.15;7.0;10.0;-3.0;7.0
9019;7.113333333333333;7.0;10.0;-3.0;7.0
9029;7.153333333333333;7.0;10.0;-3.0;7.0
9039;7.11;7.0;10.0;-3.0;7.0
9049;7.066666666666666;7.0;10.0;-3.0;7.0
9059;7.1066666666666665;7.0;10.0;-3.0;7.0
9069;7.126666666666667;7.0;10.0;-3.0;7.0
9079;7.1433333333333335;7.0;10.0;-3.0;7.0
9089;7.133333333333334;7.0;10.0;-3.0;7.0
9099;7.1433333333333335;7.0;10.0;-3.0;7.0
9109;7.123333333333333;7.0;10.0;-3.0;7.0
9119;7.133333333333334;7.0;10.0;-3.0;7.0
9129;7.153333333333333;7.0;10.0;-3.0;7.0
9139;7.12;7.0;10.0;-3.0;7.0
9149;7.113333333333333;7.0;10.0;-3.0;7.0
9159;7.126666666666667;7.0;10.0;-3.0;7.0
9169;7.12;7.0;10.0;-3.0;7.0
9179;7.166666666666667;7.0;10.0;-3.0;7.0
9189;7.1;7.0;10.0;-3.0;7.0
9199;7.123333333333333;7.0;10.0;-3.0;7.0
9209;7.123333333333333;7.0;10.0;-3.0;7.0
9219;7.043333333333333;7.0;10.0;-3.0;7.0
9229;7.1066666666666665;7.0;10.0;-3.0;7.0
9239;7.166666666666667;7.0;10.0;-3.0;7.0
9249;7.07;7.0;10.0;-3.0;7.0
9259;7.113333333333333;7.0;10.0;-3.0;7.0
9269;7.18;7.0;10.0;-3.0;7.0
9279;7.093333333333334;7.0;10.0;-3.0;7.0
9289;7.12;7.0;10.0;-3.0;7.0
9299;7.093333333333334;7.0;10.0;-3.0;7.0
9309;7.14;7.0;10.0;-3.0;7.0
9319;7.073333333333333;7.0;10.0;-3.0;7.0
9329;7.1;7.0;10.0;-3.0;7.0
9339;7.17;7.0;10.0;-3.0;7.0
9349;7.1066666666666665;7.0;10.0;-3.0;7.0
9359;7.176666666666667;7.0;10.0;-3.0;7.0
9369;7.1033333333333335;7.0;10.0;-3.0;7.0
9379;7.096666666666667;7.0;10.0;-3.0;7.0
9389;7.11;7.0;10.0;-3.0;7.0
9399;7.1433333333333335;7.0;10.0;-3.0;7.0
9409;7.1033333333333335;7.0;10.0;-3.0;7.0
9419;7.133333333333334;7.0;10.0;-3.0;7.0
9429;7.04;7.0;10.0;-3.0;7.0
9439;7.16;7.0;10.0;-3.0;7.0
9449;7.09;7.0;10.0;-3.0;7.0
9459;7.113333333333333;7.0;10.0;-3.0;7.0
9469;7.17;7.0;10.0;-3.0;7.0
9479;7.153333333333333;7.0;10.0;-3.0;7.0
9489;7.1466666666666665;7.0;10.0;-3.0;7.0
9499;7.13;7.0;10.0;-3.0;7.0
9509;7.1066666666666665;7.0;10.0;-3.0;7.0
9519;7.16;7.0;10.0;-3.0;7.0
9529;7.083333333333333;7.0;10.0;-3.0;7.0
9539;7.136666666666667;7.0;10.0;-3.0;7.0
9549;7.1466666666666665;7.0;10.0;-3.0;7.0
9559;7.14;7.0;10.0;-3.0;7.0
9569;7.13;7.0;10.0;-3.0;7.0
9579;7.1866666666666665;7.0;10.0;-3.0;7.0
9589;7.116666666666666;7.0;10.0;-3.0;7.0
9599;7.1033333333333335;7.0;10.0;-3.0;7.0
9609;7.093333333333334;7.0;10.0;-3.0;7.0
9619;7.09;7.0;10.0;-3.0;7.0
9629;7.083333333333333;7.0;10.0;-3.0;7.0
9639;7.113333333333333;7.0;10.0;-3.0;7.0
9649;7.1066666666666665;7.0;10.0;-3.0;7.0
9659;7.06;7.0;10.0;-3.0;7.0
9669;7.126666666666667;7.0;10.0;-3.0;7.0
9679;7.1033333333333335;7.0;10.0;-3.0;7.0
9689;7.133333333333334;7.0;10.0;-3.0;7.0
9699;7.166666666666667;7.0;10.0;-3.0;7.0
9709;7.1;7.0;10.0;-3.0;7.0
9719;7.17;7.0;10.0;-3.0;7.0
9729;7.12;7.0;10.0;-3.0;7.0
9739;7.1066666666666665;7.0;10.0;-3.0;7.0
9749;7.086666666666667;7.0;10.0;-3.0;7.0
9759;7.12;7.0;10.0;-3.0;7.0
9769;7.113333333333333;7.0;10.0;-3.0;7.0
9779;7.14;7.0;10.0;-3.0;7.0
9789;7.076666666666667;7.0;10.0;-3.0;7.0
9799;7.046666666666667;7.0;10.0;-3.0;7.0
9809;7.11;7.0;10.0;-3.0;7.0
9819;7.136666666666667;7.0;10.0;-3.0;7.0
9829;7.06;7.0;10.0;-3.0;7.0
9839;7.13;7.0;10.0;-3.0;7.0
9849;7.156666666666666;7.0;10.0;-3.0;7.0
9859;7.12;7.0;10.0;-3.0;7.0
9869;7.12;7.0;10.0;-3.0;7.0
9879;7.113333333333333;7.0;10.0;-3.0;7.0
9889;7.14;7.0;10.0;-3.0;7.0
9899;7.19;7.0;10.0;-3.0;7.0
9909;7.16;7.0;10.0;-3.0;7.0
9919;7.193333333333333;7.0;10.0;-3.0;7.0
9929;7.153333333333333;7.0;10.0;-3.0;7.0
9939;7.153333333333333;7.0;10.0;-3.0;7.0
9949;7.183333333333334;7.0;10.0;-3.0;7.0
9959;7.166666666666667;7.0;10.0;-3.0;7.0
9969;7.113333333333333;7.0;10.0;-3.0;7.0
9979;7.116666666666666;7.0;10.0;-3.0;7.0
9989;7.176666666666667;7.0;10.0;-3.0;7.0
9999;7.07;7.0;10.0;-3.0;7.0
10009;7.126666666666667;7.0;10.0;-3.0;7.0
10019;7.1;7.0;10.0;-3.0;7.0
10029;7.15;7.0;10.0;-3.0;7.0
10039;7.11;7.0;10.0;-3.0;7.0
10049;7.12;7.0;10.0;-3.0;7.0
10059;7.11;7.0;10.0;-3.0;7.0
10069;7.183333333333334;7.0;10.0;-3.0;7.0
10079;7.14;7.0;10.0;-3.0;7.0
10089;7.14;7.0;10.0;-3.0;7.0
10099;7.133333333333334;7.0;10.0;-3.0;7.0
10109;7.13;7.0;10.0;-3.0;7.0
10119;7.123333333333333;7.0;10.0;-3.0;7.0
10129;7.196666666666666;7.0;10.0;-3.0;7.0
10139;7.13;7.0;10.0;-3.0;7.0
10149;7.113333333333333;7.0;10.0;-3.0;7.0
10159;7.116666666666666;7.0;10.0;-3.0;7.0
10169;7.1466666666666665;7.0;10.0;-3.0;7.0
10179;7.136666666666667;7.0;10.0;-3.0;7.0
10189;7.116666666666666;7.0;10.0;-3.0;7.0
10199;7.16;7.0;10.0;-3.0;7.0
10209;7.136666666666667;7.0;10.0;-3.0;7.0
10219;7.126666666666667;7.0;10.0;-3.0;7.0
10229;7.153333333333333;7.0;10.0;-3.0;7.0
10239;7.11;7.0;10.0;-3.0;7.0
10249;7.12;7.0;10.0;-3.0;7.0
10259;7.2;7.0;10.0;-3.0;7.0
10269;7.17;7.0;10.0;-3.0;7.0
10279;7.153333333333333;7.0;10.0;-3.0;7.0
10289;7.15;7.0;10.0;-3.0;7.0
10299;7.12;7.0;10.0;-3.0;7.0
10309;7.14;7.0;10.0;-3.0;7.0
10319;7.1066666666666665;7.0;10.0;-3.0;7.0
10329;7.093333333333334;7.0;10.0;-3.0;7.0
10339;7.126666666666667;7.0;10.0;-3.0;7.0
10349;7.0633333333333335;7.0;10.0;-3.0;7.0
10359;7.133333333333334;7.0;10.0;-3.0;7.0
10369;7.1066666666666665;7.0;10.0;-3.0;7.0
10379;7.196666666666666;7.0;10.0;-3.0;7.0
10389;7.113333333333333;7.0;10.0;-3.0;7.0
10399;7.133333333333334;7.0;10.0;-3.0;7.0
10409;7.1433333333333335;7.0;10.0;-3.0;7.0
10419;7.11;7.0;10.0;-3.0;7.0
10429;7.11;7.0;10.0;-3.0;7.0
10439;7.093333333333334;7.0;10.0;-3.0;7.0
10449;7.116666666666666;7.0;10.0;-3.0;7.0
10459;7.15;7.0;10.0;-3.0;7.0
10469;7.096666666666667;7.0;10.0;-3.0;7.0
10479;7.12;7.0;10.0;-3.0;7.0
10489;7.05;7.0;10.0;-3.0;7.0
10499;7.09;7.0;10.0;-3.0;7.0
10509;7.13;7.0;10.0;-3.0;7.0
10519;7.083333333333333;7.0;10.0;-3.0;7.0
10529;7.16;7.0;10.0;-3.0;7.0
10539;7.1066666666666665;7.0;10.0;-3.0;7.0
10549;7.116666666666666;7.0;10.0;-3.0;7.0
10559;7.12;7.0;10.0;-3.0;7.0
10569;7.176666666666667;7.0;10.0;-3.0;7.0
10579;7.1066666666666665;7.0;10.0;-3.0;7.0
10589;7.113333333333333;7.0;10.0;-3.0;7.0
10599;7.126666666666667;7.0;10.0;-3.0;7.0
10609;7.073333333333333;7.0;10.0;-3.0;7.0
10619;7.1066666666666665;7.0;10.0;-3.0;7.0
10629;7.1;7.0;10.0;-3.0;7.0
10639;7.13;7.0;10.0;-3.0;7.0
10649;7.1433333333333335;7.0;10.0;-3.0;7.0
10659;7.1033333333333335;7.0;10.0;-3.0;7.0
10669;7.163333333333333;7.0;10.0;-3.0;7.0
10679;7.156666666666666;7.0;10.0;-3.0;7.0
10689;7.11;7.0;10.0;-3.0;7.0
10699;7.13;7.0;10.0;-3.0;7.0
10709;7.123333333333333;7.0;10.0;-3.0;7.0
10719;7.1066666666666665;7.0;10.0;-3.0;7.0
10729;7.126666666666667;7.0;10.0;-3.0;7.0
10739;7.1466666666666665;7.0;10.0;-3.0;7.0
10749;7.136666666666667;7.0;10.0;-3.0;7.0
10759;7.1466666666666665;7.0;10.0;-3.0;7.0
10769;7.116666666666666;7.0;10.0;-3.0;7.0
10779;7.1066666666666665;7.0;10.0;-3.0;7.0
10789;7.09;7.0;10.0;-3.0;7.0
10799;7.116666666666666;7.0;10.0;-3.0;7.0
10809;7.1466666666666665;7.0;10.0;-3.0;7.0
10819;7.133333333333334;7.0;10.0;-3.0;7.0
10829;7.123333333333333;7.0;10.0;-3.0;7.0
10839;7.13;7.0;10.0;-3.0;7.0
10849;7.1066666666666665;7.0;10.0;-3.0;7.0
10859;7.083333333333333;7.0;10.0;-3.0;7.0
10869;7.09;7.0;10.0;-3.0;7.0
10879;7.12;7.0;10.0;-3.0;7.0
10889;7.116666666666666;7.0;10.0;-3.0;7.0
10899;7.086666666666667;7.0;10.0;-3.0;7.0
10909;7.1066666666666665;7.0;10.0;-3.0;7.0
10919;7.113333333333333;7.0;10.0;-3.0;7.0
10929;7.176666666666667;7.0;10.0;-3.0;7.0
10939;7.11;7.0;10.0;-3.0;7.0
10949;7.1033333333333335;7.0;10.0;-3.0;7.0
10959;7.073333333333333;7.0;10.0;-3.0;7.0
10969;7.123333333333333;7.0;10.0;-3.0;7.0
10979;7.156666666666666;7.0;10.0;-3.0;7.0
10989;7.1433333333333335;7.0;10.0;-3.0;7.0
10999;7.126666666666667;7.0;10.0;-3.0;7.0
11009;7.153333333333333;7.0;10.0;-3.0;7.0
11019;7.126666666666667;7.0;10.0;-3.0;7.0
11029;7.166666666666667;7.0;10.0;-3.0;7.0
11039;7.156666666666666;7.0;10.0;-3.0;7.0
11049;7.1;7.0;10.0;-3.0;7.0
11059;7.073333333333333;7.0;10.0;-3.0;7.0
11069;7.14;7.0;10.0;-3.0;7.0
11079;7.13;7.0;10.0;-3.0;7.0
11089;7.096666666666667;7.0;10.0;-3.0;7.0
11099;7.1066666666666665;7.0;10.0;-3.0;7.0
11109;7.086666666666667;7.0;10.0;-3.0;7.0
11119;7.166666666666667;7.0;10.0;-3.0;7.0
11129;7.116666666666666;7.0;10.0;-3.0;7.0
11139;7.14;7.0;10.0;-3.0;7.0
11149;7.086666666666667;7.0;10.0;-3.0;7.0
11159;7.1433333333333335;7.0;10.0;-3.0;7.0
11169;7.13;7.0;10.0;-3.0;7.0
11179;7.096666666666667;7.0;10.0;-3.0;7.0
11189;7.16;7.0;10.0;-3.0;7.0
11199;7.1033333333333335;7.0;10.0;-3.0;7.0
11209;7.133333333333334;7.0;10.0;-3.0;7.0
11219;7.17;7.0;10.0;-3.0;7.0
11229;7.123333333333333;7.0;10.0;-3.0;7.0
11239;7.136666666666667;7.0;10.0;-3.0;7.0
11249;7.156666666666666;7.0;10.0;-3.0;7.0
11259;7.093333333333334;7.0;10.0;-3.0;7.0
11269;7.1466666666666665;7.0;10.0;-3.0;7.0
11279;7.156666666666666;7.0;10.0;-3.0;7.0
11289;7.11;7.0;10.0;-3.0;7.0
11299;7.083333333333333;7.0;10.0;-3.0;7.0
11309;7.1066666666666665;7.0;10.0;-3.0;7.0
11319;7.156666666666666;7.0;10.0;-3.0;7.0
11329;7.136666666666667;7.0;10.0;-3.0;7.0
11339;7.1066666666666665;7.0;10.0;-3.0;7.0
11349;7.1433333333333335;7.0;10.0;-3.0;7.0
11359;7.166666666666667;7.0;10.0;-3.0;7.0
11369;7.16;7.0;10.0;-3.0;7.0
11379;7.1466666666666665;7.0;10.0;-3.0;7.0
11389;7.096666666666667;7.0;10.0;-3.0;7.0
11399;7.053333333333334;7.0;10.0;-3.0;7.0
11409;7.113333333333333;7.0;10.0;-3.0;7.0
11419;7.15;7.0;10.0;-3.0;7.0
11429;7.133333333333334;7.0;10.0;-3.0;7.0
11439;7.163333333333333;7.0;10.0;-3.0;7.0
11449;7.1;7.0;10.0;-3.0;7.0
11459;7.163333333333333;7.0;10.0;-3.0;7.0
11469;7.136666666666667;7.0;10.0;-3.0;7.0
11479;7.11;7.0;10.0;-3.0;7.0
11489;7.12;7.0;10.0;-3.0;7.0
11499;7.116666666666666;7.0;10.0;-3.0;7.0
11509;7.193333333333333;7.0;10.0;-3.0;7.0
11519;7.166666666666667;7.0;10.0;-3.0;7.0
11529;7.183333333333334;7.0;10.0;-3.0;7.0
11539;7.076666666666667;7.0;10.0;-3.0;7.0
11549;7.1466666666666665;7.0;10.0;-3.0;7.0
11559;7.126666666666667;7.0;10.0;-3.0;7.0
11569;7.15;7.0;10.0;-3.0;7.0
11579;7.12;7.0;10.0;-3.0;7.0
11589;7.1;7.0;10.0;-3.0;7.0
11599;7.13;7.0;10.0;-3.0;7.0
11609;7.113333333333333;7.0;10.0;-3.0;7.0
11619;7.153333333333333;7.0;10.0;-3.0;7.0
11629;7.22;7.0;10.0;-3.0;7.0
11639;7.1033333333333335;7.0;10.0;-3.0;7.0
11649;7.16;7.0;10.0;-3.0;7.0
11659;7.136666666666667;7.0;10.0;-3.0;7.0
11669;7.083333333333333;7.0;10.0;-3.0;7.0
11679;7.126666666666667;7.0;10.0;-3.0;7.0
11689;7.12;7.0;10.0;-3.0;7.0
11699;7.09;7.0;10.0;-3.0;7.0
11709;7.06;7.0;10.0;-3.0;7.0
11719;7.136666666666667;7.0;10.0;-3.0;7.0
11729;7.1066666666666665;7.0;10.0;-3.0;7.0
11739;7.123333333333333;7.0;10.0;-3.0;7.0
11749;7.156666666666666;7.0;10.0;-3.0;7.0
11759;7.15;7.0;10.0;-3.0;7.0
11769;7.12;7.0;10.0;-3.0;7.0
11779;7.11;7.0;10.0;-3.0;7.0
11789;7.0633333333333335;7.0;10.0;-3.0;7.0
11799;7.1066666666666665;7.0;10.0;-3.0;7.0
11809;7.073333333333333;7.0;10.0;-3.0;7.0
11819;7.133333333333334;7.0;10.0;-3.0;7.0
11829;7.096666666666667;7.0;10.0;-3.0;7.0
11839;7.13;7.0;10.0;-3.0;7.0
11849;7.093333333333334;7.0;10.0;-3.0;7.0
11859;7.1433333333333335;7.0;10.0;-3.0;7.0
11869;7.12;7.0;10.0;-3.0;7.0
11879;7.14;7.0;10.0;-3.0;7.0
11889;7.07;7.0;10.0;-3.0;7.0
11899;7.08;7.0;10.0;-3.0;7.0
11909;7.113333333333333;7.0;10.0;-3.0;7.0
11919;7.136666666666667;7.0;10.0;-3.0;7.0
11929;7.156666666666666;7.0;10.0;-3.0;7.0
11939;7.11;7.0;10.0;-3.0;7.0
11949;7.116666666666666;7.0;10.0;-3.0;7.0
11959;7.113333333333333;7.0;10.0;-3.0;7.0
11969;7.096666666666667;7.0;10.0;-3.0;7.0
11979;7.11;7.0;10.0;-3.0;7.0
11989;7.083333333333333;7.0;10.0;-3.0;7.0
11999;7.076666666666667;7.0;10.0;-3.0;7.0
12009;7.096666666666667;7.0;10.0;-3.0;7.0
12019;7.1033333333333335;7.0;10.0;-3.0;7.0
12029;7.16;7.0;10.0;-3.0;7.0
12039;7.14;7.0;10.0;-3.0;7.0
12049;7.083333333333333;7.0;10.0;-3.0;7.0
12059;7.08;7.0;10.0;-3.0;7.0
12069;7.1033333333333335;7.0;10.0;-3.0;7.0
12079;7.1066666666666665;7.0;10.0;-3.0;7.0
12089;7.1033333333333335;7.0;10.0;-3.0;7.0
12099;7.133333333333334;7.0;10.0;-3.0;7.0
12109;7.113333333333333;7.0;10.0;-3.0;7.0
12119;7.1;7.0;10.0;-3.0;7.0
12129;7.093333333333334;7.0;10.0;-3.0;7.0
12139;7.1433333333333335;7.0;10.0;-3.0;7.0
12149;7.1466666666666665;7.0;10.0;-3.0;7.0
12159;7.096666666666667;7.0;10.0;-3.0;7.0
12169;7.093333333333334;7.0;10.0;-3.0;7.0
12179;7.136666666666667;7.0;10.0;-3.0;7.0
12189;7.15;7.0;10.0;-3.0;7.0
12199;7.166666666666667;7.0;10.0;-3.0;7.0
12209;7.15;7.0;10.0;-3.0;7.0
12219;7.116666666666666;7.0;10.0;-3.0;7.0
12229;7.1033333333333335;7.0;10.0;-3.0;7.0
12239;7.153333333333333;7.0;10.0;-3.0;7.0
12249;7.126666666666667;7.0;10.0;-3.0;7.0
12259;7.096666666666667;7.0;10.0;-3.0;7.0
12269;7.16;7.0;10.0;-3.0;7.0
12279;7.1433333333333335;7.0;10.0;-3.0;7.0
12289;7.236666666666666;7.0;10.0;-3.0;7.0
12299;7.116666666666666;7.0;10.0;-3.0;7.0
12309;7.1466666666666665;7.0;10.0;-3.0;7.0
12319;7.076666666666667;7.0;10.0;-3.0;7.0
12329;7.1066666666666665;7.0;10.0;-3.0;7.0
12339;7.08;7.0;10.0;-3.0;7.0
12349;7.116666666666666;7.0;10.0;-3.0;7.0
12359;7.17;7.0;10.0;-3.0;7.0
12369;7.093333333333334;7.0;10.0;-3.0;7.0
12379;7.19;7.0;10.0;-3.0;7.0
12389;7.126666666666667;7.0;10.0;-3.0;7.0
12399;7.096666666666667;7.0;10.0;-3.0;7.0
12409;7.1066666666666665;7.0;10.0;-3.0;7.0
12419;7.14;7.0;10.0;-3.0;7.0
12429;7.123333333333333;7.0;10.0;-3.0;7.0
12439;7.1066666666666665;7.0;10.0;-3.0;7.0
12449;7.053333333333334;7.0;10.0;-3.0;7.0
12459;7.093333333333334;7.0;10.0;-3.0;7.0
12469;7.133333333333334;7.0;10.0;-3.0;7.0
12479;7.11;7.0;10.0;-3.0;7.0
12489;7.156666666666666;7.0;10.0;-3.0;7.0
12499;7.1033333333333335;7.0;10.0;-3.0;7.0
12509;7.136666666666667;7.0;10.0;-3.0;7.0
12519;7.16;7.0;10.0;-3.0;7.0
12529;7.136666666666667;7.0;10.0;-3.0;7.0
12539;7.156666666666666;7.0;10.0;-3.0;7.0
12549;7.173333333333333;7.0;10.0;-3.0;7.0
12559;7.083333333333333;7.0;10.0;-3.0;7.0
12569;7.113333333333333;7.0;10.0;-3.0;7.0
12579;7.133333333333334;7.0;10.0;-3.0;7.0
12589;7.073333333333333;7.0;10.0;-3.0;7.0
12599;7.126666666666667;7.0;10.0;-3.0;7.0
12609;7.076666666666667;7.0;10.0;-3.0;7.0
12619;7.1466666666666665;7.0;10.0;-3.0;7.0
12629;7.173333333333333;7.0;10.0;-3.0;7.0
12639;7.116666666666666;7.0;10.0;-3.0;7.0
12649;7.073333333333333;7.0;10.0;-3.0;7.0
12659;7.1066666666666665;7.0;10.0;-3.0;7.0
12669;7.1466666666666665;7.0;10.0;-3.0;7.0
12679;7.11;7.0;10.0;-3.0;7.0
12689;7.1033333333333335;7.0;10.0;-3.0;7.0
12699;7.09;7.0;10.0;-3.0;7.0
12709;7.086666666666667;7.0;10.0;-3.0;7.0
12719;7.133333333333334;7.0;10.0;-3.0;7.0
12729;7.1066666666666665;7.0;10.0;-3.0;7.0
12739;7.126666666666667;7.0;10.0;-3.0;7.0
12749;7.19;7.0;10.0;-3.0;7.0
12759;7.123333333333333;7.0;10.0;-3.0;7.0
12769;7.1;7.0;10.0;-3.0;7.0
12779;7.1066666666666665;7.0;10.0;-3.0;7.0
12789;7.12;7.0;10.0;-3.0;7.0
12799;7.09;7.0;10.0;-3.0;7.0
12809;7.13;7.0;10.0;-3.0;7.0
12819;7.1066666666666665;7.0;10.0;-3.0;7.0
12829;7.116666666666666;7.0;10.0;-3.0;7.0
12839;7.18;7.0;10.0;-3.0;7.0
12849;7.13;7.0;10.0;-3.0;7.0
12859;7.1433333333333335;7.0;10.0;-3.0;7.0
12869;7.156666666666666;7.0;10.0;-3.0;7.0
12879;7.12;7.0;10.0;-3.0;7.0
12889;7.21;7.0;10.0;-3.0;7.0
12899;7.1433333333333335;7.0;10.0;-3.0;7.0
12909;7.123333333333333;7.0;10.0;-3.0;7.0
12919;7.153333333333333;7.0;10.0;-3.0;7.0
12929;7.123333333333333;7.0;10.0;-3.0;7.0
12939;7.066666666666666;7.0;10.0;-3.0;7.0
12949;7.116666666666666;7.0;10.0;-3.0;7.0
12959;7.093333333333334;7.0;10.0;-3.0;7.0
12969;7.15;7.0;10.0;-3.0;7.0
12979;7.1066666666666665;7.0;10.0;-3.0;7.0
12989;7.183333333333334;7.0;10.0;-3.0;7.0
12999;7.12;7.0;10.0;-3.0;7.0
13009;7.12;7.0;10.0;-3.0;7.0
13019;7.133333333333334;7.0;10.0;-3.0;7.0
13029;7.126666666666667;7.0;10.0;-3.0;7.0
13039;7.136666666666667;7.0;10.0;-3.0;7.0
13049;7.176666666666667;7.0;10.0;-3.0;7.0
13059;7.086666666666667;7.0;10.0;-3.0;7.0
13069;7.176666666666667;7.0;10.0;-3.0;7.0
13079;7.16;7.0;10.0;-3.0;7.0
13089;7.096666666666667;7.0;10.0;-3.0;7.0
13099;7.1433333333333335;7.0;10.0;-3.0;7.0
13109;7.076666666666667;7.0;10.0;-3.0;7.0
13119;7.156666666666666;7.0;10.0;-3.0;7.0
13129;7.066666666666666;7.0;10.0;-3.0;7.0
13139;7.086666666666667;7.0;10.0;-3.0;7.0
13149;7.07;7.0;10.0;-3.0;7.0
13159;7.116666666666666;7.0;10.0;-3.0;7.0
13169;7.2;7.0;10.0;-3.0;7.0
13179;7.116666666666666;7.0;10.0;-3.0;7.0
13189;7.096666666666667;7.0;10.0;-3.0;7.0
13199;7.2;7.0;10.0;-3.0;7.0
13209;7.1033333333333335;7.0;10.0;-3.0;7.0
13219;7.086666666666667;7.0;10.0;-3.0;7.0
13229;7.12;7.0;10.0;-3.0;7.0
13239;7.1033333333333335;7.0;10.0;-3.0;7.0
13249;7.1433333333333335;7.0;10.0;-3.0;7.0
13259;7.193333333333333;7.0;10.0;-3.0;7.0
13269;7.163333333333333;7.0;10.0;-3.0;7.0
13279;7.07;7.0;10.0;-3.0;7.0
13289;7.096666666666667;7.0;10.0;-3.0;7.0
13299;7.1033333333333335;7.0;10.0;-3.0;7.0
13309;7.1066666666666665;7.0;10.0;-3.0;7.0
13319;7.1033333333333335;7.0;10.0;-3.0;7.0
13329;7.213333333333333;7.0;10.0;-3.0;7.0
13339;7.086666666666667;7.0;10.0;-3.0;7.0
13349;7.183333333333334;7.0;10.0;-3.0;7.0
13359;7.116666666666666;7.0;10.0;-3.0;7.0
13369;7.076666666666667;7.0;10.0;-3.0;7.0
13379;7.096666666666667;7.0;10.0;-3.0;7.0
13389;7.09;7.0;10.0;-3.0;7.0
13399;7.11;7.0;10.0;-3.0;7.0
13409;7.163333333333333;7.0;10.0;-3.0;7.0
13419;7.153333333333333;7.0;10.0;-3.0;7.0
13429;7.083333333333333;7.0;10.0;-3.0;7.0
13439;7.173333333333333;7.0;10.0;-3.0;7.0
13449;7.166666666666667;7.0;10.0;-3.0;7.0
13459;7.1;7.0;10.0;-3.0;7.0
13469;7.133333333333334;7.0;10.0;-3.0;7.0
13479;7.136666666666667;7.0;10.0;-3.0;7.0
13489;7.1066666666666665;7.0;10.0;-3.0;7.0
13499;7.093333333333334;7.0;10.0;-3.0;7.0
13509;7.153333333333333;7.0;10.0;-3.0;7.0
13519;7.166666666666667;7.0;10.0;-3.0;7.0
13529;7.1433333333333335;7.0;10.0;-3.0;7.0
13539;7.136666666666667;7.0;10.0;-3.0;7.0
13549;7.123333333333333;7.0;10.0;-3.0;7.0
13559;7.043333333333333;7.0;10.0;-3.0;7.0
13569;7.15;7.0;10.0;-3.0;7.0
13579;7.15;7.0;10.0;-3.0;7.0
13589;7.133333333333334;7.0;10.0;-3.0;7.0
13599;7.15;7.0;10.0;-3.0;7.0
13609;7.17;7.0;10.0;-3.0;7.0
13619;7.116666666666666;7.0;10.0;-3.0;7.0
13629;7.066666666666666;7.0;10.0;-3.0;7.0
13639;7.1066666666666665;7.0;10.0;-3.0;7.0
13649;7.136666666666667;7.0;10.0;-3.0;7.0
13659;7.136666666666667;7.0;10.0;-3.0;7.0
13669;7.123333333333333;7.0;10.0;-3.0;7.0
13679;7.1066666666666665;7.0;10.0;-3.0;7.0
13689;7.183333333333334;7.0;10.0;-3.0;7.0
13699;7.123333333333333;7.0;10.0;-3.0;7.0
13709;7.066666666666666;7.0;10.0;-3.0;7.0
13719;7.14;7.0;10.0;-3.0;7.0
13729;7.09;7.0;10.0;-3.0;7.0
13739;7.173333333333333;7.0;10.0;-3.0;7.0
13749;7.06;7.0;10.0;-3.0;7.0
13759;7.18;7.0;10.0;-3.0;7.0
13769;7.206666666666667;7.0;10.0;-3.0;7.0
13779;7.19;7.0;10.0;-3.0;7.0
13789;7.163333333333333;7.0;10.0;-3.0;7.0
13799;7.133333333333334;7.0;10.0;-3.0;7.0
13809;7.173333333333333;7.0;10.0;-3.0;7.0
13819;7.136666666666667;7.0;10.0;-3.0;7.0
13829;7.1033333333333335;7.0;10.0;-3.0;7.0
13839;7.1066666666666665;7.0;10.0;-3.0;7.0
13849;7.183333333333334;7.0;10.0;-3.0;7.0
13859;7.12;7.0;10.0;-3.0;7.0
13869;7.136666666666667;7.0;10.0;-3.0;7.0
13879;7.05;7.0;10.0;-3.0;7.0
13889;7.15;7.0;10.0;-3.0;7.0
13899;7.17;7.0;10.0;-3.0;7.0
13909;7.13;7.0;10.0;-3.0;7.0
13919;7.153333333333333;7.0;10.0;-3.0;7.0
13929;7.1433333333333335;7.0;10.0;-3.0;7.0
13939;7.116666666666666;7.0;10.0;-3.0;7.0
13949;7.13;7.0;10.0;-3.0;7.0
13959;7.12;7.0;10.0;-3.0;7.0
13969;7.136666666666667;7.0;10.0;-3.0;7.0
13979;7.09;7.0;10.0;-3.0;7.0
13989;7.13;7.0;10.0;-3.0;7.0
13999;7.08;7.0;10.0;-3.0;7.0
14009;7.0633333333333335;7.0;10.0;-3.0;7.0
14019;7.1466666666666665;7.0;10.0;-3.0;7.0
14029;7.1433333333333335;7.0;10.0;-3.0;7.0
14039;7.1;7.0;10.0;-3.0;7.0
14049;7.1066666666666665;7.0;10.0;-3.0;7.0
14059;7.086666666666667;7.0;10.0;-3.0;7.0
14069;7.093333333333334;7.0;10.0;-3.0;7.0
14079;7.09;7.0;10.0;-3.0;7.0
14089;7.113333333333333;7.0;10.0;-3.0;7.0
14099;7.1033333333333335;7.0;10.0;-3.0;7.0
14109;7.123333333333333;7.0;10.0;-3.0;7.0
14119;7.1;7.0;10.0;-3.0;7.0
14129;7.1433333333333335;7.0;10.0;-3.0;7.0
14139;7.093333333333334;7.0;10.0;-3.0;7.0
14149;7.1033333333333335;7.0;10.0;-3.0;7.0
14159;7.1066666666666665;7.0;10.0;-3.0;7.0
14169;7.083333333333333;7.0;10.0;-3.0;7.0
14179;7.14;7.0;10.0;-3.0;7.0
14189;7.11;7.0;10.0;-3.0;7.0
14199;7.166666666666667;7.0;10.0;-3.0;7.0
14209;7.2;7.0;10.0;-3.0;7.0
14219;7.11;7.0;10.0;-3.0;7.0
14229;7.086666666666667;7.0;10.0;-3.0;7.0
14239;7.163333333333333;7.0;10.0;-3.0;7.0
14249;7.15;7.0;10.0;-3.0;7.0
14259;7.133333333333334;7.0;10.0;-3.0;7.0
14269;7.123333333333333;7.0;10.0;-3.0;7.0
14279;7.1033333333333335;7.0;10.0;-3.0;7.0
14289;7.116666666666666;7.0;10.0;-3.0;7.0
14299;7.1;7.0;10.0;-3.0;7.0
14309;7.09;7.0;10.0;-3.0;7.0
14319;7.08;7.0;10.0;-3.0;7.0
14329;7.123333333333333;7.0;10.0;-3.0;7.0
14339;7.086666666666667;7.0;10.0;-3.0;7.0
14349;7.12;7.0;10.0;-3.0;7.0
14359;7.1466666666666665;7.0;10.0;-3.0;7.0
14369;7.15;7.0;10.0;-3.0;7.0
14379;7.1466666666666665;7.0;10.0;-3.0;7.0
14389;7.156666666666666;7.0;10.0;-3.0;7.0
14399;7.123333333333333;7.0;10.0;-3.0;7.0
14409;7.086666666666667;7.0;10.0;-3.0;7.0
14419;7.153333333333333;7.0;10.0;-3.0;7.0
14429;7.11;7.0;10.0;-3.0;7.0
14439;7.18;7.0;10.0;-3.0;7.0
14449;7.123333333333333;7.0;10.0;-3.0;7.0
14459;7.09;7.0;10.0;-3.0;7.0
14469;7.096666666666667;7.0;10.0;-3.0;7.0
14479;7.056666666666667;7.0;10.0;-3.0;7.0
14489;7.1033333333333335;7.0;10.0;-3.0;7.0
14499;7.15;7.0;10.0;-3.0;7.0
14509;7.116666666666666;7.0;10.0;-3.0;7.0
14519;7.153333333333333;7.0;10.0;-3.0;7.0
14529;7.1;7.0;10.0;-3.0;7.0
14539;7.086666666666667;7.0;10.0;-3.0;7.0
14549;7.166666666666667;7.0;10.0;-3.0;7.0
14559;7.166666666666667;7.0;10.0;-3.0;7.0
14569;7.14;7.0;10.0;-3.0;7.0
14579;7.166666666666667;7.0;10.0;-3.0;7.0
14589;7.1;7.0;10.0;-3.0;7.0
14599;7.093333333333334;7.0;10.0;-3.0;7.0
14609;7.1033333333333335;7.0;10.0;-3.0;7.0
14619;7.1;7.0;10.0;-3.0;7.0
14629;7.16;7.0;10.0;-3.0;7.0
14639;7.14;7.0;10.0;-3.0;7.0
14649;7.133333333333334;7.0;10.0;-3.0;7.0
14659;7.096666666666667;7.0;10.0;-3.0;7.0
14669;7.113333333333333;7.0;10.0;-3.0;7.0
14679;7.11;7.0;10.0;-3.0;7.0
14689;7.1;7.0;10.0;-3.0;7.0
14699;7.166666666666667;7.0;10.0;-3.0;7.0
14709;7.12;7.0;10.0;-3.0;7.0
14719;7.14;7.0;10.0;-3.0;7.0
14729;7.136666666666667;7.0;10.0;-3.0;7.0
14739;7.086666666666667;7.0;10.0;-3.0;7.0
14749;7.1066666666666665;7.0;10.0;-3.0;7.0
14759;7.14;7.0;10.0;-3.0;7.0
14769;7.066666666666666;7.0;10.0;-3.0;7.0
14779;7.15;7.0;10.0;-3.0;7.0
14789;7.153333333333333;7.0;10.0;-3.0;7.0
14799;7.113333333333333;7.0;10.0;-3.0;7.0
14809;7.133333333333334;7.0;10.0;-3.0;7.0
14819;7.1;7.0;10.0;-3.0;7.0
14829;7.113333333333333;7.0;10.0;-3.0;7.0
14839;7.123333333333333;7.0;10.0;-3.0;7.0
14849;7.1433333333333335;7.0;10.0;-3.0;7.0
14859;7.13;7.0;10.0;-3.0;7.0
14869;7.11;7.0;10.0;-3.0;7.0
14879;7.1066666666666665;7.0;10.0;-3.0;7.0
14889;7.14;7.0;10.0;-3.0;7.0
14899;7.133333333333334;7.0;10.0;-3.0;7.0
14909;7.113333333333333;7.0;10.0;-3.0;7.0
14919;7.1866666666666665;7.0;10.0;-3.0;7.0
14929;7.16;7.0;10.0;-3.0;7.0
14939;7.13;7.0;10.0;-3.0;7.0
14949;7.113333333333333;7.0;10.0;-3.0;7.0
14959;7.18;7.0;10.0;-3.0;7.0
14969;7.15;7.0;10.0;-3.0;7.0
14979;7.12;7.0;10.0;-3.0;7.0
14989;7.1033333333333335;7.0;10.0;-3.0;7.0
14999;7.123333333333333;7.0;10.0;-3.0;7.0
