geracao;media da geracao;fitness do melhor da geracao;fitness do pior da geracao;relacao entre melhor e pior;fitness do melhor da run
Probabilidade Recombinação: 0.7
Probabilidade Mutação: 0.05
Tipo de Selecção: Torneio
Tipo de Mutação: Simples Al.
Tamanho População: 300
Máximo de Gerações: 15000
0;84.60333333333334;69.0;101.0;-32.0;69.0
0;75.47;66.0;86.0;-20.0;66.0
9;58.83;58.0;61.0;-3.0;58.0
19;47.38333333333333;45.0;51.0;-6.0;45.0
29;43.04;40.0;46.0;-6.0;40.0
39;34.47666666666667;32.0;38.0;-6.0;32.0
49;28.153333333333332;28.0;31.0;-3.0;28.0
59;25.966666666666665;25.0;29.0;-4.0;25.0
69;24.13;24.0;27.0;-3.0;24.0
79;22.093333333333334;22.0;25.0;-3.0;22.0
89;19.11;19.0;22.0;-3.0;19.0
99;18.09;17.0;21.0;-4.0;17.0
109;17.076666666666668;17.0;20.0;-3.0;17.0
119;17.143333333333334;17.0;20.0;-3.0;17.0
129;17.176666666666666;17.0;20.0;-3.0;17.0
139;17.133333333333333;17.0;20.0;-3.0;17.0
149;17.04;17.0;20.0;-3.0;17.0
159;17.133333333333333;17.0;20.0;-3.0;17.0
169;17.076666666666668;17.0;20.0;-3.0;17.0
179;16.133333333333333;16.0;19.0;-3.0;16.0
189;16.096666666666668;15.0;19.0;-4.0;15.0
199;14.653333333333334;14.0;18.0;-4.0;14.0
209;14.16;14.0;17.0;-3.0;14.0
219;14.11;14.0;17.0;-3.0;14.0
229;14.063333333333333;14.0;17.0;-3.0;14.0
239;14.106666666666667;14.0;17.0;-3.0;14.0
249;14.076666666666666;14.0;17.0;-3.0;14.0
259;13.196666666666667;13.0;16.0;-3.0;13.0
269;13.1;13.0;16.0;-3.0;13.0
279;13.123333333333333;13.0;16.0;-3.0;13.0
289;13.123333333333333;13.0;16.0;-3.0;13.0
299;13.083333333333334;13.0;16.0;-3.0;13.0
309;13.103333333333333;13.0;16.0;-3.0;13.0
319;13.113333333333333;13.0;16.0;-3.0;13.0
329;13.113333333333333;13.0;16.0;-3.0;13.0
339;13.126666666666667;13.0;16.0;-3.0;13.0
349;13.13;13.0;16.0;-3.0;13.0
359;13.133333333333333;13.0;16.0;-3.0;13.0
369;13.096666666666666;13.0;16.0;-3.0;13.0
379;13.07;13.0;16.0;-3.0;13.0
389;13.096666666666666;13.0;16.0;-3.0;13.0
399;13.11;13.0;16.0;-3.0;13.0
409;13.073333333333334;13.0;16.0;-3.0;13.0
419;13.09;13.0;16.0;-3.0;13.0
429;13.093333333333334;13.0;16.0;-3.0;13.0
439;13.156666666666666;13.0;16.0;-3.0;13.0
449;13.15;13.0;16.0;-3.0;13.0
459;13.063333333333333;13.0;16.0;-3.0;13.0
469;13.123333333333333;13.0;16.0;-3.0;13.0
479;13.133333333333333;13.0;16.0;-3.0;13.0
489;13.22;13.0;16.0;-3.0;13.0
499;13.13;13.0;16.0;-3.0;13.0
509;13.146666666666667;13.0;16.0;-3.0;13.0
519;13.14;13.0;16.0;-3.0;13.0
529;13.106666666666667;13.0;16.0;-3.0;13.0
539;13.093333333333334;13.0;16.0;-3.0;13.0
549;13.12;13.0;16.0;-3.0;13.0
559;13.156666666666666;13.0;16.0;-3.0;13.0
569;13.12;13.0;16.0;-3.0;13.0
579;13.063333333333333;13.0;16.0;-3.0;13.0
589;13.076666666666666;13.0;16.0;-3.0;13.0
599;13.08;13.0;16.0;-3.0;13.0
609;13.12;13.0;16.0;-3.0;13.0
619;13.126666666666667;13.0;16.0;-3.0;13.0
629;13.11;13.0;16.0;-3.0;13.0
639;13.093333333333334;13.0;16.0;-3.0;13.0
649;13.12;13.0;16.0;-3.0;13.0
659;13.116666666666667;13.0;16.0;-3.0;13.0
669;13.066666666666666;13.0;16.0;-3.0;13.0
679;13.133333333333333;13.0;16.0;-3.0;13.0
689;13.146666666666667;13.0;16.0;-3.0;13.0
699;13.14;13.0;16.0;-3.0;13.0
709;13.066666666666666;13.0;16.0;-3.0;13.0
719;13.11;13.0;16.0;-3.0;13.0
729;12.17;12.0;15.0;-3.0;12.0
739;12.146666666666667;12.0;15.0;-3.0;12.0
749;12.116666666666667;12.0;15.0;-3.0;12.0
759;12.106666666666667;12.0;15.0;-3.0;12.0
769;12.086666666666666;12.0;15.0;-3.0;12.0
779;12.116666666666667;12.0;15.0;-3.0;12.0
789;12.106666666666667;12.0;15.0;-3.0;12.0
799;12.11;12.0;15.0;-3.0;12.0
809;12.11;12.0;15.0;-3.0;12.0
819;12.14;12.0;15.0;-3.0;12.0
829;12.186666666666667;12.0;15.0;-3.0;12.0
839;12.096666666666666;12.0;15.0;-3.0;12.0
849;12.123333333333333;12.0;15.0;-3.0;12.0
859;12.1;12.0;15.0;-3.0;12.0
869;12.123333333333333;12.0;15.0;-3.0;12.0
879;12.103333333333333;12.0;15.0;-3.0;12.0
889;12.166666666666666;12.0;15.0;-3.0;12.0
899;12.076666666666666;12.0;15.0;-3.0;12.0
909;12.106666666666667;12.0;15.0;-3.0;12.0
919;12.086666666666666;12.0;15.0;-3.0;12.0
929;12.093333333333334;12.0;15.0;-3.0;12.0
939;12.126666666666667;12.0;15.0;-3.0;12.0
949;12.116666666666667;12.0;15.0;-3.0;12.0
959;12.13;12.0;15.0;-3.0;12.0
969;12.153333333333334;12.0;15.0;-3.0;12.0
979;12.133333333333333;12.0;15.0;-3.0;12.0
989;12.093333333333334;12.0;15.0;-3.0;12.0
999;12.136666666666667;12.0;15.0;-3.0;12.0
1009;12.056666666666667;12.0;15.0;-3.0;12.0
1019;12.16;12.0;15.0;-3.0;12.0
1029;12.133333333333333;12.0;15.0;-3.0;12.0
1039;12.16;12.0;15.0;-3.0;12.0
1049;12.16;12.0;15.0;-3.0;12.0
1059;12.086666666666666;12.0;15.0;-3.0;12.0
1069;12.086666666666666;12.0;15.0;-3.0;12.0
1079;12.113333333333333;12.0;15.0;-3.0;12.0
1089;12.1;12.0;15.0;-3.0;12.0
1099;12.146666666666667;12.0;15.0;-3.0;12.0
1109;12.133333333333333;12.0;15.0;-3.0;12.0
1119;12.126666666666667;12.0;15.0;-3.0;12.0
1129;12.12;12.0;15.0;-3.0;12.0
1139;12.086666666666666;12.0;15.0;-3.0;12.0
1149;12.116666666666667;12.0;15.0;-3.0;12.0
1159;12.14;12.0;15.0;-3.0;12.0
1169;12.096666666666666;12.0;15.0;-3.0;12.0
1179;12.156666666666666;12.0;15.0;-3.0;12.0
1189;12.143333333333333;12.0;15.0;-3.0;12.0
1199;12.13;12.0;15.0;-3.0;12.0
1209;12.126666666666667;12.0;15.0;-3.0;12.0
1219;12.136666666666667;12.0;15.0;-3.0;12.0
1229;12.1;12.0;15.0;-3.0;12.0
1239;11.743333333333334;11.0;15.0;-4.0;11.0
1249;10.09;10.0;13.0;-3.0;10.0
1259;10.086666666666666;10.0;13.0;-3.0;10.0
1269;10.08;10.0;13.0;-3.0;10.0
1279;10.156666666666666;10.0;13.0;-3.0;10.0
1289;10.126666666666667;10.0;13.0;-3.0;10.0
1299;10.09;10.0;13.0;-3.0;10.0
1309;10.12;10.0;13.0;-3.0;10.0
1319;10.113333333333333;10.0;13.0;-3.0;10.0
1329;10.16;10.0;13.0;-3.0;10.0
1339;10.09;10.0;13.0;-3.0;10.0
1349;10.11;10.0;13.0;-3.0;10.0
1359;10.13;10.0;13.0;-3.0;10.0
1369;10.083333333333334;10.0;13.0;-3.0;10.0
1379;10.106666666666667;10.0;13.0;-3.0;10.0
1389;10.036666666666667;10.0;13.0;-3.0;10.0
1399;10.096666666666666;10.0;13.0;-3.0;10.0
1409;10.07;10.0;13.0;-3.0;10.0
1419;10.21;10.0;13.0;-3.0;10.0
1429;10.126666666666667;10.0;13.0;-3.0;10.0
1439;10.12;10.0;13.0;-3.0;10.0
1449;10.133333333333333;10.0;13.0;-3.0;10.0
1459;10.136666666666667;10.0;13.0;-3.0;10.0
1469;10.106666666666667;10.0;13.0;-3.0;10.0
1479;10.066666666666666;10.0;13.0;-3.0;10.0
1489;10.14;10.0;13.0;-3.0;10.0
1499;10.126666666666667;10.0;13.0;-3.0;10.0
1509;10.093333333333334;10.0;13.0;-3.0;10.0
1519;10.116666666666667;10.0;13.0;-3.0;10.0
1529;10.09;10.0;13.0;-3.0;10.0
1539;10.106666666666667;10.0;13.0;-3.0;10.0
1549;10.21;10.0;13.0;-3.0;10.0
1559;10.143333333333333;10.0;13.0;-3.0;10.0
1569;10.123333333333333;10.0;13.0;-3.0;10.0
1579;10.14;10.0;13.0;-3.0;10.0
1589;10.15;10.0;13.0;-3.0;10.0
1599;10.15;10.0;13.0;-3.0;10.0
1609;10.113333333333333;10.0;13.0;-3.0;10.0
1619;10.116666666666667;10.0;13.0;-3.0;10.0
1629;10.11;10.0;13.0;-3.0;10.0
1639;10.19;10.0;13.0;-3.0;10.0
1649;10.11;10.0;13.0;-3.0;10.0
1659;10.116666666666667;10.0;13.0;-3.0;10.0
1669;10.19;10.0;13.0;-3.0;10.0
1679;10.093333333333334;10.0;13.0;-3.0;10.0
1689;10.12;10.0;13.0;-3.0;10.0
1699;10.096666666666666;10.0;13.0;-3.0;10.0
1709;10.153333333333334;10.0;13.0;-3.0;10.0
1719;10.073333333333334;10.0;13.0;-3.0;10.0
1729;10.116666666666667;10.0;13.0;-3.0;10.0
1739;10.14;10.0;13.0;-3.0;10.0
1749;10.106666666666667;10.0;13.0;-3.0;10.0
1759;10.136666666666667;10.0;13.0;-3.0;10.0
1769;10.063333333333333;10.0;13.0;-3.0;10.0
1779;10.11;10.0;13.0;-3.0;10.0
1789;10.063333333333333;10.0;13.0;-3.0;10.0
1799;10.08;10.0;13.0;-3.0;10.0
1809;10.163333333333334;10.0;13.0;-3.0;10.0
1819;10.173333333333334;10.0;13.0;-3.0;10.0
1829;10.07;10.0;13.0;-3.0;10.0
1839;10.113333333333333;10.0;13.0;-3.0;10.0
1849;10.11;10.0;13.0;-3.0;10.0
1859;10.176666666666666;10.0;13.0;-3.0;10.0
1869;10.11;10.0;13.0;-3.0;10.0
1879;10.106666666666667;10.0;13.0;-3.0;10.0
1889;10.09;10.0;13.0;-3.0;10.0
1899;10.216666666666667;10.0;13.0;-3.0;10.0
1909;10.05;10.0;13.0;-3.0;10.0
1919;10.086666666666666;10.0;13.0;-3.0;10.0
1929;10.166666666666666;10.0;13.0;-3.0;10.0
1939;10.136666666666667;10.0;13.0;-3.0;10.0
1949;10.113333333333333;10.0;13.0;-3.0;10.0
1959;10.106666666666667;10.0;13.0;-3.0;10.0
1969;10.16;10.0;13.0;-3.0;10.0
1979;10.1;10.0;13.0;-3.0;10.0
1989;10.08;10.0;13.0;-3.0;10.0
1999;10.07;10.0;13.0;-3.0;10.0
2009;10.1;10.0;13.0;-3.0;10.0
2019;10.106666666666667;10.0;13.0;-3.0;10.0
2029;10.073333333333334;10.0;13.0;-3.0;10.0
2039;10.113333333333333;10.0;13.0;-3.0;10.0
2049;10.146666666666667;10.0;13.0;-3.0;10.0
2059;10.116666666666667;10.0;13.0;-3.0;10.0
2069;10.14;10.0;13.0;-3.0;10.0
2079;10.163333333333334;10.0;13.0;-3.0;10.0
2089;10.073333333333334;10.0;13.0;-3.0;10.0
2099;10.073333333333334;10.0;13.0;-3.0;10.0
2109;10.106666666666667;10.0;13.0;-3.0;10.0
2119;10.11;10.0;13.0;-3.0;10.0
2129;10.173333333333334;10.0;13.0;-3.0;10.0
2139;10.126666666666667;10.0;13.0;-3.0;10.0
2149;10.143333333333333;10.0;13.0;-3.0;10.0
2159;10.12;10.0;13.0;-3.0;10.0
2169;10.066666666666666;10.0;13.0;-3.0;10.0
2179;10.09;10.0;13.0;-3.0;10.0
2189;10.066666666666666;10.0;13.0;-3.0;10.0
2199;10.163333333333334;10.0;13.0;-3.0;10.0
2209;10.123333333333333;10.0;13.0;-3.0;10.0
2219;10.136666666666667;10.0;13.0;-3.0;10.0
2229;10.033333333333333;10.0;13.0;-3.0;10.0
2239;10.146666666666667;10.0;13.0;-3.0;10.0
2249;10.12;10.0;13.0;-3.0;10.0
2259;10.106666666666667;10.0;13.0;-3.0;10.0
2269;10.086666666666666;10.0;13.0;-3.0;10.0
2279;10.07;10.0;13.0;-3.0;10.0
2289;10.116666666666667;10.0;13.0;-3.0;10.0
2299;10.106666666666667;10.0;13.0;-3.0;10.0
2309;10.143333333333333;10.0;13.0;-3.0;10.0
2319;10.093333333333334;10.0;13.0;-3.0;10.0
2329;10.103333333333333;10.0;13.0;-3.0;10.0
2339;10.126666666666667;10.0;13.0;-3.0;10.0
2349;10.08;10.0;13.0;-3.0;10.0
2359;10.14;10.0;13.0;-3.0;10.0
2369;10.113333333333333;10.0;13.0;-3.0;10.0
2379;10.076666666666666;10.0;13.0;-3.0;10.0
2389;10.18;10.0;13.0;-3.0;10.0
2399;10.09;10.0;13.0;-3.0;10.0
2409;10.093333333333334;10.0;13.0;-3.0;10.0
2419;10.096666666666666;10.0;13.0;-3.0;10.0
2429;10.193333333333333;10.0;13.0;-3.0;10.0
2439;10.096666666666666;10.0;13.0;-3.0;10.0
2449;10.096666666666666;10.0;13.0;-3.0;10.0
2459;10.066666666666666;10.0;13.0;-3.0;10.0
2469;10.126666666666667;10.0;13.0;-3.0;10.0
2479;10.09;10.0;13.0;-3.0;10.0
2489;10.133333333333333;10.0;13.0;-3.0;10.0
2499;10.153333333333334;10.0;13.0;-3.0;10.0
2509;10.146666666666667;10.0;13.0;-3.0;10.0
2519;10.156666666666666;10.0;13.0;-3.0;10.0
2529;10.116666666666667;10.0;13.0;-3.0;10.0
2539;10.136666666666667;10.0;13.0;-3.0;10.0
2549;10.16;10.0;13.0;-3.0;10.0
2559;10.076666666666666;10.0;13.0;-3.0;10.0
2569;10.136666666666667;10.0;13.0;-3.0;10.0
2579;10.08;10.0;13.0;-3.0;10.0
2589;10.143333333333333;10.0;13.0;-3.0;10.0
2599;10.116666666666667;10.0;13.0;-3.0;10.0
2609;10.12;10.0;13.0;-3.0;10.0
2619;10.12;10.0;13.0;-3.0;10.0
2629;10.063333333333333;10.0;13.0;-3.0;10.0
2639;10.056666666666667;10.0;13.0;-3.0;10.0
2649;10.1;10.0;13.0;-3.0;10.0
2659;10.15;10.0;13.0;-3.0;10.0
2669;10.146666666666667;10.0;13.0;-3.0;10.0
2679;10.06;10.0;13.0;-3.0;10.0
2689;10.123333333333333;10.0;13.0;-3.0;10.0
2699;10.123333333333333;10.0;13.0;-3.0;10.0
2709;10.153333333333334;10.0;13.0;-3.0;10.0
2719;10.113333333333333;10.0;13.0;-3.0;10.0
2729;10.13;10.0;13.0;-3.0;10.0
2739;10.093333333333334;10.0;13.0;-3.0;10.0
2749;10.103333333333333;10.0;13.0;-3.0;10.0
2759;10.123333333333333;10.0;13.0;-3.0;10.0
2769;10.093333333333334;10.0;13.0;-3.0;10.0
2779;10.17;10.0;13.0;-3.0;10.0
2789;10.1;10.0;13.0;-3.0;10.0
2799;10.08;10.0;13.0;-3.0;10.0
2809;10.083333333333334;10.0;13.0;-3.0;10.0
2819;10.166666666666666;10.0;13.0;-3.0;10.0
2829;10.143333333333333;10.0;13.0;-3.0;10.0
2839;10.063333333333333;10.0;13.0;-3.0;10.0
2849;10.156666666666666;10.0;13.0;-3.0;10.0
2859;10.12;10.0;13.0;-3.0;10.0
2869;10.103333333333333;10.0;13.0;-3.0;10.0
2879;10.1;10.0;13.0;-3.0;10.0
2889;10.123333333333333;10.0;13.0;-3.0;10.0
2899;10.133333333333333;10.0;13.0;-3.0;10.0
2909;10.1;10.0;13.0;-3.0;10.0
2919;10.11;10.0;13.0;-3.0;10.0
2929;10.133333333333333;10.0;13.0;-3.0;10.0
2939;10.106666666666667;10.0;13.0;-3.0;10.0
2949;10.066666666666666;10.0;13.0;-3.0;10.0
2959;10.086666666666666;10.0;13.0;-3.0;10.0
2969;10.096666666666666;10.0;13.0;-3.0;10.0
2979;10.16;10.0;13.0;-3.0;10.0
2989;10.146666666666667;10.0;13.0;-3.0;10.0
2999;10.123333333333333;10.0;13.0;-3.0;10.0
3009;10.086666666666666;10.0;13.0;-3.0;10.0
3019;10.086666666666666;10.0;13.0;-3.0;10.0
3029;10.17;10.0;13.0;-3.0;10.0
3039;10.166666666666666;10.0;13.0;-3.0;10.0
3049;10.053333333333333;10.0;13.0;-3.0;10.0
3059;10.14;10.0;13.0;-3.0;10.0
3069;10.106666666666667;10.0;13.0;-3.0;10.0
3079;10.093333333333334;10.0;13.0;-3.0;10.0
3089;10.146666666666667;10.0;13.0;-3.0;10.0
3099;10.096666666666666;10.0;13.0;-3.0;10.0
3109;10.073333333333334;10.0;13.0;-3.0;10.0
3119;10.056666666666667;10.0;13.0;-3.0;10.0
3129;10.15;10.0;13.0;-3.0;10.0
3139;10.103333333333333;10.0;13.0;-3.0;10.0
3149;10.17;10.0;13.0;-3.0;10.0
3159;10.146666666666667;10.0;13.0;-3.0;10.0
3169;10.136666666666667;10.0;13.0;-3.0;10.0
3179;10.103333333333333;10.0;13.0;-3.0;10.0
3189;10.133333333333333;10.0;13.0;-3.0;10.0
3199;10.11;10.0;13.0;-3.0;10.0
3209;10.116666666666667;10.0;13.0;-3.0;10.0
3219;10.11;10.0;13.0;-3.0;10.0
3229;10.116666666666667;10.0;13.0;-3.0;10.0
3239;10.073333333333334;10.0;13.0;-3.0;10.0
3249;10.133333333333333;10.0;13.0;-3.0;10.0
3259;10.076666666666666;10.0;13.0;-3.0;10.0
3269;10.096666666666666;10.0;13.0;-3.0;10.0
3279;10.146666666666667;10.0;13.0;-3.0;10.0
3289;10.13;10.0;13.0;-3.0;10.0
3299;10.113333333333333;10.0;13.0;-3.0;10.0
3309;10.133333333333333;10.0;13.0;-3.0;10.0
3319;10.12;10.0;13.0;-3.0;10.0
3329;10.07;10.0;13.0;-3.0;10.0
3339;10.123333333333333;10.0;13.0;-3.0;10.0
3349;10.07;10.0;13.0;-3.0;10.0
3359;10.056666666666667;10.0;13.0;-3.0;10.0
3369;10.073333333333334;10.0;13.0;-3.0;10.0
3379;10.083333333333334;10.0;13.0;-3.0;10.0
3389;10.13;10.0;13.0;-3.0;10.0
3399;10.086666666666666;10.0;13.0;-3.0;10.0
3409;10.1;10.0;13.0;-3.0;10.0
3419;10.133333333333333;10.0;13.0;-3.0;10.0
3429;10.046666666666667;10.0;13.0;-3.0;10.0
3439;10.12;10.0;13.0;-3.0;10.0
3449;10.143333333333333;10.0;13.0;-3.0;10.0
3459;10.16;10.0;13.0;-3.0;10.0
3469;10.113333333333333;10.0;13.0;-3.0;10.0
3479;10.136666666666667;10.0;13.0;-3.0;10.0
3489;10.13;10.0;13.0;-3.0;10.0
3499;10.09;10.0;13.0;-3.0;10.0
3509;10.13;10.0;13.0;-3.0;10.0
3519;10.143333333333333;10.0;13.0;-3.0;10.0
3529;10.123333333333333;10.0;13.0;-3.0;10.0
3539;10.123333333333333;10.0;13.0;-3.0;10.0
3549;10.103333333333333;10.0;13.0;-3.0;10.0
3559;10.15;10.0;13.0;-3.0;10.0
3569;10.116666666666667;10.0;13.0;-3.0;10.0
3579;10.173333333333334;10.0;13.0;-3.0;10.0
3589;10.123333333333333;10.0;13.0;-3.0;10.0
3599;10.106666666666667;10.0;13.0;-3.0;10.0
3609;10.116666666666667;10.0;13.0;-3.0;10.0
3619;10.1;10.0;13.0;-3.0;10.0
3629;10.146666666666667;10.0;13.0;-3.0;10.0
3639;10.096666666666666;10.0;13.0;-3.0;10.0
3649;10.09;10.0;13.0;-3.0;10.0
3659;10.106666666666667;10.0;13.0;-3.0;10.0
3669;10.076666666666666;10.0;13.0;-3.0;10.0
3679;10.116666666666667;10.0;13.0;-3.0;10.0
3689;10.146666666666667;10.0;13.0;-3.0;10.0
3699;10.076666666666666;10.0;13.0;-3.0;10.0
3709;10.1;10.0;13.0;-3.0;10.0
3719;10.13;10.0;13.0;-3.0;10.0
3729;10.14;10.0;13.0;-3.0;10.0
3739;10.126666666666667;10.0;13.0;-3.0;10.0
3749;10.116666666666667;10.0;13.0;-3.0;10.0
3759;10.13;10.0;13.0;-3.0;10.0
3769;10.086666666666666;10.0;13.0;-3.0;10.0
3779;10.113333333333333;10.0;13.0;-3.0;10.0
3789;10.13;10.0;13.0;-3.0;10.0
3799;10.096666666666666;10.0;13.0;-3.0;10.0
3809;10.11;10.0;13.0;-3.0;10.0
3819;10.103333333333333;10.0;13.0;-3.0;10.0
3829;10.09;10.0;13.0;-3.0;10.0
3839;10.193333333333333;10.0;13.0;-3.0;10.0
3849;10.09;10.0;13.0;-3.0;10.0
3859;10.11;10.0;13.0;-3.0;10.0
3869;10.16;10.0;13.0;-3.0;10.0
3879;10.126666666666667;10.0;13.0;-3.0;10.0
3889;10.16;10.0;13.0;-3.0;10.0
3899;10.12;10.0;13.0;-3.0;10.0
3909;10.116666666666667;10.0;13.0;-3.0;10.0
3919;10.076666666666666;10.0;13.0;-3.0;10.0
3929;10.133333333333333;10.0;13.0;-3.0;10.0
3939;10.146666666666667;10.0;13.0;-3.0;10.0
3949;10.09;10.0;13.0;-3.0;10.0
3959;10.14;10.0;13.0;-3.0;10.0
3969;10.116666666666667;10.0;13.0;-3.0;10.0
3979;10.156666666666666;10.0;13.0;-3.0;10.0
3989;10.103333333333333;10.0;13.0;-3.0;10.0
3999;10.133333333333333;10.0;13.0;-3.0;10.0
4009;10.17;10.0;13.0;-3.0;10.0
4019;10.1;10.0;13.0;-3.0;10.0
4029;10.163333333333334;10.0;13.0;-3.0;10.0
4039;10.133333333333333;10.0;13.0;-3.0;10.0
4049;10.086666666666666;10.0;13.0;-3.0;10.0
4059;10.096666666666666;10.0;13.0;-3.0;10.0
4069;10.093333333333334;10.0;13.0;-3.0;10.0
4079;10.13;10.0;13.0;-3.0;10.0
4089;10.103333333333333;10.0;13.0;-3.0;10.0
4099;10.113333333333333;10.0;13.0;-3.0;10.0
4109;10.11;10.0;13.0;-3.0;10.0
4119;10.093333333333334;10.0;13.0;-3.0;10.0
4129;10.056666666666667;10.0;13.0;-3.0;10.0
4139;10.163333333333334;10.0;13.0;-3.0;10.0
4149;10.123333333333333;10.0;13.0;-3.0;10.0
4159;10.09;10.0;13.0;-3.0;10.0
4169;10.09;10.0;13.0;-3.0;10.0
4179;10.15;10.0;13.0;-3.0;10.0
4189;10.126666666666667;10.0;13.0;-3.0;10.0
4199;10.136666666666667;10.0;13.0;-3.0;10.0
4209;10.16;10.0;13.0;-3.0;10.0
4219;10.12;10.0;13.0;-3.0;10.0
4229;10.073333333333334;10.0;13.0;-3.0;10.0
4239;10.126666666666667;10.0;13.0;-3.0;10.0
4249;10.093333333333334;10.0;13.0;-3.0;10.0
4259;10.106666666666667;10.0;13.0;-3.0;10.0
4269;10.096666666666666;10.0;13.0;-3.0;10.0
4279;10.153333333333334;10.0;13.0;-3.0;10.0
4289;10.126666666666667;10.0;13.0;-3.0;10.0
4299;10.21;10.0;13.0;-3.0;10.0
4309;10.133333333333333;10.0;13.0;-3.0;10.0
4319;10.096666666666666;10.0;13.0;-3.0;10.0
4329;10.2;10.0;13.0;-3.0;10.0
4339;10.146666666666667;10.0;13.0;-3.0;10.0
4349;10.11;10.0;13.0;-3.0;10.0
4359;10.116666666666667;10.0;13.0;-3.0;10.0
4369;10.133333333333333;10.0;13.0;-3.0;10.0
4379;10.06;10.0;13.0;-3.0;10.0
4389;10.113333333333333;10.0;13.0;-3.0;10.0
4399;10.156666666666666;10.0;13.0;-3.0;10.0
4409;10.126666666666667;10.0;13.0;-3.0;10.0
4419;10.09;10.0;13.0;-3.0;10.0
4429;10.116666666666667;10.0;13.0;-3.0;10.0
4439;10.133333333333333;10.0;13.0;-3.0;10.0
4449;10.126666666666667;10.0;13.0;-3.0;10.0
4459;10.056666666666667;10.0;13.0;-3.0;10.0
4469;10.08;10.0;13.0;-3.0;10.0
4479;10.09;10.0;13.0;-3.0;10.0
4489;10.11;10.0;13.0;-3.0;10.0
4499;10.113333333333333;10.0;13.0;-3.0;10.0
4509;10.113333333333333;10.0;13.0;-3.0;10.0
4519;10.106666666666667;10.0;13.0;-3.0;10.0
4529;10.16;10.0;13.0;-3.0;10.0
4539;10.126666666666667;10.0;13.0;-3.0;10.0
4549;10.09;10.0;13.0;-3.0;10.0
4559;10.113333333333333;10.0;13.0;-3.0;10.0
4569;10.093333333333334;10.0;13.0;-3.0;10.0
4579;10.123333333333333;10.0;13.0;-3.0;10.0
4589;10.08;10.0;13.0;-3.0;10.0
4599;10.106666666666667;10.0;13.0;-3.0;10.0
4609;10.086666666666666;10.0;13.0;-3.0;10.0
4619;10.093333333333334;10.0;13.0;-3.0;10.0
4629;10.146666666666667;10.0;13.0;-3.0;10.0
4639;10.1;10.0;13.0;-3.0;10.0
4649;10.08;10.0;13.0;-3.0;10.0
4659;10.12;10.0;13.0;-3.0;10.0
4669;10.106666666666667;10.0;13.0;-3.0;10.0
4679;10.096666666666666;10.0;13.0;-3.0;10.0
4689;10.103333333333333;10.0;13.0;-3.0;10.0
4699;10.08;10.0;13.0;-3.0;10.0
4709;10.116666666666667;10.0;13.0;-3.0;10.0
4719;10.163333333333334;10.0;13.0;-3.0;10.0
4729;10.123333333333333;10.0;13.0;-3.0;10.0
4739;10.14;10.0;13.0;-3.0;10.0
4749;10.106666666666667;10.0;13.0;-3.0;10.0
4759;10.116666666666667;10.0;13.0;-3.0;10.0
4769;10.093333333333334;10.0;13.0;-3.0;10.0
4779;10.086666666666666;10.0;13.0;-3.0;10.0
4789;10.126666666666667;10.0;13.0;-3.0;10.0
4799;10.06;10.0;13.0;-3.0;10.0
4809;10.113333333333333;10.0;13.0;-3.0;10.0
4819;10.13;10.0;13.0;-3.0;10.0
4829;10.096666666666666;10.0;13.0;-3.0;10.0
4839;10.026666666666667;10.0;12.0;-2.0;10.0
4849;10.103333333333333;10.0;13.0;-3.0;10.0
4859;10.163333333333334;10.0;13.0;-3.0;10.0
4869;10.123333333333333;10.0;13.0;-3.0;10.0
4879;10.093333333333334;10.0;13.0;-3.0;10.0
4889;10.106666666666667;10.0;13.0;-3.0;10.0
4899;10.08;10.0;13.0;-3.0;10.0
4909;10.133333333333333;10.0;13.0;-3.0;10.0
4919;10.113333333333333;10.0;13.0;-3.0;10.0
4929;10.13;10.0;13.0;-3.0;10.0
4939;10.176666666666666;10.0;13.0;-3.0;10.0
4949;10.126666666666667;10.0;13.0;-3.0;10.0
4959;10.1;10.0;13.0;-3.0;10.0
4969;10.106666666666667;10.0;13.0;-3.0;10.0
4979;10.133333333333333;10.0;13.0;-3.0;10.0
4989;10.106666666666667;10.0;13.0;-3.0;10.0
4999;10.116666666666667;10.0;13.0;-3.0;10.0
5009;10.1;10.0;13.0;-3.0;10.0
5019;10.073333333333334;10.0;13.0;-3.0;10.0
5029;10.166666666666666;10.0;13.0;-3.0;10.0
5039;10.173333333333334;10.0;13.0;-3.0;10.0
5049;10.09;10.0;13.0;-3.0;10.0
5059;10.073333333333334;10.0;13.0;-3.0;10.0
5069;10.106666666666667;10.0;13.0;-3.0;10.0
5079;10.1;10.0;13.0;-3.0;10.0
5089;10.106666666666667;10.0;13.0;-3.0;10.0
5099;10.123333333333333;10.0;13.0;-3.0;10.0
5109;10.13;10.0;13.0;-3.0;10.0
5119;10.113333333333333;10.0;13.0;-3.0;10.0
5129;10.076666666666666;10.0;13.0;-3.0;10.0
5139;10.103333333333333;10.0;13.0;-3.0;10.0
5149;10.113333333333333;10.0;13.0;-3.0;10.0
5159;10.096666666666666;10.0;13.0;-3.0;10.0
5169;10.126666666666667;10.0;13.0;-3.0;10.0
5179;10.14;10.0;13.0;-3.0;10.0
5189;10.14;10.0;13.0;-3.0;10.0
5199;10.166666666666666;10.0;13.0;-3.0;10.0
5209;10.176666666666666;10.0;13.0;-3.0;10.0
5219;10.083333333333334;10.0;13.0;-3.0;10.0
5229;10.113333333333333;10.0;13.0;-3.0;10.0
5239;10.11;10.0;13.0;-3.0;10.0
5249;10.056666666666667;10.0;13.0;-3.0;10.0
5259;10.12;10.0;13.0;-3.0;10.0
5269;10.09;10.0;13.0;-3.0;10.0
5279;10.103333333333333;10.0;13.0;-3.0;10.0
5289;10.08;10.0;13.0;-3.0;10.0
5299;10.106666666666667;10.0;13.0;-3.0;10.0
5309;10.073333333333334;10.0;13.0;-3.0;10.0
5319;10.146666666666667;10.0;13.0;-3.0;10.0
5329;10.116666666666667;10.0;13.0;-3.0;10.0
5339;10.17;10.0;13.0;-3.0;10.0
5349;10.13;10.0;13.0;-3.0;10.0
5359;10.096666666666666;10.0;13.0;-3.0;10.0
5369;10.146666666666667;10.0;13.0;-3.0;10.0
5379;10.106666666666667;10.0;13.0;-3.0;10.0
5389;10.066666666666666;10.0;13.0;-3.0;10.0
5399;10.093333333333334;10.0;13.0;-3.0;10.0
5409;10.13;10.0;13.0;-3.0;10.0
5419;10.07;10.0;13.0;-3.0;10.0
5429;10.07;10.0;13.0;-3.0;10.0
5439;10.08;10.0;13.0;-3.0;10.0
5449;10.136666666666667;10.0;13.0;-3.0;10.0
5459;10.126666666666667;10.0;13.0;-3.0;10.0
5469;10.116666666666667;10.0;13.0;-3.0;10.0
5479;10.086666666666666;10.0;13.0;-3.0;10.0
5489;10.086666666666666;10.0;13.0;-3.0;10.0
5499;10.116666666666667;10.0;13.0;-3.0;10.0
5509;10.13;10.0;13.0;-3.0;10.0
5519;10.113333333333333;10.0;13.0;-3.0;10.0
5529;10.106666666666667;10.0;13.0;-3.0;10.0
5539;10.06;10.0;13.0;-3.0;10.0
5549;10.146666666666667;10.0;13.0;-3.0;10.0
5559;10.113333333333333;10.0;13.0;-3.0;10.0
5569;10.163333333333334;10.0;13.0;-3.0;10.0
5579;10.16;10.0;13.0;-3.0;10.0
5589;10.13;10.0;13.0;-3.0;10.0
5599;10.07;10.0;13.0;-3.0;10.0
5609;10.13;10.0;13.0;-3.0;10.0
5619;10.18;10.0;13.0;-3.0;10.0
5629;10.136666666666667;10.0;13.0;-3.0;10.0
5639;10.13;10.0;13.0;-3.0;10.0
5649;10.126666666666667;10.0;13.0;-3.0;10.0
5659;10.086666666666666;10.0;13.0;-3.0;10.0
5669;10.07;10.0;13.0;-3.0;10.0
5679;10.11;10.0;13.0;-3.0;10.0
5689;10.126666666666667;10.0;13.0;-3.0;10.0
5699;10.08;10.0;13.0;-3.0;10.0
5709;10.073333333333334;10.0;13.0;-3.0;10.0
5719;10.13;10.0;13.0;-3.0;10.0
5729;10.106666666666667;10.0;13.0;-3.0;10.0
5739;10.126666666666667;10.0;13.0;-3.0;10.0
5749;10.136666666666667;10.0;13.0;-3.0;10.0
5759;10.076666666666666;10.0;13.0;-3.0;10.0
5769;10.06;10.0;13.0;-3.0;10.0
5779;10.166666666666666;10.0;13.0;-3.0;10.0
5789;10.076666666666666;10.0;13.0;-3.0;10.0
5799;10.12;10.0;13.0;-3.0;10.0
5809;10.16;10.0;13.0;-3.0;10.0
5819;10.11;10.0;13.0;-3.0;10.0
5829;10.16;10.0;13.0;-3.0;10.0
5839;10.15;10.0;13.0;-3.0;10.0
5849;10.17;10.0;13.0;-3.0;10.0
5859;10.1;10.0;13.0;-3.0;10.0
5869;10.136666666666667;10.0;13.0;-3.0;10.0
5879;10.1;10.0;13.0;-3.0;10.0
5889;10.036666666666667;10.0;13.0;-3.0;10.0
5899;10.1;10.0;13.0;-3.0;10.0
5909;10.12;10.0;13.0;-3.0;10.0
5919;10.123333333333333;10.0;13.0;-3.0;10.0
5929;10.083333333333334;10.0;13.0;-3.0;10.0
5939;10.086666666666666;10.0;13.0;-3.0;10.0
5949;10.16;10.0;13.0;-3.0;10.0
5959;10.133333333333333;10.0;13.0;-3.0;10.0
5969;10.113333333333333;10.0;13.0;-3.0;10.0
5979;10.093333333333334;10.0;13.0;-3.0;10.0
5989;10.15;10.0;13.0;-3.0;10.0
5999;10.156666666666666;10.0;13.0;-3.0;10.0
6009;10.12;10.0;13.0;-3.0;10.0
6019;10.093333333333334;10.0;13.0;-3.0;10.0
6029;10.096666666666666;10.0;13.0;-3.0;10.0
6039;10.156666666666666;10.0;13.0;-3.0;10.0
6049;10.17;10.0;13.0;-3.0;10.0
6059;10.11;10.0;13.0;-3.0;10.0
6069;10.076666666666666;10.0;13.0;-3.0;10.0
6079;10.093333333333334;10.0;13.0;-3.0;10.0
6089;10.153333333333334;10.0;13.0;-3.0;10.0
6099;10.123333333333333;10.0;13.0;-3.0;10.0
6109;10.15;10.0;13.0;-3.0;10.0
6119;10.15;10.0;13.0;-3.0;10.0
6129;10.106666666666667;10.0;13.0;-3.0;10.0
6139;10.133333333333333;10.0;13.0;-3.0;10.0
6149;10.073333333333334;10.0;13.0;-3.0;10.0
6159;10.173333333333334;10.0;13.0;-3.0;10.0
6169;10.153333333333334;10.0;13.0;-3.0;10.0
6179;10.133333333333333;10.0;13.0;-3.0;10.0
6189;10.113333333333333;10.0;13.0;-3.0;10.0
6199;10.093333333333334;10.0;13.0;-3.0;10.0
6209;10.14;10.0;13.0;-3.0;10.0
6219;10.13;10.0;13.0;-3.0;10.0
6229;10.086666666666666;10.0;13.0;-3.0;10.0
6239;10.116666666666667;10.0;13.0;-3.0;10.0
6249;10.136666666666667;10.0;13.0;-3.0;10.0
6259;10.126666666666667;10.0;13.0;-3.0;10.0
6269;10.096666666666666;10.0;13.0;-3.0;10.0
6279;10.15;10.0;13.0;-3.0;10.0
6289;10.1;10.0;13.0;-3.0;10.0
6299;10.12;10.0;13.0;-3.0;10.0
6309;10.1;10.0;13.0;-3.0;10.0
6319;10.133333333333333;10.0;13.0;-3.0;10.0
6329;10.096666666666666;10.0;13.0;-3.0;10.0
6339;10.093333333333334;10.0;13.0;-3.0;10.0
6349;10.136666666666667;10.0;13.0;-3.0;10.0
6359;10.123333333333333;10.0;13.0;-3.0;10.0
6369;10.106666666666667;10.0;13.0;-3.0;10.0
6379;10.096666666666666;10.0;13.0;-3.0;10.0
6389;10.103333333333333;10.0;13.0;-3.0;10.0
6399;10.116666666666667;10.0;13.0;-3.0;10.0
6409;10.126666666666667;10.0;13.0;-3.0;10.0
6419;10.1;10.0;13.0;-3.0;10.0
6429;10.1;10.0;13.0;-3.0;10.0
6439;10.163333333333334;10.0;13.0;-3.0;10.0
6449;10.14;10.0;13.0;-3.0;10.0
6459;10.096666666666666;10.0;13.0;-3.0;10.0
6469;10.093333333333334;10.0;13.0;-3.0;10.0
6479;10.14;10.0;13.0;-3.0;10.0
6489;10.13;10.0;13.0;-3.0;10.0
6499;10.096666666666666;10.0;13.0;-3.0;10.0
6509;10.16;10.0;13.0;-3.0;10.0
6519;10.07;10.0;13.0;-3.0;10.0
6529;10.063333333333333;10.0;13.0;-3.0;10.0
6539;10.12;10.0;13.0;-3.0;10.0
6549;10.123333333333333;10.0;13.0;-3.0;10.0
6559;10.126666666666667;10.0;13.0;-3.0;10.0
6569;10.136666666666667;10.0;13.0;-3.0;10.0
6579;10.133333333333333;10.0;13.0;-3.0;10.0
6589;10.093333333333334;10.0;13.0;-3.0;10.0
6599;10.12;10.0;13.0;-3.0;10.0
6609;10.16;10.0;13.0;-3.0;10.0
6619;10.133333333333333;10.0;13.0;-3.0;10.0
6629;10.22;10.0;13.0;-3.0;10.0
6639;10.136666666666667;10.0;13.0;-3.0;10.0
6649;10.146666666666667;10.0;13.0;-3.0;10.0
6659;10.146666666666667;10.0;13.0;-3.0;10.0
6669;10.163333333333334;10.0;13.0;-3.0;10.0
6679;10.1;10.0;13.0;-3.0;10.0
6689;10.083333333333334;10.0;13.0;-3.0;10.0
6699;10.126666666666667;10.0;13.0;-3.0;10.0
6709;10.136666666666667;10.0;13.0;-3.0;10.0
6719;10.143333333333333;10.0;13.0;-3.0;10.0
6729;10.086666666666666;10.0;13.0;-3.0;10.0
6739;10.143333333333333;10.0;13.0;-3.0;10.0
6749;10.146666666666667;10.0;13.0;-3.0;10.0
6759;10.12;10.0;13.0;-3.0;10.0
6769;10.11;10.0;13.0;-3.0;10.0
6779;10.13;10.0;13.0;-3.0;10.0
6789;10.086666666666666;10.0;13.0;-3.0;10.0
6799;10.143333333333333;10.0;13.0;-3.0;10.0
6809;10.11;10.0;13.0;-3.0;10.0
6819;10.106666666666667;10.0;13.0;-3.0;10.0
6829;10.143333333333333;10.0;13.0;-3.0;10.0
6839;10.126666666666667;10.0;13.0;-3.0;10.0
6849;10.09;10.0;13.0;-3.0;10.0
6859;10.066666666666666;10.0;13.0;-3.0;10.0
6869;10.086666666666666;10.0;13.0;-3.0;10.0
6879;10.076666666666666;10.0;13.0;-3.0;10.0
6889;10.113333333333333;10.0;13.0;-3.0;10.0
6899;10.09;10.0;13.0;-3.0;10.0
6909;10.116666666666667;10.0;13.0;-3.0;10.0
6919;10.093333333333334;10.0;13.0;-3.0;10.0
6929;10.133333333333333;10.0;13.0;-3.0;10.0
6939;10.123333333333333;10.0;13.0;-3.0;10.0
6949;10.093333333333334;10.0;13.0;-3.0;10.0
6959;10.103333333333333;10.0;13.0;-3.0;10.0
6969;10.09;10.0;13.0;-3.0;10.0
6979;10.043333333333333;10.0;13.0;-3.0;10.0
6989;10.203333333333333;10.0;13.0;-3.0;10.0
6999;10.16;10.0;13.0;-3.0;10.0
7009;10.136666666666667;10.0;13.0;-3.0;10.0
7019;10.09;10.0;13.0;-3.0;10.0
7029;10.056666666666667;10.0;13.0;-3.0;10.0
7039;10.126666666666667;10.0;13.0;-3.0;10.0
7049;10.04;10.0;13.0;-3.0;10.0
7059;10.106666666666667;10.0;13.0;-3.0;10.0
7069;10.113333333333333;10.0;13.0;-3.0;10.0
7079;10.13;10.0;13.0;-3.0;10.0
7089;10.12;10.0;13.0;-3.0;10.0
7099;10.113333333333333;10.0;13.0;-3.0;10.0
7109;10.063333333333333;10.0;13.0;-3.0;10.0
7119;10.123333333333333;10.0;13.0;-3.0;10.0
7129;10.083333333333334;10.0;13.0;-3.0;10.0
7139;10.11;10.0;13.0;-3.0;10.0
7149;10.123333333333333;10.0;13.0;-3.0;10.0
7159;10.09;10.0;13.0;-3.0;10.0
7169;10.086666666666666;10.0;13.0;-3.0;10.0
7179;10.126666666666667;10.0;13.0;-3.0;10.0
7189;10.133333333333333;10.0;13.0;-3.0;10.0
7199;10.133333333333333;10.0;13.0;-3.0;10.0
7209;10.096666666666666;10.0;13.0;-3.0;10.0
7219;10.09;10.0;13.0;-3.0;10.0
7229;10.06;10.0;13.0;-3.0;10.0
7239;10.096666666666666;10.0;13.0;-3.0;10.0
7249;10.11;10.0;13.0;-3.0;10.0
7259;10.096666666666666;10.0;13.0;-3.0;10.0
7269;10.106666666666667;10.0;13.0;-3.0;10.0
7279;10.093333333333334;10.0;13.0;-3.0;10.0
7289;10.103333333333333;10.0;13.0;-3.0;10.0
7299;10.156666666666666;10.0;13.0;-3.0;10.0
7309;10.15;10.0;13.0;-3.0;10.0
7319;10.133333333333333;10.0;13.0;-3.0;10.0
7329;10.123333333333333;10.0;13.0;-3.0;10.0
7339;10.066666666666666;10.0;13.0;-3.0;10.0
7349;10.116666666666667;10.0;13.0;-3.0;10.0
7359;10.106666666666667;10.0;13.0;-3.0;10.0
7369;10.163333333333334;10.0;13.0;-3.0;10.0
7379;10.113333333333333;10.0;13.0;-3.0;10.0
7389;10.19;10.0;13.0;-3.0;10.0
7399;10.073333333333334;10.0;13.0;-3.0;10.0
7409;10.113333333333333;10.0;13.0;-3.0;10.0
7419;10.09;10.0;13.0;-3.0;10.0
7429;10.056666666666667;10.0;13.0;-3.0;10.0
7439;10.073333333333334;10.0;13.0;-3.0;10.0
7449;10.056666666666667;10.0;13.0;-3.0;10.0
7459;10.136666666666667;10.0;13.0;-3.0;10.0
7469;10.146666666666667;10.0;13.0;-3.0;10.0
7479;10.086666666666666;10.0;13.0;-3.0;10.0
7489;10.093333333333334;10.0;13.0;-3.0;10.0
7499;10.123333333333333;10.0;13.0;-3.0;10.0
7509;10.133333333333333;10.0;13.0;-3.0;10.0
7519;10.073333333333334;10.0;13.0;-3.0;10.0
7529;10.073333333333334;10.0;13.0;-3.0;10.0
7539;10.12;10.0;13.0;-3.0;10.0
7549;10.136666666666667;10.0;13.0;-3.0;10.0
7559;10.12;10.0;13.0;-3.0;10.0
7569;10.096666666666666;10.0;13.0;-3.0;10.0
7579;10.096666666666666;10.0;13.0;-3.0;10.0
7589;10.14;10.0;13.0;-3.0;10.0
7599;10.16;10.0;13.0;-3.0;10.0
7609;10.133333333333333;10.0;13.0;-3.0;10.0
7619;10.133333333333333;10.0;13.0;-3.0;10.0
7629;10.083333333333334;10.0;13.0;-3.0;10.0
7639;10.08;10.0;13.0;-3.0;10.0
7649;10.126666666666667;10.0;13.0;-3.0;10.0
7659;10.06;10.0;13.0;-3.0;10.0
7669;10.183333333333334;10.0;13.0;-3.0;10.0
7679;10.16;10.0;13.0;-3.0;10.0
7689;10.073333333333334;10.0;13.0;-3.0;10.0
7699;10.156666666666666;10.0;13.0;-3.0;10.0
7709;10.15;10.0;13.0;-3.0;10.0
7719;10.073333333333334;10.0;13.0;-3.0;10.0
7729;10.123333333333333;10.0;13.0;-3.0;10.0
7739;10.113333333333333;10.0;13.0;-3.0;10.0
7749;10.176666666666666;10.0;13.0;-3.0;10.0
7759;10.153333333333334;10.0;13.0;-3.0;10.0
7769;10.123333333333333;10.0;13.0;-3.0;10.0
7779;10.123333333333333;10.0;13.0;-3.0;10.0
7789;10.076666666666666;10.0;13.0;-3.0;10.0
7799;10.156666666666666;10.0;13.0;-3.0;10.0
7809;10.103333333333333;10.0;13.0;-3.0;10.0
7819;10.086666666666666;10.0;13.0;-3.0;10.0
7829;10.183333333333334;10.0;13.0;-3.0;10.0
7839;10.076666666666666;10.0;13.0;-3.0;10.0
7849;10.186666666666667;10.0;13.0;-3.0;10.0
7859;10.15;10.0;13.0;-3.0;10.0
7869;10.163333333333334;10.0;13.0;-3.0;10.0
7879;10.086666666666666;10.0;13.0;-3.0;10.0
7889;10.136666666666667;10.0;13.0;-3.0;10.0
7899;10.13;10.0;13.0;-3.0;10.0
7909;10.03;10.0;13.0;-3.0;10.0
7919;10.106666666666667;10.0;13.0;-3.0;10.0
7929;10.176666666666666;10.0;13.0;-3.0;10.0
7939;10.193333333333333;10.0;13.0;-3.0;10.0
7949;10.196666666666667;10.0;13.0;-3.0;10.0
7959;10.106666666666667;10.0;13.0;-3.0;10.0
7969;10.093333333333334;10.0;13.0;-3.0;10.0
7979;10.136666666666667;10.0;13.0;-3.0;10.0
7989;10.083333333333334;10.0;13.0;-3.0;10.0
7999;10.203333333333333;10.0;13.0;-3.0;10.0
8009;10.15;10.0;13.0;-3.0;10.0
8019;10.12;10.0;13.0;-3.0;10.0
8029;10.13;10.0;13.0;-3.0;10.0
8039;10.076666666666666;10.0;13.0;-3.0;10.0
8049;10.12;10.0;13.0;-3.0;10.0
8059;10.123333333333333;10.0;13.0;-3.0;10.0
8069;10.116666666666667;10.0;13.0;-3.0;10.0
8079;10.12;10.0;13.0;-3.0;10.0
8089;10.106666666666667;10.0;13.0;-3.0;10.0
8099;10.123333333333333;10.0;13.0;-3.0;10.0
8109;10.11;10.0;13.0;-3.0;10.0
8119;10.176666666666666;10.0;13.0;-3.0;10.0
8129;10.136666666666667;10.0;13.0;-3.0;10.0
8139;10.166666666666666;10.0;13.0;-3.0;10.0
8149;10.113333333333333;10.0;13.0;-3.0;10.0
8159;10.116666666666667;10.0;13.0;-3.0;10.0
8169;10.156666666666666;10.0;13.0;-3.0;10.0
8179;10.086666666666666;10.0;13.0;-3.0;10.0
8189;10.096666666666666;10.0;13.0;-3.0;10.0
8199;10.11;10.0;13.0;-3.0;10.0
8209;10.15;10.0;13.0;-3.0;10.0
8219;10.1;10.0;13.0;-3.0;10.0
8229;10.13;10.0;13.0;-3.0;10.0
8239;10.19;10.0;13.0;-3.0;10.0
8249;10.056666666666667;10.0;13.0;-3.0;10.0
8259;10.14;10.0;13.0;-3.0;10.0
8269;10.076666666666666;10.0;13.0;-3.0;10.0
8279;10.133333333333333;10.0;13.0;-3.0;10.0
8289;10.11;10.0;13.0;-3.0;10.0
8299;10.083333333333334;10.0;13.0;-3.0;10.0
8309;10.173333333333334;10.0;13.0;-3.0;10.0
8319;10.136666666666667;10.0;13.0;-3.0;10.0
8329;10.146666666666667;10.0;13.0;-3.0;10.0
8339;10.103333333333333;10.0;13.0;-3.0;10.0
8349;10.136666666666667;10.0;13.0;-3.0;10.0
8359;10.123333333333333;10.0;13.0;-3.0;10.0
8369;10.1;10.0;13.0;-3.0;10.0
8379;10.09;10.0;13.0;-3.0;10.0
8389;10.083333333333334;10.0;13.0;-3.0;10.0
8399;10.183333333333334;10.0;13.0;-3.0;10.0
8409;10.126666666666667;10.0;13.0;-3.0;10.0
8419;10.096666666666666;10.0;13.0;-3.0;10.0
8429;10.133333333333333;10.0;13.0;-3.0;10.0
8439;10.126666666666667;10.0;13.0;-3.0;10.0
8449;10.14;10.0;13.0;-3.0;10.0
8459;10.13;10.0;13.0;-3.0;10.0
8469;10.15;10.0;13.0;-3.0;10.0
8479;10.106666666666667;10.0;13.0;-3.0;10.0
8489;10.16;10.0;13.0;-3.0;10.0
8499;10.103333333333333;10.0;13.0;-3.0;10.0
8509;10.1;10.0;13.0;-3.0;10.0
8519;10.093333333333334;10.0;13.0;-3.0;10.0
8529;10.116666666666667;10.0;13.0;-3.0;10.0
8539;10.146666666666667;10.0;13.0;-3.0;10.0
8549;10.096666666666666;10.0;13.0;-3.0;10.0
8559;10.126666666666667;10.0;13.0;-3.0;10.0
8569;10.116666666666667;10.0;13.0;-3.0;10.0
8579;10.126666666666667;10.0;13.0;-3.0;10.0
8589;10.16;10.0;13.0;-3.0;10.0
8599;10.073333333333334;10.0;13.0;-3.0;10.0
8609;10.15;10.0;13.0;-3.0;10.0
8619;10.106666666666667;10.0;13.0;-3.0;10.0
8629;10.086666666666666;10.0;13.0;-3.0;10.0
8639;10.13;10.0;13.0;-3.0;10.0
8649;10.046666666666667;10.0;13.0;-3.0;10.0
8659;10.136666666666667;10.0;13.0;-3.0;10.0
8669;10.146666666666667;10.0;13.0;-3.0;10.0
8679;10.14;10.0;13.0;-3.0;10.0
8689;10.08;10.0;13.0;-3.0;10.0
8699;10.106666666666667;10.0;13.0;-3.0;10.0
8709;10.12;10.0;13.0;-3.0;10.0
8719;10.123333333333333;10.0;13.0;-3.0;10.0
8729;10.083333333333334;10.0;13.0;-3.0;10.0
8739;10.1;10.0;13.0;-3.0;10.0
8749;10.116666666666667;10.0;13.0;-3.0;10.0
8759;10.166666666666666;10.0;13.0;-3.0;10.0
8769;10.126666666666667;10.0;13.0;-3.0;10.0
8779;10.09;10.0;13.0;-3.0;10.0
8789;10.113333333333333;10.0;13.0;-3.0;10.0
8799;10.08;10.0;13.0;-3.0;10.0
8809;10.123333333333333;10.0;13.0;-3.0;10.0
8819;10.143333333333333;10.0;13.0;-3.0;10.0
8829;10.083333333333334;10.0;13.0;-3.0;10.0
8839;10.123333333333333;10.0;13.0;-3.0;10.0
8849;10.126666666666667;10.0;13.0;-3.0;10.0
8859;10.14;10.0;13.0;-3.0;10.0
8869;10.15;10.0;13.0;-3.0;10.0
8879;10.143333333333333;10.0;13.0;-3.0;10.0
8889;10.11;10.0;13.0;-3.0;10.0
8899;10.17;10.0;13.0;-3.0;10.0
8909;10.113333333333333;10.0;13.0;-3.0;10.0
8919;10.113333333333333;10.0;13.0;-3.0;10.0
8929;10.09;10.0;13.0;-3.0;10.0
8939;10.136666666666667;10.0;13.0;-3.0;10.0
8949;10.043333333333333;10.0;13.0;-3.0;10.0
8959;10.11;10.0;13.0;-3.0;10.0
8969;10.13;10.0;13.0;-3.0;10.0
8979;10.116666666666667;10.0;13.0;-3.0;10.0
8989;10.166666666666666;10.0;13.0;-3.0;10.0
8999;10.113333333333333;10.0;13.0;-3.0;10.0
9009;10.173333333333334;10.0;13.0;-3.0;10.0
9019;10.11;10.0;13.0;-3.0;10.0
9029;10.13;10.0;13.0;-3.0;10.0
9039;10.086666666666666;10.0;13.0;-3.0;10.0
9049;10.056666666666667;10.0;13.0;-3.0;10.0
9059;10.106666666666667;10.0;13.0;-3.0;10.0
9069;10.113333333333333;10.0;13.0;-3.0;10.0
9079;10.126666666666667;10.0;13.0;-3.0;10.0
9089;10.12;10.0;13.0;-3.0;10.0
9099;10.14;10.0;13.0;-3.0;10.0
9109;10.123333333333333;10.0;13.0;-3.0;10.0
9119;10.123333333333333;10.0;13.0;-3.0;10.0
9129;10.143333333333333;10.0;13.0;-3.0;10.0
9139;10.126666666666667;10.0;13.0;-3.0;10.0
9149;10.083333333333334;10.0;13.0;-3.0;10.0
9159;10.103333333333333;10.0;13.0;-3.0;10.0
9169;10.11;10.0;13.0;-3.0;10.0
9179;10.123333333333333;10.0;13.0;-3.0;10.0
9189;10.093333333333334;10.0;13.0;-3.0;10.0
9199;10.1;10.0;13.0;-3.0;10.0
9209;10.14;10.0;13.0;-3.0;10.0
9219;10.05;10.0;13.0;-3.0;10.0
9229;10.096666666666666;10.0;13.0;-3.0;10.0
9239;10.146666666666667;10.0;13.0;-3.0;10.0
9249;10.063333333333333;10.0;13.0;-3.0;10.0
9259;10.11;10.0;13.0;-3.0;10.0
9269;10.18;10.0;13.0;-3.0;10.0
9279;10.106666666666667;10.0;13.0;-3.0;10.0
9289;10.136666666666667;10.0;13.0;-3.0;10.0
9299;10.083333333333334;10.0;13.0;-3.0;10.0
9309;10.143333333333333;10.0;13.0;-3.0;10.0
9319;10.07;10.0;13.0;-3.0;10.0
9329;10.073333333333334;10.0;13.0;-3.0;10.0
9339;10.21;10.0;13.0;-3.0;10.0
9349;10.1;10.0;13.0;-3.0;10.0
9359;10.17;10.0;13.0;-3.0;10.0
9369;10.123333333333333;10.0;13.0;-3.0;10.0
9379;10.113333333333333;10.0;13.0;-3.0;10.0
9389;10.083333333333334;10.0;13.0;-3.0;10.0
9399;10.166666666666666;10.0;13.0;-3.0;10.0
9409;10.14;10.0;13.0;-3.0;10.0
9419;10.116666666666667;10.0;13.0;-3.0;10.0
9429;10.063333333333333;10.0;13.0;-3.0;10.0
9439;10.136666666666667;10.0;13.0;-3.0;10.0
9449;10.083333333333334;10.0;13.0;-3.0;10.0
9459;10.083333333333334;10.0;13.0;-3.0;10.0
9469;10.173333333333334;10.0;13.0;-3.0;10.0
9479;10.136666666666667;10.0;13.0;-3.0;10.0
9489;10.123333333333333;10.0;13.0;-3.0;10.0
9499;10.113333333333333;10.0;13.0;-3.0;10.0
9509;10.053333333333333;10.0;13.0;-3.0;10.0
9519;10.146666666666667;10.0;13.0;-3.0;10.0
9529;10.093333333333334;10.0;13.0;-3.0;10.0
9539;10.11;10.0;13.0;-3.0;10.0
9549;10.126666666666667;10.0;13.0;-3.0;10.0
9559;10.14;10.0;13.0;-3.0;10.0
9569;10.12;10.0;13.0;-3.0;10.0
9579;10.14;10.0;13.0;-3.0;10.0
9589;10.126666666666667;10.0;13.0;-3.0;10.0
9599;10.096666666666666;10.0;13.0;-3.0;10.0
9609;10.06;10.0;13.0;-3.0;10.0
9619;10.093333333333334;10.0;13.0;-3.0;10.0
9629;10.09;10.0;13.0;-3.0;10.0
9639;10.11;10.0;13.0;-3.0;10.0
9649;10.116666666666667;10.0;13.0;-3.0;10.0
9659;10.083333333333334;10.0;13.0;-3.0;10.0
9669;10.106666666666667;10.0;13.0;-3.0;10.0
9679;10.123333333333333;10.0;13.0;-3.0;10.0
9689;10.116666666666667;10.0;13.0;-3.0;10.0
9699;10.173333333333334;10.0;13.0;-3.0;10.0
9709;10.11;10.0;13.0;-3.0;10.0
9719;10.146666666666667;10.0;13.0;-3.0;10.0
9729;10.15;10.0;13.0;-3.0;10.0
9739;10.126666666666667;10.0;13.0;-3.0;10.0
9749;10.073333333333334;10.0;13.0;-3.0;10.0
9759;10.13;10.0;13.0;-3.0;10.0
9769;10.113333333333333;10.0;13.0;-3.0;10.0
9779;10.13;10.0;13.0;-3.0;10.0
9789;10.08;10.0;13.0;-3.0;10.0
9799;10.056666666666667;10.0;13.0;-3.0;10.0
9809;10.103333333333333;10.0;13.0;-3.0;10.0
9819;10.116666666666667;10.0;13.0;-3.0;10.0
9829;10.046666666666667;10.0;13.0;-3.0;10.0
9839;10.113333333333333;10.0;13.0;-3.0;10.0
9849;10.14;10.0;13.0;-3.0;10.0
9859;10.086666666666666;10.0;13.0;-3.0;10.0
9869;10.116666666666667;10.0;13.0;-3.0;10.0
9879;10.11;10.0;13.0;-3.0;10.0
9889;10.08;10.0;13.0;-3.0;10.0
9899;10.163333333333334;10.0;13.0;-3.0;10.0
9909;10.15;10.0;13.0;-3.0;10.0
9919;10.186666666666667;10.0;13.0;-3.0;10.0
9929;10.136666666666667;10.0;13.0;-3.0;10.0
9939;10.126666666666667;10.0;13.0;-3.0;10.0
9949;10.133333333333333;10.0;13.0;-3.0;10.0
9959;10.16;10.0;13.0;-3.0;10.0
9969;10.113333333333333;10.0;13.0;-3.0;10.0
9979;10.116666666666667;10.0;13.0;-3.0;10.0
9989;10.18;10.0;13.0;-3.0;10.0
9999;10.066666666666666;10.0;13.0;-3.0;10.0
10009;10.13;10.0;13.0;-3.0;10.0
10019;10.11;10.0;13.0;-3.0;10.0
10029;10.136666666666667;10.0;13.0;-3.0;10.0
10039;10.126666666666667;10.0;13.0;-3.0;10.0
10049;10.133333333333333;10.0;13.0;-3.0;10.0
10059;10.123333333333333;10.0;13.0;-3.0;10.0
10069;10.206666666666667;10.0;13.0;-3.0;10.0
10079;10.166666666666666;10.0;13.0;-3.0;10.0
10089;10.11;10.0;13.0;-3.0;10.0
10099;10.156666666666666;10.0;13.0;-3.0;10.0
10109;10.133333333333333;10.0;13.0;-3.0;10.0
10119;10.12;10.0;13.0;-3.0;10.0
10129;10.18;10.0;13.0;-3.0;10.0
10139;10.133333333333333;10.0;13.0;-3.0;10.0
10149;10.106666666666667;10.0;13.0;-3.0;10.0
10159;10.12;10.0;13.0;-3.0;10.0
10169;10.123333333333333;10.0;13.0;-3.0;10.0
10179;10.113333333333333;10.0;13.0;-3.0;10.0
10189;10.13;10.0;13.0;-3.0;10.0
10199;10.153333333333334;10.0;13.0;-3.0;10.0
10209;10.14;10.0;13.0;-3.0;10.0
10219;10.116666666666667;10.0;13.0;-3.0;10.0
10229;10.146666666666667;10.0;13.0;-3.0;10.0
10239;10.096666666666666;10.0;13.0;-3.0;10.0
10249;10.113333333333333;10.0;13.0;-3.0;10.0
10259;10.17;10.0;13.0;-3.0;10.0
10269;10.146666666666667;10.0;13.0;-3.0;10.0
10279;10.123333333333333;10.0;13.0;-3.0;10.0
10289;10.156666666666666;10.0;13.0;-3.0;10.0
10299;10.106666666666667;10.0;13.0;-3.0;10.0
10309;10.123333333333333;10.0;13.0;-3.0;10.0
10319;10.08;10.0;13.0;-3.0;10.0
10329;10.076666666666666;10.0;13.0;-3.0;10.0
10339;10.143333333333333;10.0;13.0;-3.0;10.0
10349;10.083333333333334;10.0;13.0;-3.0;10.0
10359;10.126666666666667;10.0;13.0;-3.0;10.0
10369;10.1;10.0;13.0;-3.0;10.0
10379;10.163333333333334;10.0;13.0;-3.0;10.0
10389;10.11;10.0;13.0;-3.0;10.0
10399;10.116666666666667;10.0;13.0;-3.0;10.0
10409;10.12;10.0;13.0;-3.0;10.0
10419;10.103333333333333;10.0;13.0;-3.0;10.0
10429;10.123333333333333;10.0;13.0;-3.0;10.0
10439;10.106666666666667;10.0;13.0;-3.0;10.0
10449;10.116666666666667;10.0;13.0;-3.0;10.0
10459;10.173333333333334;10.0;13.0;-3.0;10.0
10469;10.1;10.0;13.0;-3.0;10.0
10479;10.126666666666667;10.0;13.0;-3.0;10.0
10489;10.073333333333334;10.0;13.0;-3.0;10.0
10499;10.08;10.0;13.0;-3.0;10.0
10509;10.066666666666666;10.0;13.0;-3.0;10.0
10519;10.073333333333334;10.0;13.0;-3.0;10.0
10529;10.16;10.0;13.0;-3.0;10.0
10539;10.093333333333334;10.0;13.0;-3.0;10.0
10549;10.146666666666667;10.0;13.0;-3.0;10.0
10559;10.146666666666667;10.0;13.0;-3.0;10.0
10569;10.116666666666667;10.0;13.0;-3.0;10.0
10579;10.136666666666667;10.0;13.0;-3.0;10.0
10589;10.12;10.0;13.0;-3.0;10.0
10599;10.116666666666667;10.0;13.0;-3.0;10.0
10609;10.083333333333334;10.0;13.0;-3.0;10.0
10619;10.093333333333334;10.0;13.0;-3.0;10.0
10629;10.103333333333333;10.0;13.0;-3.0;10.0
10639;10.143333333333333;10.0;13.0;-3.0;10.0
10649;10.146666666666667;10.0;13.0;-3.0;10.0
10659;10.123333333333333;10.0;13.0;-3.0;10.0
10669;10.16;10.0;13.0;-3.0;10.0
10679;10.16;10.0;13.0;-3.0;10.0
10689;10.113333333333333;10.0;13.0;-3.0;10.0
10699;10.15;10.0;13.0;-3.0;10.0
10709;10.12;10.0;13.0;-3.0;10.0
10719;10.09;10.0;13.0;-3.0;10.0
10729;10.126666666666667;10.0;13.0;-3.0;10.0
10739;10.12;10.0;13.0;-3.0;10.0
10749;10.116666666666667;10.0;13.0;-3.0;10.0
10759;10.13;10.0;13.0;-3.0;10.0
10769;10.07;10.0;13.0;-3.0;10.0
10779;10.096666666666666;10.0;13.0;-3.0;10.0
10789;10.076666666666666;10.0;13.0;-3.0;10.0
10799;10.126666666666667;10.0;13.0;-3.0;10.0
10809;10.14;10.0;13.0;-3.0;10.0
10819;10.13;10.0;13.0;-3.0;10.0
10829;10.146666666666667;10.0;13.0;-3.0;10.0
10839;10.08;10.0;13.0;-3.0;10.0
10849;10.086666666666666;10.0;13.0;-3.0;10.0
10859;10.093333333333334;10.0;13.0;-3.0;10.0
10869;10.09;10.0;13.0;-3.0;10.0
10879;10.103333333333333;10.0;13.0;-3.0;10.0
10889;10.103333333333333;10.0;13.0;-3.0;10.0
10899;10.08;10.0;13.0;-3.0;10.0
10909;10.13;10.0;13.0;-3.0;10.0
10919;10.116666666666667;10.0;13.0;-3.0;10.0
10929;10.18;10.0;13.0;-3.0;10.0
10939;10.106666666666667;10.0;13.0;-3.0;10.0
10949;10.1;10.0;13.0;-3.0;10.0
10959;10.07;10.0;13.0;-3.0;10.0
10969;10.1;10.0;13.0;-3.0;10.0
10979;10.18;10.0;13.0;-3.0;10.0
10989;10.16;10.0;13.0;-3.0;10.0
10999;10.103333333333333;10.0;13.0;-3.0;10.0
11009;10.15;10.0;13.0;-3.0;10.0
11019;10.126666666666667;10.0;13.0;-3.0;10.0
11029;10.14;10.0;13.0;-3.0;10.0
11039;10.186666666666667;10.0;13.0;-3.0;10.0
11049;10.13;10.0;13.0;-3.0;10.0
11059;10.066666666666666;10.0;13.0;-3.0;10.0
11069;10.086666666666666;10.0;13.0;-3.0;10.0
11079;10.113333333333333;10.0;13.0;-3.0;10.0
11089;10.103333333333333;10.0;13.0;-3.0;10.0
11099;10.106666666666667;10.0;13.0;-3.0;10.0
11109;10.103333333333333;10.0;13.0;-3.0;10.0
11119;10.163333333333334;10.0;13.0;-3.0;10.0
11129;10.086666666666666;10.0;13.0;-3.0;10.0
11139;10.093333333333334;10.0;13.0;-3.0;10.0
11149;10.09;10.0;13.0;-3.0;10.0
11159;10.13;10.0;13.0;-3.0;10.0
11169;10.143333333333333;10.0;13.0;-3.0;10.0
11179;10.083333333333334;10.0;13.0;-3.0;10.0
11189;10.16;10.0;13.0;-3.0;10.0
11199;10.113333333333333;10.0;13.0;-3.0;10.0
11209;10.156666666666666;10.0;13.0;-3.0;10.0
11219;10.183333333333334;10.0;13.0;-3.0;10.0
11229;10.13;10.0;13.0;-3.0;10.0
11239;10.106666666666667;10.0;13.0;-3.0;10.0
11249;10.136666666666667;10.0;13.0;-3.0;10.0
11259;10.09;10.0;13.0;-3.0;10.0
11269;10.136666666666667;10.0;13.0;-3.0;10.0
11279;10.143333333333333;10.0;13.0;-3.0;10.0
11289;10.1;10.0;13.0;-3.0;10.0
11299;10.086666666666666;10.0;13.0;-3.0;10.0
11309;10.116666666666667;10.0;13.0;-3.0;10.0
11319;10.153333333333334;10.0;13.0;-3.0;10.0
11329;10.143333333333333;10.0;13.0;-3.0;10.0
11339;10.126666666666667;10.0;13.0;-3.0;10.0
11349;10.143333333333333;10.0;13.0;-3.0;10.0
11359;10.156666666666666;10.0;13.0;-3.0;10.0
11369;10.163333333333334;10.0;13.0;-3.0;10.0
11379;10.146666666666667;10.0;13.0;-3.0;10.0
11389;10.1;10.0;13.0;-3.0;10.0
11399;10.08;10.0;13.0;-3.0;10.0
11409;10.136666666666667;10.0;13.0;-3.0;10.0
11419;10.123333333333333;10.0;13.0;-3.0;10.0
11429;10.106666666666667;10.0;13.0;-3.0;10.0
11439;10.136666666666667;10.0;13.0;-3.0;10.0
11449;10.073333333333334;10.0;13.0;-3.0;10.0
11459;10.14;10.0;13.0;-3.0;10.0
11469;10.093333333333334;10.0;13.0;-3.0;10.0
11479;10.073333333333334;10.0;13.0;-3.0;10.0
11489;10.1;10.0;13.0;-3.0;10.0
11499;10.106666666666667;10.0;13.0;-3.0;10.0
11509;10.143333333333333;10.0;13.0;-3.0;10.0
11519;10.17;10.0;13.0;-3.0;10.0
11529;10.166666666666666;10.0;13.0;-3.0;10.0
11539;10.076666666666666;10.0;13.0;-3.0;10.0
11549;10.12;10.0;13.0;-3.0;10.0
11559;10.14;10.0;13.0;-3.0;10.0
11569;10.126666666666667;10.0;13.0;-3.0;10.0
11579;10.11;10.0;13.0;-3.0;10.0
11589;10.106666666666667;10.0;13.0;-3.0;10.0
11599;10.096666666666666;10.0;13.0;-3.0;10.0
11609;10.116666666666667;10.0;13.0;-3.0;10.0
11619;10.153333333333334;10.0;13.0;-3.0;10.0
11629;10.21;10.0;13.0;-3.0;10.0
11639;10.07;10.0;13.0;-3.0;10.0
11649;10.17;10.0;13.0;-3.0;10.0
11659;10.11;10.0;13.0;-3.0;10.0
11669;10.076666666666666;10.0;13.0;-3.0;10.0
11679;10.126666666666667;10.0;13.0;-3.0;10.0
11689;10.1;10.0;13.0;-3.0;10.0
11699;10.096666666666666;10.0;13.0;-3.0;10.0
11709;10.06;10.0;13.0;-3.0;10.0
11719;10.12;10.0;13.0;-3.0;10.0
11729;10.083333333333334;10.0;13.0;-3.0;10.0
11739;10.093333333333334;10.0;13.0;-3.0;10.0
11749;10.156666666666666;10.0;13.0;-3.0;10.0
11759;10.126666666666667;10.0;13.0;-3.0;10.0
11769;10.116666666666667;10.0;13.0;-3.0;10.0
11779;10.093333333333334;10.0;13.0;-3.0;10.0
11789;10.063333333333333;10.0;13.0;-3.0;10.0
11799;10.086666666666666;10.0;13.0;-3.0;10.0
11809;10.083333333333334;10.0;13.0;-3.0;10.0
11819;10.106666666666667;10.0;13.0;-3.0;10.0
11829;10.083333333333334;10.0;13.0;-3.0;10.0
11839;10.116666666666667;10.0;13.0;-3.0;10.0
11849;10.096666666666666;10.0;13.0;-3.0;10.0
11859;10.146666666666667;10.0;13.0;-3.0;10.0
11869;10.11;10.0;13.0;-3.0;10.0
11879;10.13;10.0;13.0;-3.0;10.0
11889;10.06;10.0;13.0;-3.0;10.0
11899;10.086666666666666;10.0;13.0;-3.0;10.0
11909;10.116666666666667;10.0;13.0;-3.0;10.0
11919;10.136666666666667;10.0;13.0;-3.0;10.0
11929;10.17;10.0;13.0;-3.0;10.0
11939;10.113333333333333;10.0;13.0;-3.0;10.0
11949;10.103333333333333;10.0;13.0;-3.0;10.0
11959;10.083333333333334;10.0;13.0;-3.0;10.0
11969;10.116666666666667;10.0;13.0;-3.0;10.0
11979;10.123333333333333;10.0;13.0;-3.0;10.0
11989;10.056666666666667;10.0;13.0;-3.0;10.0
11999;10.086666666666666;10.0;13.0;-3.0;10.0
12009;10.073333333333334;10.0;13.0;-3.0;10.0
12019;10.083333333333334;10.0;13.0;-3.0;10.0
12029;10.133333333333333;10.0;13.0;-3.0;10.0
12039;10.123333333333333;10.0;13.0;-3.0;10.0
12049;10.05;10.0;13.0;-3.0;10.0
12059;10.083333333333334;10.0;13.0;-3.0;10.0
12069;10.1;10.0;13.0;-3.0;10.0
12079;10.12;10.0;13.0;-3.0;10.0
12089;10.106666666666667;10.0;13.0;-3.0;10.0
12099;10.133333333333333;10.0;13.0;-3.0;10.0
12109;10.13;10.0;13.0;-3.0;10.0
12119;10.116666666666667;10.0;13.0;-3.0;10.0
12129;10.086666666666666;10.0;13.0;-3.0;10.0
12139;10.13;10.0;13.0;-3.0;10.0
12149;10.123333333333333;10.0;13.0;-3.0;10.0
12159;10.083333333333334;10.0;13.0;-3.0;10.0
12169;10.1;10.0;13.0;-3.0;10.0
12179;10.156666666666666;10.0;13.0;-3.0;10.0
12189;10.116666666666667;10.0;13.0;-3.0;10.0
12199;10.183333333333334;10.0;13.0;-3.0;10.0
12209;10.116666666666667;10.0;13.0;-3.0;10.0
12219;10.083333333333334;10.0;13.0;-3.0;10.0
12229;10.106666666666667;10.0;13.0;-3.0;10.0
12239;10.173333333333334;10.0;13.0;-3.0;10.0
12249;10.136666666666667;10.0;13.0;-3.0;10.0
12259;10.07;10.0;13.0;-3.0;10.0
12269;10.163333333333334;10.0;13.0;-3.0;10.0
12279;10.103333333333333;10.0;13.0;-3.0;10.0
12289;10.193333333333333;10.0;13.0;-3.0;10.0
12299;10.093333333333334;10.0;13.0;-3.0;10.0
12309;10.126666666666667;10.0;13.0;-3.0;10.0
12319;10.063333333333333;10.0;13.0;-3.0;10.0
12329;10.113333333333333;10.0;13.0;-3.0;10.0
12339;10.09;10.0;13.0;-3.0;10.0
12349;10.116666666666667;10.0;13.0;-3.0;10.0
12359;10.16;10.0;13.0;-3.0;10.0
12369;10.103333333333333;10.0;13.0;-3.0;10.0
12379;10.16;10.0;13.0;-3.0;10.0
12389;10.126666666666667;10.0;13.0;-3.0;10.0
12399;10.09;10.0;13.0;-3.0;10.0
12409;10.1;10.0;13.0;-3.0;10.0
12419;10.146666666666667;10.0;13.0;-3.0;10.0
12429;10.106666666666667;10.0;13.0;-3.0;10.0
12439;10.1;10.0;13.0;-3.0;10.0
12449;10.073333333333334;10.0;13.0;-3.0;10.0
12459;10.113333333333333;10.0;13.0;-3.0;10.0
12469;10.123333333333333;10.0;13.0;-3.0;10.0
12479;10.116666666666667;10.0;13.0;-3.0;10.0
12489;10.153333333333334;10.0;13.0;-3.0;10.0
12499;10.1;10.0;13.0;-3.0;10.0
12509;10.103333333333333;10.0;13.0;-3.0;10.0
12519;10.193333333333333;10.0;13.0;-3.0;10.0
12529;10.14;10.0;13.0;-3.0;10.0
12539;10.123333333333333;10.0;13.0;-3.0;10.0
12549;10.15;10.0;13.0;-3.0;10.0
12559;10.08;10.0;13.0;-3.0;10.0
12569;10.103333333333333;10.0;13.0;-3.0;10.0
12579;10.14;10.0;13.0;-3.0;10.0
12589;10.08;10.0;13.0;-3.0;10.0
12599;10.11;10.0;13.0;-3.0;10.0
12609;10.08;10.0;13.0;-3.0;10.0
12619;10.146666666666667;10.0;13.0;-3.0;10.0
12629;10.163333333333334;10.0;13.0;-3.0;10.0
12639;10.116666666666667;10.0;13.0;-3.0;10.0
12649;10.073333333333334;10.0;13.0;-3.0;10.0
12659;10.11;10.0;13.0;-3.0;10.0
12669;10.086666666666666;10.0;13.0;-3.0;10.0
12679;10.133333333333333;10.0;13.0;-3.0;10.0
12689;10.08;10.0;13.0;-3.0;10.0
12699;10.106666666666667;10.0;13.0;-3.0;10.0
12709;10.116666666666667;10.0;13.0;-3.0;10.0
12719;10.123333333333333;10.0;13.0;-3.0;10.0
12729;10.113333333333333;10.0;13.0;-3.0;10.0
12739;10.123333333333333;10.0;13.0;-3.0;10.0
12749;10.213333333333333;10.0;13.0;-3.0;10.0
12759;10.103333333333333;10.0;13.0;-3.0;10.0
12769;10.106666666666667;10.0;13.0;-3.0;10.0
12779;10.106666666666667;10.0;13.0;-3.0;10.0
12789;10.1;10.0;13.0;-3.0;10.0
12799;10.08;10.0;13.0;-3.0;10.0
12809;10.126666666666667;10.0;13.0;-3.0;10.0
12819;10.103333333333333;10.0;13.0;-3.0;10.0
12829;10.123333333333333;10.0;13.0;-3.0;10.0
12839;10.193333333333333;10.0;13.0;-3.0;10.0
12849;10.123333333333333;10.0;13.0;-3.0;10.0
12859;10.126666666666667;10.0;13.0;-3.0;10.0
12869;10.16;10.0;13.0;-3.0;10.0
12879;10.126666666666667;10.0;13.0;-3.0;10.0
12889;10.203333333333333;10.0;13.0;-3.0;10.0
12899;10.14;10.0;13.0;-3.0;10.0
12909;10.123333333333333;10.0;13.0;-3.0;10.0
12919;10.116666666666667;10.0;13.0;-3.0;10.0
12929;10.126666666666667;10.0;13.0;-3.0;10.0
12939;10.046666666666667;10.0;13.0;-3.0;10.0
12949;10.1;10.0;13.0;-3.0;10.0
12959;10.09;10.0;13.0;-3.0;10.0
12969;10.133333333333333;10.0;13.0;-3.0;10.0
12979;10.113333333333333;10.0;13.0;-3.0;10.0
12989;10.193333333333333;10.0;13.0;-3.0;10.0
12999;10.116666666666667;10.0;13.0;-3.0;10.0
13009;10.13;10.0;13.0;-3.0;10.0
13019;10.066666666666666;10.0;13.0;-3.0;10.0
13029;10.15;10.0;13.0;-3.0;10.0
13039;10.13;10.0;13.0;-3.0;10.0
13049;10.133333333333333;10.0;13.0;-3.0;10.0
13059;10.09;10.0;13.0;-3.0;10.0
13069;10.173333333333334;10.0;13.0;-3.0;10.0
13079;10.17;10.0;13.0;-3.0;10.0
13089;10.096666666666666;10.0;13.0;-3.0;10.0
13099;10.13;10.0;13.0;-3.0;10.0
13109;10.08;10.0;13.0;-3.0;10.0
13119;10.136666666666667;10.0;13.0;-3.0;10.0
13129;10.076666666666666;10.0;13.0;-3.0;10.0
13139;10.096666666666666;10.0;13.0;-3.0;10.0
13149;10.053333333333333;10.0;13.0;-3.0;10.0
13159;10.15;10.0;13.0;-3.0;10.0
13169;10.186666666666667;10.0;13.0;-3.0;10.0
13179;10.12;10.0;13.0;-3.0;10.0
13189;10.09;10.0;13.0;-3.0;10.0
13199;10.166666666666666;10.0;13.0;-3.0;10.0
13209;10.093333333333334;10.0;13.0;-3.0;10.0
13219;10.076666666666666;10.0;13.0;-3.0;10.0
13229;10.15;10.0;13.0;-3.0;10.0
13239;10.08;10.0;13.0;-3.0;10.0
13249;10.156666666666666;10.0;13.0;-3.0;10.0
13259;10.19;10.0;13.0;-3.0;10.0
13269;10.153333333333334;10.0;13.0;-3.0;10.0
13279;10.07;10.0;13.0;-3.0;10.0
13289;10.096666666666666;10.0;13.0;-3.0;10.0
13299;10.13;10.0;13.0;-3.0;10.0
13309;10.11;10.0;13.0;-3.0;10.0
13319;10.093333333333334;10.0;13.0;-3.0;10.0
13329;10.18;10.0;13.0;-3.0;10.0
13339;10.046666666666667;10.0;13.0;-3.0;10.0
13349;10.15;10.0;13.0;-3.0;10.0
13359;10.103333333333333;10.0;13.0;-3.0;10.0
13369;10.093333333333334;10.0;13.0;-3.0;10.0
13379;10.083333333333334;10.0;13.0;-3.0;10.0
13389;10.08;10.0;13.0;-3.0;10.0
13399;10.143333333333333;10.0;13.0;-3.0;10.0
13409;10.143333333333333;10.0;13.0;-3.0;10.0
13419;10.13;10.0;13.0;-3.0;10.0
13429;10.076666666666666;10.0;13.0;-3.0;10.0
13439;10.18;10.0;13.0;-3.0;10.0
13449;10.176666666666666;10.0;13.0;-3.0;10.0
13459;10.103333333333333;10.0;13.0;-3.0;10.0
13469;10.116666666666667;10.0;13.0;-3.0;10.0
13479;10.12;10.0;13.0;-3.0;10.0
13489;10.1;10.0;13.0;-3.0;10.0
13499;10.1;10.0;13.0;-3.0;10.0
13509;10.136666666666667;10.0;13.0;-3.0;10.0
13519;10.113333333333333;10.0;13.0;-3.0;10.0
13529;10.146666666666667;10.0;13.0;-3.0;10.0
13539;10.123333333333333;10.0;13.0;-3.0;10.0
13549;10.106666666666667;10.0;13.0;-3.0;10.0
13559;10.043333333333333;10.0;13.0;-3.0;10.0
13569;10.156666666666666;10.0;13.0;-3.0;10.0
13579;10.133333333333333;10.0;13.0;-3.0;10.0
13589;10.11;10.0;13.0;-3.0;10.0
13599;10.166666666666666;10.0;13.0;-3.0;10.0
13609;10.16;10.0;13.0;-3.0;10.0
13619;10.11;10.0;13.0;-3.0;10.0
13629;10.066666666666666;10.0;13.0;-3.0;10.0
13639;10.116666666666667;10.0;13.0;-3.0;10.0
13649;10.126666666666667;10.0;13.0;-3.0;10.0
13659;10.116666666666667;10.0;13.0;-3.0;10.0
13669;10.106666666666667;10.0;13.0;-3.0;10.0
13679;10.083333333333334;10.0;13.0;-3.0;10.0
13689;10.193333333333333;10.0;13.0;-3.0;10.0
13699;10.103333333333333;10.0;13.0;-3.0;10.0
13709;10.07;10.0;13.0;-3.0;10.0
13719;10.126666666666667;10.0;13.0;-3.0;10.0
13729;10.09;10.0;13.0;-3.0;10.0
13739;10.173333333333334;10.0;13.0;-3.0;10.0
13749;10.07;10.0;13.0;-3.0;10.0
13759;10.15;10.0;13.0;-3.0;10.0
13769;10.18;10.0;13.0;-3.0;10.0
13779;10.176666666666666;10.0;13.0;-3.0;10.0
13789;10.166666666666666;10.0;13.0;-3.0;10.0
13799;10.136666666666667;10.0;13.0;-3.0;10.0
13809;10.173333333333334;10.0;13.0;-3.0;10.0
13819;10.14;10.0;13.0;-3.0;10.0
13829;10.106666666666667;10.0;13.0;-3.0;10.0
13839;10.13;10.0;13.0;-3.0;10.0
13849;10.19;10.0;13.0;-3.0;10.0
13859;10.103333333333333;10.0;13.0;-3.0;10.0
13869;10.126666666666667;10.0;13.0;-3.0;10.0
13879;10.053333333333333;10.0;13.0;-3.0;10.0
13889;10.146666666666667;10.0;13.0;-3.0;10.0
13899;10.176666666666666;10.0;13.0;-3.0;10.0
13909;10.11;10.0;13.0;-3.0;10.0
13919;10.13;10.0;13.0;-3.0;10.0
13929;10.146666666666667;10.0;13.0;-3.0;10.0
13939;10.123333333333333;10.0;13.0;-3.0;10.0
13949;10.12;10.0;13.0;-3.0;10.0
13959;10.13;10.0;13.0;-3.0;10.0
13969;10.143333333333333;10.0;13.0;-3.0;10.0
13979;10.083333333333334;10.0;13.0;-3.0;10.0
13989;10.106666666666667;10.0;13.0;-3.0;10.0
13999;10.09;10.0;13.0;-3.0;10.0
14009;10.066666666666666;10.0;13.0;-3.0;10.0
14019;10.14;10.0;13.0;-3.0;10.0
14029;10.18;10.0;13.0;-3.0;10.0
14039;10.103333333333333;10.0;13.0;-3.0;10.0
14049;10.113333333333333;10.0;13.0;-3.0;10.0
14059;10.073333333333334;10.0;13.0;-3.0;10.0
14069;10.086666666666666;10.0;13.0;-3.0;10.0
14079;10.08;10.0;13.0;-3.0;10.0
14089;10.11;10.0;13.0;-3.0;10.0
14099;10.09;10.0;13.0;-3.0;10.0
14109;10.12;10.0;13.0;-3.0;10.0
14119;10.096666666666666;10.0;13.0;-3.0;10.0
14129;10.116666666666667;10.0;13.0;-3.0;10.0
14139;10.09;10.0;13.0;-3.0;10.0
14149;10.09;10.0;13.0;-3.0;10.0
14159;10.113333333333333;10.0;13.0;-3.0;10.0
14169;10.083333333333334;10.0;13.0;-3.0;10.0
14179;10.113333333333333;10.0;13.0;-3.0;10.0
14189;10.133333333333333;10.0;13.0;-3.0;10.0
14199;10.156666666666666;10.0;13.0;-3.0;10.0
14209;10.186666666666667;10.0;13.0;-3.0;10.0
14219;10.09;10.0;13.0;-3.0;10.0
14229;10.086666666666666;10.0;13.0;-3.0;10.0
14239;10.116666666666667;10.0;13.0;-3.0;10.0
14249;10.143333333333333;10.0;13.0;-3.0;10.0
14259;10.13;10.0;13.0;-3.0;10.0
14269;10.116666666666667;10.0;13.0;-3.0;10.0
14279;10.096666666666666;10.0;13.0;-3.0;10.0
14289;10.113333333333333;10.0;13.0;-3.0;10.0
14299;10.08;10.0;13.0;-3.0;10.0
14309;10.083333333333334;10.0;13.0;-3.0;10.0
14319;10.073333333333334;10.0;13.0;-3.0;10.0
14329;10.11;10.0;13.0;-3.0;10.0
14339;10.116666666666667;10.0;13.0;-3.0;10.0
14349;10.12;10.0;13.0;-3.0;10.0
14359;10.13;10.0;13.0;-3.0;10.0
14369;10.123333333333333;10.0;13.0;-3.0;10.0
14379;10.136666666666667;10.0;13.0;-3.0;10.0
14389;10.133333333333333;10.0;13.0;-3.0;10.0
14399;10.123333333333333;10.0;13.0;-3.0;10.0
14409;10.076666666666666;10.0;13.0;-3.0;10.0
14419;10.16;10.0;13.0;-3.0;10.0
14429;10.113333333333333;10.0;13.0;-3.0;10.0
14439;10.156666666666666;10.0;13.0;-3.0;10.0
14449;10.103333333333333;10.0;13.0;-3.0;10.0
14459;10.08;10.0;13.0;-3.0;10.0
14469;10.106666666666667;10.0;13.0;-3.0;10.0
14479;10.056666666666667;10.0;13.0;-3.0;10.0
14489;10.1;10.0;13.0;-3.0;10.0
14499;10.14;10.0;13.0;-3.0;10.0
14509;10.12;10.0;13.0;-3.0;10.0
14519;10.143333333333333;10.0;13.0;-3.0;10.0
14529;10.07;10.0;13.0;-3.0;10.0
14539;10.086666666666666;10.0;13.0;-3.0;10.0
14549;10.14;10.0;13.0;-3.0;10.0
14559;10.153333333333334;10.0;13.0;-3.0;10.0
14569;10.106666666666667;10.0;13.0;-3.0;10.0
14579;10.15;10.0;13.0;-3.0;10.0
14589;10.086666666666666;10.0;13.0;-3.0;10.0
14599;10.093333333333334;10.0;13.0;-3.0;10.0
14609;10.123333333333333;10.0;13.0;-3.0;10.0
14619;10.11;10.0;13.0;-3.0;10.0
14629;10.146666666666667;10.0;13.0;-3.0;10.0
14639;10.13;10.0;13.0;-3.0;10.0
14649;10.11;10.0;13.0;-3.0;10.0
14659;10.083333333333334;10.0;13.0;-3.0;10.0
14669;10.116666666666667;10.0;13.0;-3.0;10.0
14679;10.106666666666667;10.0;13.0;-3.0;10.0
14689;10.106666666666667;10.0;13.0;-3.0;10.0
14699;10.173333333333334;10.0;13.0;-3.0;10.0
14709;10.11;10.0;13.0;-3.0;10.0
14719;10.116666666666667;10.0;13.0;-3.0;10.0
14729;10.14;10.0;13.0;-3.0;10.0
14739;10.093333333333334;10.0;13.0;-3.0;10.0
14749;10.12;10.0;13.0;-3.0;10.0
14759;10.116666666666667;10.0;13.0;-3.0;10.0
14769;10.063333333333333;10.0;13.0;-3.0;10.0
14779;10.13;10.0;13.0;-3.0;10.0
14789;10.13;10.0;13.0;-3.0;10.0
14799;10.15;10.0;13.0;-3.0;10.0
14809;10.156666666666666;10.0;13.0;-3.0;10.0
14819;10.093333333333334;10.0;13.0;-3.0;10.0
14829;10.133333333333333;10.0;13.0;-3.0;10.0
14839;10.11;10.0;13.0;-3.0;10.0
14849;10.133333333333333;10.0;13.0;-3.0;10.0
14859;10.106666666666667;10.0;13.0;-3.0;10.0
14869;10.093333333333334;10.0;13.0;-3.0;10.0
14879;10.07;10.0;13.0;-3.0;10.0
14889;10.14;10.0;13.0;-3.0;10.0
14899;10.133333333333333;10.0;13.0;-3.0;10.0
14909;10.096666666666666;10.0;13.0;-3.0;10.0
14919;10.183333333333334;10.0;13.0;-3.0;10.0
14929;10.16;10.0;13.0;-3.0;10.0
14939;10.13;10.0;13.0;-3.0;10.0
14949;10.1;10.0;13.0;-3.0;10.0
14959;10.156666666666666;10.0;13.0;-3.0;10.0
14969;10.166666666666666;10.0;13.0;-3.0;10.0
14979;10.133333333333333;10.0;13.0;-3.0;10.0
14989;10.093333333333334;10.0;13.0;-3.0;10.0
14999;10.113333333333333;10.0;13.0;-3.0;10.0
