geracao;media da geracao;fitness do melhor da geracao;fitness do pior da geracao;relacao entre melhor e pior;fitness do melhor da run
Probabilidade Recombinação: 0.7
Probabilidade Mutação: 0.049999999999999996
Tipo de Selecção: Torneio
Tipo de Mutação: Simples Al.
Tamanho População: 300
Máximo de Gerações: 15000
0;84.60333333333334;69.0;101.0;-32.0;69.0
0;75.42666666666666;66.0;86.0;-20.0;66.0
9;59.92333333333333;58.0;63.0;-5.0;58.0
19;50.02;49.0;53.0;-4.0;49.0
29;43.77;40.0;47.0;-7.0;40.0
39;37.06;36.0;40.0;-4.0;36.0
49;32.276666666666664;32.0;36.0;-4.0;32.0
59;30.16;30.0;34.0;-4.0;30.0
69;27.996666666666666;27.0;31.0;-4.0;27.0
79;23.44;23.0;27.0;-4.0;23.0
89;22.133333333333333;22.0;25.0;-3.0;22.0
99;21.12;21.0;24.0;-3.0;21.0
109;19.05666666666667;19.0;22.0;-3.0;19.0
119;18.416666666666668;18.0;22.0;-4.0;18.0
129;18.153333333333332;18.0;21.0;-3.0;18.0
139;18.14;18.0;21.0;-3.0;18.0
149;18.06;18.0;21.0;-3.0;18.0
159;18.14666666666667;18.0;21.0;-3.0;18.0
169;18.073333333333334;18.0;21.0;-3.0;18.0
179;18.133333333333333;18.0;21.0;-3.0;18.0
189;18.12;18.0;21.0;-3.0;18.0
199;18.10333333333333;18.0;21.0;-3.0;18.0
209;18.17;18.0;21.0;-3.0;18.0
219;18.11;18.0;21.0;-3.0;18.0
229;18.08;18.0;21.0;-3.0;18.0
239;18.116666666666667;18.0;21.0;-3.0;18.0
249;18.05666666666667;18.0;21.0;-3.0;18.0
259;18.096666666666668;18.0;21.0;-3.0;18.0
269;18.093333333333334;18.0;21.0;-3.0;18.0
279;18.096666666666668;18.0;21.0;-3.0;18.0
289;18.13;18.0;21.0;-3.0;18.0
299;18.073333333333334;18.0;21.0;-3.0;18.0
309;18.096666666666668;18.0;21.0;-3.0;18.0
319;18.12;18.0;21.0;-3.0;18.0
329;18.12;18.0;21.0;-3.0;18.0
339;18.13;18.0;21.0;-3.0;18.0
349;18.12;18.0;21.0;-3.0;18.0
359;18.13;18.0;21.0;-3.0;18.0
369;18.116666666666667;18.0;21.0;-3.0;18.0
379;18.083333333333332;18.0;21.0;-3.0;18.0
389;18.073333333333334;18.0;21.0;-3.0;18.0
399;18.086666666666666;18.0;21.0;-3.0;18.0
409;18.096666666666668;18.0;21.0;-3.0;18.0
419;18.06;18.0;21.0;-3.0;18.0
429;18.06;18.0;21.0;-3.0;18.0
439;18.10333333333333;18.0;21.0;-3.0;18.0
449;18.143333333333334;18.0;21.0;-3.0;18.0
459;18.053333333333335;18.0;21.0;-3.0;18.0
469;18.083333333333332;18.0;21.0;-3.0;18.0
479;18.126666666666665;18.0;21.0;-3.0;18.0
489;18.176666666666666;18.0;21.0;-3.0;18.0
499;18.14;18.0;21.0;-3.0;18.0
509;18.123333333333335;18.0;21.0;-3.0;18.0
519;18.126666666666665;18.0;21.0;-3.0;18.0
529;18.10333333333333;18.0;21.0;-3.0;18.0
539;18.1;18.0;21.0;-3.0;18.0
549;18.11;18.0;21.0;-3.0;18.0
559;18.13;18.0;21.0;-3.0;18.0
569;18.093333333333334;18.0;21.0;-3.0;18.0
579;18.08;18.0;21.0;-3.0;18.0
589;18.08;18.0;21.0;-3.0;18.0
599;18.07;18.0;21.0;-3.0;18.0
609;18.136666666666667;18.0;21.0;-3.0;18.0
619;18.12;18.0;21.0;-3.0;18.0
629;18.1;18.0;21.0;-3.0;18.0
639;18.086666666666666;18.0;21.0;-3.0;18.0
649;18.12;18.0;21.0;-3.0;18.0
659;18.13;18.0;21.0;-3.0;18.0
669;18.063333333333333;18.0;21.0;-3.0;18.0
679;18.113333333333333;18.0;21.0;-3.0;18.0
689;18.133333333333333;18.0;21.0;-3.0;18.0
699;18.08;18.0;21.0;-3.0;18.0
709;18.063333333333333;18.0;21.0;-3.0;18.0
719;18.106666666666666;18.0;21.0;-3.0;18.0
729;18.143333333333334;18.0;21.0;-3.0;18.0
739;18.17;18.0;21.0;-3.0;18.0
749;18.096666666666668;18.0;21.0;-3.0;18.0
759;18.1;18.0;21.0;-3.0;18.0
769;18.076666666666668;18.0;21.0;-3.0;18.0
779;18.10333333333333;18.0;21.0;-3.0;18.0
789;18.093333333333334;18.0;21.0;-3.0;18.0
799;18.116666666666667;18.0;21.0;-3.0;18.0
809;18.106666666666666;18.0;21.0;-3.0;18.0
819;18.14666666666667;18.0;21.0;-3.0;18.0
829;18.113333333333333;18.0;21.0;-3.0;18.0
839;18.116666666666667;18.0;21.0;-3.0;18.0
849;18.113333333333333;18.0;21.0;-3.0;18.0
859;18.066666666666666;18.0;21.0;-3.0;18.0
869;18.12;18.0;21.0;-3.0;18.0
879;18.07;18.0;21.0;-3.0;18.0
889;18.13;18.0;21.0;-3.0;18.0
899;18.08;18.0;21.0;-3.0;18.0
909;18.11;18.0;21.0;-3.0;18.0
919;18.093333333333334;18.0;21.0;-3.0;18.0
929;18.10333333333333;18.0;21.0;-3.0;18.0
939;18.11;18.0;21.0;-3.0;18.0
949;18.133333333333333;18.0;21.0;-3.0;18.0
959;18.133333333333333;18.0;21.0;-3.0;18.0
969;18.166666666666668;18.0;21.0;-3.0;18.0
979;18.163333333333334;18.0;21.0;-3.0;18.0
989;18.086666666666666;18.0;21.0;-3.0;18.0
999;18.093333333333334;18.0;21.0;-3.0;18.0
1009;18.05;18.0;21.0;-3.0;18.0
1019;18.12;18.0;21.0;-3.0;18.0
1029;18.136666666666667;18.0;21.0;-3.0;18.0
1039;18.14;18.0;21.0;-3.0;18.0
1049;18.14;18.0;21.0;-3.0;18.0
1059;18.053333333333335;18.0;21.0;-3.0;18.0
1069;18.083333333333332;18.0;21.0;-3.0;18.0
1079;18.07;18.0;21.0;-3.0;18.0
1089;18.11;18.0;21.0;-3.0;18.0
1099;18.14666666666667;18.0;21.0;-3.0;18.0
1109;18.136666666666667;18.0;21.0;-3.0;18.0
1119;18.13;18.0;21.0;-3.0;18.0
1129;18.093333333333334;18.0;21.0;-3.0;18.0
1139;18.053333333333335;18.0;21.0;-3.0;18.0
1149;18.15;18.0;21.0;-3.0;18.0
1159;18.116666666666667;18.0;21.0;-3.0;18.0
1169;18.09;18.0;21.0;-3.0;18.0
1179;18.15;18.0;21.0;-3.0;18.0
1189;18.11;18.0;21.0;-3.0;18.0
1199;18.116666666666667;18.0;21.0;-3.0;18.0
1209;18.11;18.0;21.0;-3.0;18.0
1219;18.136666666666667;18.0;21.0;-3.0;18.0
1229;18.053333333333335;18.0;21.0;-3.0;18.0
1239;18.046666666666667;18.0;21.0;-3.0;18.0
1249;18.063333333333333;18.0;21.0;-3.0;18.0
1259;18.076666666666668;18.0;21.0;-3.0;18.0
1269;18.08;18.0;21.0;-3.0;18.0
1279;18.13;18.0;21.0;-3.0;18.0
1289;18.09;18.0;21.0;-3.0;18.0
1299;18.08;18.0;21.0;-3.0;18.0
1309;18.10333333333333;18.0;21.0;-3.0;18.0
1319;18.14666666666667;18.0;21.0;-3.0;18.0
1329;18.14666666666667;18.0;21.0;-3.0;18.0
1339;17.5;17.0;21.0;-4.0;17.0
1349;17.096666666666668;17.0;20.0;-3.0;17.0
1359;17.116666666666667;17.0;20.0;-3.0;17.0
1369;17.05;17.0;20.0;-3.0;17.0
1379;16.36;16.0;20.0;-4.0;16.0
1389;16.06;16.0;19.0;-3.0;16.0
1399;16.113333333333333;16.0;19.0;-3.0;16.0
1409;16.08;16.0;19.0;-3.0;16.0
1419;16.19;16.0;19.0;-3.0;16.0
1429;16.096666666666668;16.0;19.0;-3.0;16.0
1439;16.106666666666666;16.0;19.0;-3.0;16.0
1449;16.1;16.0;19.0;-3.0;16.0
1459;16.1;16.0;19.0;-3.0;16.0
1469;16.12;16.0;19.0;-3.0;16.0
1479;16.063333333333333;16.0;19.0;-3.0;16.0
1489;16.16;16.0;19.0;-3.0;16.0
1499;16.106666666666666;16.0;19.0;-3.0;16.0
1509;16.076666666666668;16.0;19.0;-3.0;16.0
1519;16.09;16.0;19.0;-3.0;16.0
1529;16.08;16.0;19.0;-3.0;16.0
1539;16.116666666666667;16.0;19.0;-3.0;16.0
1549;16.156666666666666;16.0;19.0;-3.0;16.0
1559;16.17;16.0;19.0;-3.0;16.0
1569;16.106666666666666;16.0;19.0;-3.0;16.0
1579;16.10333333333333;16.0;19.0;-3.0;16.0
1589;16.09;16.0;19.0;-3.0;16.0
1599;16.153333333333332;16.0;19.0;-3.0;16.0
1609;16.08;16.0;19.0;-3.0;16.0
1619;16.12;16.0;19.0;-3.0;16.0
1629;16.11;16.0;19.0;-3.0;16.0
1639;16.166666666666668;16.0;19.0;-3.0;16.0
1649;16.133333333333333;16.0;19.0;-3.0;16.0
1659;16.096666666666668;16.0;19.0;-3.0;16.0
1669;16.186666666666667;16.0;19.0;-3.0;16.0
1679;16.083333333333332;16.0;19.0;-3.0;16.0
1689;16.12;16.0;19.0;-3.0;16.0
1699;16.10333333333333;16.0;19.0;-3.0;16.0
1709;16.136666666666667;16.0;19.0;-3.0;16.0
1719;16.08;16.0;19.0;-3.0;16.0
1729;16.14;16.0;19.0;-3.0;16.0
1739;16.12;16.0;19.0;-3.0;16.0
1749;16.1;16.0;19.0;-3.0;16.0
1759;16.13;16.0;19.0;-3.0;16.0
1769;16.05666666666667;16.0;19.0;-3.0;16.0
1779;16.083333333333332;16.0;19.0;-3.0;16.0
1789;16.066666666666666;16.0;19.0;-3.0;16.0
1799;16.073333333333334;16.0;19.0;-3.0;16.0
1809;16.156666666666666;16.0;19.0;-3.0;16.0
1819;16.133333333333333;16.0;19.0;-3.0;16.0
1829;16.06;16.0;19.0;-3.0;16.0
1839;16.096666666666668;16.0;19.0;-3.0;16.0
1849;16.14;16.0;19.0;-3.0;16.0
1859;16.183333333333334;16.0;19.0;-3.0;16.0
1869;16.076666666666668;16.0;19.0;-3.0;16.0
1879;16.106666666666666;16.0;19.0;-3.0;16.0
1889;16.09;16.0;19.0;-3.0;16.0
1899;16.186666666666667;16.0;19.0;-3.0;16.0
1909;16.046666666666667;16.0;19.0;-3.0;16.0
1919;16.086666666666666;16.0;19.0;-3.0;16.0
1929;16.13;16.0;19.0;-3.0;16.0
1939;16.096666666666668;16.0;19.0;-3.0;16.0
1949;16.126666666666665;16.0;19.0;-3.0;16.0
1959;16.086666666666666;16.0;19.0;-3.0;16.0
1969;16.14;16.0;19.0;-3.0;16.0
1979;16.096666666666668;16.0;19.0;-3.0;16.0
1989;16.076666666666668;16.0;19.0;-3.0;16.0
1999;16.066666666666666;16.0;19.0;-3.0;16.0
2009;16.12;16.0;19.0;-3.0;16.0
2019;16.10333333333333;16.0;19.0;-3.0;16.0
2029;16.06;16.0;19.0;-3.0;16.0
2039;16.116666666666667;16.0;19.0;-3.0;16.0
2049;16.126666666666665;16.0;19.0;-3.0;16.0
2059;16.10333333333333;16.0;19.0;-3.0;16.0
2069;16.143333333333334;16.0;19.0;-3.0;16.0
2079;16.16;16.0;19.0;-3.0;16.0
2089;16.09;16.0;19.0;-3.0;16.0
2099;16.076666666666668;16.0;19.0;-3.0;16.0
2109;16.093333333333334;16.0;19.0;-3.0;16.0
2119;16.07;16.0;19.0;-3.0;16.0
2129;16.156666666666666;16.0;19.0;-3.0;16.0
2139;16.13;16.0;19.0;-3.0;16.0
2149;16.13;16.0;19.0;-3.0;16.0
2159;16.096666666666668;16.0;19.0;-3.0;16.0
2169;16.08;16.0;19.0;-3.0;16.0
2179;16.06;16.0;18.0;-2.0;16.0
2189;16.05;16.0;19.0;-3.0;16.0
2199;16.156666666666666;16.0;19.0;-3.0;16.0
2209;16.15;16.0;19.0;-3.0;16.0
2219;16.116666666666667;16.0;19.0;-3.0;16.0
2229;16.073333333333334;16.0;19.0;-3.0;16.0
2239;16.113333333333333;16.0;19.0;-3.0;16.0
2249;16.10333333333333;16.0;19.0;-3.0;16.0
2259;16.096666666666668;16.0;19.0;-3.0;16.0
2269;16.113333333333333;16.0;19.0;-3.0;16.0
2279;16.043333333333333;16.0;19.0;-3.0;16.0
2289;16.083333333333332;16.0;19.0;-3.0;16.0
2299;16.096666666666668;16.0;19.0;-3.0;16.0
2309;16.086666666666666;16.0;19.0;-3.0;16.0
2319;16.09;16.0;19.0;-3.0;16.0
2329;16.086666666666666;16.0;19.0;-3.0;16.0
2339;16.096666666666668;16.0;19.0;-3.0;16.0
2349;16.073333333333334;16.0;19.0;-3.0;16.0
2359;16.123333333333335;16.0;19.0;-3.0;16.0
2369;16.096666666666668;16.0;19.0;-3.0;16.0
2379;16.083333333333332;16.0;19.0;-3.0;16.0
2389;16.153333333333332;16.0;19.0;-3.0;16.0
2399;16.073333333333334;16.0;19.0;-3.0;16.0
2409;16.096666666666668;16.0;19.0;-3.0;16.0
2419;16.113333333333333;16.0;19.0;-3.0;16.0
2429;16.166666666666668;16.0;19.0;-3.0;16.0
2439;16.12;16.0;19.0;-3.0;16.0
2449;16.086666666666666;16.0;19.0;-3.0;16.0
2459;16.08;16.0;19.0;-3.0;16.0
2469;16.12;16.0;19.0;-3.0;16.0
2479;16.08;16.0;19.0;-3.0;16.0
2489;16.11;16.0;19.0;-3.0;16.0
2499;16.13;16.0;19.0;-3.0;16.0
2509;16.126666666666665;16.0;19.0;-3.0;16.0
2519;16.126666666666665;16.0;19.0;-3.0;16.0
2529;16.10333333333333;16.0;19.0;-3.0;16.0
2539;16.113333333333333;16.0;19.0;-3.0;16.0
2549;16.14666666666667;16.0;19.0;-3.0;16.0
2559;16.083333333333332;16.0;19.0;-3.0;16.0
2569;16.126666666666665;16.0;19.0;-3.0;16.0
2579;16.033333333333335;16.0;19.0;-3.0;16.0
2589;16.13;16.0;19.0;-3.0;16.0
2599;16.096666666666668;16.0;19.0;-3.0;16.0
2609;16.096666666666668;16.0;19.0;-3.0;16.0
2619;16.1;16.0;19.0;-3.0;16.0
2629;16.086666666666666;16.0;19.0;-3.0;16.0
2639;16.05666666666667;16.0;19.0;-3.0;16.0
2649;16.123333333333335;16.0;19.0;-3.0;16.0
2659;16.12;16.0;19.0;-3.0;16.0
2669;16.123333333333335;16.0;19.0;-3.0;16.0
2679;16.073333333333334;16.0;19.0;-3.0;16.0
2689;16.08;16.0;19.0;-3.0;16.0
2699;16.093333333333334;16.0;19.0;-3.0;16.0
2709;16.136666666666667;16.0;19.0;-3.0;16.0
2719;16.113333333333333;16.0;19.0;-3.0;16.0
2729;16.10333333333333;16.0;19.0;-3.0;16.0
2739;16.093333333333334;16.0;19.0;-3.0;16.0
2749;16.076666666666668;16.0;19.0;-3.0;16.0
2759;16.083333333333332;16.0;19.0;-3.0;16.0
2769;16.076666666666668;16.0;19.0;-3.0;16.0
2779;16.143333333333334;16.0;19.0;-3.0;16.0
2789;16.10333333333333;16.0;19.0;-3.0;16.0
2799;16.11;16.0;19.0;-3.0;16.0
2809;16.106666666666666;16.0;19.0;-3.0;16.0
2819;16.196666666666665;16.0;19.0;-3.0;16.0
2829;16.126666666666665;16.0;19.0;-3.0;16.0
2839;16.07;16.0;19.0;-3.0;16.0
2849;16.14;16.0;19.0;-3.0;16.0
2859;16.116666666666667;16.0;19.0;-3.0;16.0
2869;16.096666666666668;16.0;19.0;-3.0;16.0
2879;16.136666666666667;16.0;19.0;-3.0;16.0
2889;16.10333333333333;16.0;19.0;-3.0;16.0
2899;16.12;16.0;19.0;-3.0;16.0
2909;16.066666666666666;16.0;19.0;-3.0;16.0
2919;16.113333333333333;16.0;19.0;-3.0;16.0
2929;16.10333333333333;16.0;19.0;-3.0;16.0
2939;16.106666666666666;16.0;19.0;-3.0;16.0
2949;16.046666666666667;16.0;19.0;-3.0;16.0
2959;16.07;16.0;19.0;-3.0;16.0
2969;16.076666666666668;16.0;19.0;-3.0;16.0
2979;16.156666666666666;16.0;19.0;-3.0;16.0
2989;16.11;16.0;19.0;-3.0;16.0
2999;16.096666666666668;16.0;19.0;-3.0;16.0
3009;16.073333333333334;16.0;19.0;-3.0;16.0
3019;16.1;16.0;19.0;-3.0;16.0
3029;16.126666666666665;16.0;19.0;-3.0;16.0
3039;16.17;16.0;19.0;-3.0;16.0
3049;16.07;16.0;19.0;-3.0;16.0
3059;16.123333333333335;16.0;19.0;-3.0;16.0
3069;16.09;16.0;19.0;-3.0;16.0
3079;16.086666666666666;16.0;19.0;-3.0;16.0
3089;16.113333333333333;16.0;19.0;-3.0;16.0
3099;16.106666666666666;16.0;19.0;-3.0;16.0
3109;16.053333333333335;16.0;19.0;-3.0;16.0
3119;16.053333333333335;16.0;19.0;-3.0;16.0
3129;16.13;16.0;19.0;-3.0;16.0
3139;16.08;16.0;19.0;-3.0;16.0
3149;16.153333333333332;16.0;19.0;-3.0;16.0
3159;16.14;16.0;19.0;-3.0;16.0
3169;16.11;16.0;19.0;-3.0;16.0
3179;16.083333333333332;16.0;19.0;-3.0;16.0
3189;16.123333333333335;16.0;19.0;-3.0;16.0
3199;16.106666666666666;16.0;19.0;-3.0;16.0
3209;16.09;16.0;19.0;-3.0;16.0
3219;16.106666666666666;16.0;19.0;-3.0;16.0
3229;16.12;16.0;19.0;-3.0;16.0
3239;16.07;16.0;19.0;-3.0;16.0
3249;16.116666666666667;16.0;19.0;-3.0;16.0
3259;16.10333333333333;16.0;19.0;-3.0;16.0
3269;16.11;16.0;19.0;-3.0;16.0
3279;16.123333333333335;16.0;19.0;-3.0;16.0
3289;16.106666666666666;16.0;19.0;-3.0;16.0
3299;16.09;16.0;19.0;-3.0;16.0
3309;16.126666666666665;16.0;19.0;-3.0;16.0
3319;16.086666666666666;16.0;19.0;-3.0;16.0
3329;16.06;16.0;19.0;-3.0;16.0
3339;16.093333333333334;16.0;19.0;-3.0;16.0
3349;16.05;16.0;19.0;-3.0;16.0
3359;16.06;16.0;19.0;-3.0;16.0
3369;16.08;16.0;19.0;-3.0;16.0
3379;16.083333333333332;16.0;19.0;-3.0;16.0
3389;16.123333333333335;16.0;19.0;-3.0;16.0
3399;16.113333333333333;16.0;19.0;-3.0;16.0
3409;16.11;16.0;19.0;-3.0;16.0
3419;16.116666666666667;16.0;19.0;-3.0;16.0
3429;16.046666666666667;16.0;19.0;-3.0;16.0
3439;16.083333333333332;16.0;19.0;-3.0;16.0
3449;16.123333333333335;16.0;19.0;-3.0;16.0
3459;16.173333333333332;16.0;19.0;-3.0;16.0
3469;16.083333333333332;16.0;19.0;-3.0;16.0
3479;16.136666666666667;16.0;19.0;-3.0;16.0
3489;16.13;16.0;19.0;-3.0;16.0
3499;16.096666666666668;16.0;19.0;-3.0;16.0
3509;16.08;16.0;19.0;-3.0;16.0
3519;16.123333333333335;16.0;19.0;-3.0;16.0
3529;16.10333333333333;16.0;19.0;-3.0;16.0
3539;16.086666666666666;16.0;19.0;-3.0;16.0
3549;16.09;16.0;19.0;-3.0;16.0
3559;16.14;16.0;19.0;-3.0;16.0
3569;16.10333333333333;16.0;19.0;-3.0;16.0
3579;16.14666666666667;16.0;19.0;-3.0;16.0
3589;16.13;16.0;19.0;-3.0;16.0
3599;16.116666666666667;16.0;19.0;-3.0;16.0
3609;16.126666666666665;16.0;19.0;-3.0;16.0
3619;16.1;16.0;19.0;-3.0;16.0
3629;16.14;16.0;19.0;-3.0;16.0
3639;16.066666666666666;16.0;19.0;-3.0;16.0
3649;16.096666666666668;16.0;19.0;-3.0;16.0
3659;16.113333333333333;16.0;19.0;-3.0;16.0
3669;16.06;16.0;19.0;-3.0;16.0
3679;16.096666666666668;16.0;19.0;-3.0;16.0
3689;16.15;16.0;19.0;-3.0;16.0
3699;16.07;16.0;19.0;-3.0;16.0
3709;16.10333333333333;16.0;19.0;-3.0;16.0
3719;16.12;16.0;19.0;-3.0;16.0
3729;16.123333333333335;16.0;19.0;-3.0;16.0
3739;16.11;16.0;19.0;-3.0;16.0
3749;16.106666666666666;16.0;19.0;-3.0;16.0
3759;16.123333333333335;16.0;19.0;-3.0;16.0
3769;16.1;16.0;19.0;-3.0;16.0
3779;16.106666666666666;16.0;19.0;-3.0;16.0
3789;16.12;16.0;19.0;-3.0;16.0
3799;16.09;16.0;19.0;-3.0;16.0
3809;16.136666666666667;16.0;19.0;-3.0;16.0
3819;16.083333333333332;16.0;19.0;-3.0;16.0
3829;16.093333333333334;16.0;19.0;-3.0;16.0
3839;16.16;16.0;19.0;-3.0;16.0
3849;16.05666666666667;16.0;19.0;-3.0;16.0
3859;16.093333333333334;16.0;19.0;-3.0;16.0
3869;16.166666666666668;16.0;19.0;-3.0;16.0
3879;16.13;16.0;19.0;-3.0;16.0
3889;16.15;16.0;19.0;-3.0;16.0
3899;16.11;16.0;19.0;-3.0;16.0
3909;16.113333333333333;16.0;19.0;-3.0;16.0
3919;16.086666666666666;16.0;19.0;-3.0;16.0
3929;16.12;16.0;19.0;-3.0;16.0
3939;16.116666666666667;16.0;19.0;-3.0;16.0
3949;16.076666666666668;16.0;19.0;-3.0;16.0
3959;16.116666666666667;16.0;19.0;-3.0;16.0
3969;16.12;16.0;19.0;-3.0;16.0
3979;16.176666666666666;16.0;19.0;-3.0;16.0
3989;16.083333333333332;16.0;19.0;-3.0;16.0
3999;16.1;16.0;19.0;-3.0;16.0
4009;16.163333333333334;16.0;19.0;-3.0;16.0
4019;16.13;16.0;19.0;-3.0;16.0
4029;16.14666666666667;16.0;19.0;-3.0;16.0
4039;16.1;16.0;19.0;-3.0;16.0
4049;16.096666666666668;16.0;19.0;-3.0;16.0
4059;16.083333333333332;16.0;19.0;-3.0;16.0
4069;16.08;16.0;19.0;-3.0;16.0
4079;16.096666666666668;16.0;19.0;-3.0;16.0
4089;16.086666666666666;16.0;19.0;-3.0;16.0
4099;16.1;16.0;19.0;-3.0;16.0
4109;16.10333333333333;16.0;19.0;-3.0;16.0
4119;16.09;16.0;19.0;-3.0;16.0
4129;16.04;16.0;19.0;-3.0;16.0
4139;16.153333333333332;16.0;19.0;-3.0;16.0
4149;16.106666666666666;16.0;19.0;-3.0;16.0
4159;16.09;16.0;19.0;-3.0;16.0
4169;16.1;16.0;19.0;-3.0;16.0
4179;16.13;16.0;19.0;-3.0;16.0
4189;16.11;16.0;19.0;-3.0;16.0
4199;16.096666666666668;16.0;19.0;-3.0;16.0
4209;16.166666666666668;16.0;19.0;-3.0;16.0
4219;16.116666666666667;16.0;19.0;-3.0;16.0
4229;16.086666666666666;16.0;19.0;-3.0;16.0
4239;16.10333333333333;16.0;19.0;-3.0;16.0
4249;16.093333333333334;16.0;19.0;-3.0;16.0
4259;16.10333333333333;16.0;19.0;-3.0;16.0
4269;16.07;16.0;19.0;-3.0;16.0
4279;16.14666666666667;16.0;19.0;-3.0;16.0
4289;16.096666666666668;16.0;19.0;-3.0;16.0
4299;16.183333333333334;16.0;19.0;-3.0;16.0
4309;16.11;16.0;19.0;-3.0;16.0
4319;16.1;16.0;19.0;-3.0;16.0
4329;16.156666666666666;16.0;19.0;-3.0;16.0
4339;16.13;16.0;19.0;-3.0;16.0
4349;16.1;16.0;19.0;-3.0;16.0
4359;16.14;16.0;19.0;-3.0;16.0
4369;16.133333333333333;16.0;19.0;-3.0;16.0
4379;16.096666666666668;16.0;19.0;-3.0;16.0
4389;16.086666666666666;16.0;19.0;-3.0;16.0
4399;16.15;16.0;19.0;-3.0;16.0
4409;16.096666666666668;16.0;19.0;-3.0;16.0
4419;16.076666666666668;16.0;19.0;-3.0;16.0
4429;16.13;16.0;19.0;-3.0;16.0
4439;16.093333333333334;16.0;19.0;-3.0;16.0
4449;16.12;16.0;19.0;-3.0;16.0
4459;16.07;16.0;19.0;-3.0;16.0
4469;16.096666666666668;16.0;19.0;-3.0;16.0
4479;16.083333333333332;16.0;19.0;-3.0;16.0
4489;16.07;16.0;19.0;-3.0;16.0
4499;16.1;16.0;19.0;-3.0;16.0
4509;16.126666666666665;16.0;19.0;-3.0;16.0
4519;16.093333333333334;16.0;19.0;-3.0;16.0
4529;16.166666666666668;16.0;19.0;-3.0;16.0
4539;16.133333333333333;16.0;19.0;-3.0;16.0
4549;16.1;16.0;19.0;-3.0;16.0
4559;16.113333333333333;16.0;19.0;-3.0;16.0
4569;16.086666666666666;16.0;19.0;-3.0;16.0
4579;16.126666666666665;16.0;19.0;-3.0;16.0
4589;16.06;16.0;19.0;-3.0;16.0
4599;16.11;16.0;19.0;-3.0;16.0
4609;16.07;16.0;19.0;-3.0;16.0
4619;16.046666666666667;16.0;19.0;-3.0;16.0
4629;16.14;16.0;19.0;-3.0;16.0
4639;16.106666666666666;16.0;19.0;-3.0;16.0
4649;16.09;16.0;19.0;-3.0;16.0
4659;16.093333333333334;16.0;19.0;-3.0;16.0
4669;16.106666666666666;16.0;19.0;-3.0;16.0
4679;16.083333333333332;16.0;19.0;-3.0;16.0
4689;16.106666666666666;16.0;19.0;-3.0;16.0
4699;16.096666666666668;16.0;19.0;-3.0;16.0
4709;16.063333333333333;16.0;19.0;-3.0;16.0
4719;16.14666666666667;16.0;19.0;-3.0;16.0
4729;16.13;16.0;19.0;-3.0;16.0
4739;16.10333333333333;16.0;19.0;-3.0;16.0
4749;16.116666666666667;16.0;19.0;-3.0;16.0
4759;16.106666666666666;16.0;19.0;-3.0;16.0
4769;16.073333333333334;16.0;19.0;-3.0;16.0
4779;16.083333333333332;16.0;19.0;-3.0;16.0
4789;16.09;16.0;19.0;-3.0;16.0
4799;16.05;16.0;19.0;-3.0;16.0
4809;16.11;16.0;19.0;-3.0;16.0
4819;16.15;16.0;19.0;-3.0;16.0
4829;16.066666666666666;16.0;19.0;-3.0;16.0
4839;16.05;16.0;19.0;-3.0;16.0
4849;16.113333333333333;16.0;19.0;-3.0;16.0
4859;16.13;16.0;19.0;-3.0;16.0
4869;16.1;16.0;19.0;-3.0;16.0
4879;16.09;16.0;19.0;-3.0;16.0
4889;16.096666666666668;16.0;19.0;-3.0;16.0
4899;16.05666666666667;16.0;19.0;-3.0;16.0
4909;16.14;16.0;19.0;-3.0;16.0
4919;16.11;16.0;19.0;-3.0;16.0
4929;16.106666666666666;16.0;19.0;-3.0;16.0
4939;16.17;16.0;19.0;-3.0;16.0
4949;16.126666666666665;16.0;19.0;-3.0;16.0
4959;16.076666666666668;16.0;19.0;-3.0;16.0
4969;16.08;16.0;19.0;-3.0;16.0
4979;16.116666666666667;16.0;19.0;-3.0;16.0
4989;16.10333333333333;16.0;19.0;-3.0;16.0
4999;16.11;16.0;19.0;-3.0;16.0
5009;16.076666666666668;16.0;19.0;-3.0;16.0
5019;16.086666666666666;16.0;19.0;-3.0;16.0
5029;16.153333333333332;16.0;19.0;-3.0;16.0
5039;16.12;16.0;19.0;-3.0;16.0
5049;16.09;16.0;19.0;-3.0;16.0
5059;16.083333333333332;16.0;19.0;-3.0;16.0
5069;16.123333333333335;16.0;19.0;-3.0;16.0
5079;16.083333333333332;16.0;19.0;-3.0;16.0
5089;16.083333333333332;16.0;19.0;-3.0;16.0
5099;16.1;16.0;19.0;-3.0;16.0
5109;16.12;16.0;19.0;-3.0;16.0
5119;16.123333333333335;16.0;19.0;-3.0;16.0
5129;16.086666666666666;16.0;19.0;-3.0;16.0
5139;16.093333333333334;16.0;19.0;-3.0;16.0
5149;16.086666666666666;16.0;19.0;-3.0;16.0
5159;16.09;16.0;19.0;-3.0;16.0
5169;16.116666666666667;16.0;19.0;-3.0;16.0
5179;16.123333333333335;16.0;19.0;-3.0;16.0
5189;16.126666666666665;16.0;19.0;-3.0;16.0
5199;16.156666666666666;16.0;19.0;-3.0;16.0
5209;16.14;16.0;19.0;-3.0;16.0
5219;16.08;16.0;19.0;-3.0;16.0
5229;16.113333333333333;16.0;19.0;-3.0;16.0
5239;16.083333333333332;16.0;19.0;-3.0;16.0
5249;16.05666666666667;16.0;19.0;-3.0;16.0
5259;16.106666666666666;16.0;19.0;-3.0;16.0
5269;16.096666666666668;16.0;19.0;-3.0;16.0
5279;16.10333333333333;16.0;19.0;-3.0;16.0
5289;16.05666666666667;16.0;19.0;-3.0;16.0
5299;16.11;16.0;19.0;-3.0;16.0
5309;16.05;16.0;18.0;-2.0;16.0
5319;16.11;16.0;19.0;-3.0;16.0
5329;16.1;16.0;19.0;-3.0;16.0
5339;16.176666666666666;16.0;19.0;-3.0;16.0
5349;16.106666666666666;16.0;19.0;-3.0;16.0
5359;16.093333333333334;16.0;19.0;-3.0;16.0
5369;16.14;16.0;19.0;-3.0;16.0
5379;16.046666666666667;16.0;18.0;-2.0;16.0
5389;16.063333333333333;16.0;19.0;-3.0;16.0
5399;16.093333333333334;16.0;19.0;-3.0;16.0
5409;16.11;16.0;19.0;-3.0;16.0
5419;16.076666666666668;16.0;19.0;-3.0;16.0
5429;16.07;16.0;19.0;-3.0;16.0
5439;16.066666666666666;16.0;19.0;-3.0;16.0
5449;16.12;16.0;19.0;-3.0;16.0
5459;16.096666666666668;16.0;19.0;-3.0;16.0
5469;16.1;16.0;19.0;-3.0;16.0
5479;16.066666666666666;16.0;19.0;-3.0;16.0
5489;16.066666666666666;16.0;19.0;-3.0;16.0
5499;16.096666666666668;16.0;19.0;-3.0;16.0
5509;16.093333333333334;16.0;19.0;-3.0;16.0
5519;16.106666666666666;16.0;19.0;-3.0;16.0
5529;16.11;16.0;19.0;-3.0;16.0
5539;16.08;16.0;19.0;-3.0;16.0
5549;16.14;16.0;19.0;-3.0;16.0
5559;16.096666666666668;16.0;19.0;-3.0;16.0
5569;16.12;16.0;19.0;-3.0;16.0
5579;16.143333333333334;16.0;19.0;-3.0;16.0
5589;16.153333333333332;16.0;19.0;-3.0;16.0
5599;16.06;16.0;19.0;-3.0;16.0
5609;16.136666666666667;16.0;19.0;-3.0;16.0
5619;16.16;16.0;19.0;-3.0;16.0
5629;16.14666666666667;16.0;19.0;-3.0;16.0
5639;16.113333333333333;16.0;19.0;-3.0;16.0
5649;16.113333333333333;16.0;19.0;-3.0;16.0
5659;16.096666666666668;16.0;19.0;-3.0;16.0
5669;16.06;16.0;19.0;-3.0;16.0
5679;16.086666666666666;16.0;19.0;-3.0;16.0
5689;16.123333333333335;16.0;19.0;-3.0;16.0
5699;16.08;16.0;19.0;-3.0;16.0
5709;16.07;16.0;19.0;-3.0;16.0
5719;16.10333333333333;16.0;19.0;-3.0;16.0
5729;16.1;16.0;19.0;-3.0;16.0
5739;16.126666666666665;16.0;19.0;-3.0;16.0
5749;16.156666666666666;16.0;19.0;-3.0;16.0
5759;16.09;16.0;19.0;-3.0;16.0
5769;16.073333333333334;16.0;19.0;-3.0;16.0
5779;16.15;16.0;19.0;-3.0;16.0
5789;16.09;16.0;19.0;-3.0;16.0
5799;16.1;16.0;19.0;-3.0;16.0
5809;16.106666666666666;16.0;19.0;-3.0;16.0
5819;16.09;16.0;19.0;-3.0;16.0
5829;16.156666666666666;16.0;19.0;-3.0;16.0
5839;16.14;16.0;19.0;-3.0;16.0
5849;16.17;16.0;19.0;-3.0;16.0
5859;16.116666666666667;16.0;19.0;-3.0;16.0
5869;16.11;16.0;19.0;-3.0;16.0
5879;16.10333333333333;16.0;19.0;-3.0;16.0
5889;16.033333333333335;16.0;19.0;-3.0;16.0
5899;16.113333333333333;16.0;19.0;-3.0;16.0
5909;16.123333333333335;16.0;19.0;-3.0;16.0
5919;16.083333333333332;16.0;19.0;-3.0;16.0
5929;16.096666666666668;16.0;19.0;-3.0;16.0
5939;16.12;16.0;19.0;-3.0;16.0
5949;16.10333333333333;16.0;19.0;-3.0;16.0
5959;16.1;16.0;19.0;-3.0;16.0
5969;16.086666666666666;16.0;19.0;-3.0;16.0
5979;16.096666666666668;16.0;19.0;-3.0;16.0
5989;16.126666666666665;16.0;19.0;-3.0;16.0
5999;16.136666666666667;16.0;19.0;-3.0;16.0
6009;16.1;16.0;19.0;-3.0;16.0
6019;16.08;16.0;19.0;-3.0;16.0
6029;16.096666666666668;16.0;19.0;-3.0;16.0
6039;16.143333333333334;16.0;19.0;-3.0;16.0
6049;16.15;16.0;19.0;-3.0;16.0
6059;16.093333333333334;16.0;19.0;-3.0;16.0
6069;16.063333333333333;16.0;19.0;-3.0;16.0
6079;16.1;16.0;19.0;-3.0;16.0
6089;16.15;16.0;19.0;-3.0;16.0
6099;16.133333333333333;16.0;19.0;-3.0;16.0
6109;16.143333333333334;16.0;19.0;-3.0;16.0
6119;16.126666666666665;16.0;19.0;-3.0;16.0
6129;16.08;16.0;19.0;-3.0;16.0
6139;16.123333333333335;16.0;19.0;-3.0;16.0
6149;16.076666666666668;16.0;19.0;-3.0;16.0
6159;16.17;16.0;19.0;-3.0;16.0
6169;16.13;16.0;19.0;-3.0;16.0
6179;16.096666666666668;16.0;19.0;-3.0;16.0
6189;16.1;16.0;19.0;-3.0;16.0
6199;16.096666666666668;16.0;19.0;-3.0;16.0
6209;16.143333333333334;16.0;19.0;-3.0;16.0
6219;16.13;16.0;19.0;-3.0;16.0
6229;16.066666666666666;16.0;19.0;-3.0;16.0
6239;16.116666666666667;16.0;19.0;-3.0;16.0
6249;16.113333333333333;16.0;19.0;-3.0;16.0
6259;16.10333333333333;16.0;19.0;-3.0;16.0
6269;16.13;16.0;19.0;-3.0;16.0
6279;16.156666666666666;16.0;19.0;-3.0;16.0
6289;16.083333333333332;16.0;19.0;-3.0;16.0
6299;16.123333333333335;16.0;19.0;-3.0;16.0
6309;16.11;16.0;19.0;-3.0;16.0
6319;16.11;16.0;19.0;-3.0;16.0
6329;16.116666666666667;16.0;19.0;-3.0;16.0
6339;16.12;16.0;19.0;-3.0;16.0
6349;16.143333333333334;16.0;19.0;-3.0;16.0
6359;16.106666666666666;16.0;19.0;-3.0;16.0
6369;16.123333333333335;16.0;19.0;-3.0;16.0
6379;16.073333333333334;16.0;19.0;-3.0;16.0
6389;16.1;16.0;19.0;-3.0;16.0
6399;16.116666666666667;16.0;19.0;-3.0;16.0
6409;16.106666666666666;16.0;19.0;-3.0;16.0
6419;16.1;16.0;19.0;-3.0;16.0
6429;16.133333333333333;16.0;19.0;-3.0;16.0
6439;16.123333333333335;16.0;19.0;-3.0;16.0
6449;16.113333333333333;16.0;19.0;-3.0;16.0
6459;16.09;16.0;19.0;-3.0;16.0
6469;16.076666666666668;16.0;19.0;-3.0;16.0
6479;16.11;16.0;19.0;-3.0;16.0
6489;16.106666666666666;16.0;19.0;-3.0;16.0
6499;16.076666666666668;16.0;19.0;-3.0;16.0
6509;16.14;16.0;19.0;-3.0;16.0
6519;16.07;16.0;19.0;-3.0;16.0
6529;16.09;16.0;19.0;-3.0;16.0
6539;16.12;16.0;19.0;-3.0;16.0
6549;16.13;16.0;19.0;-3.0;16.0
6559;16.093333333333334;16.0;19.0;-3.0;16.0
6569;16.09;16.0;19.0;-3.0;16.0
6579;16.10333333333333;16.0;19.0;-3.0;16.0
6589;16.086666666666666;16.0;19.0;-3.0;16.0
6599;16.11;16.0;19.0;-3.0;16.0
6609;16.15;16.0;19.0;-3.0;16.0
6619;16.143333333333334;16.0;19.0;-3.0;16.0
6629;16.18;16.0;19.0;-3.0;16.0
6639;16.123333333333335;16.0;19.0;-3.0;16.0
6649;16.1;16.0;19.0;-3.0;16.0
6659;16.11;16.0;19.0;-3.0;16.0
6669;16.14;16.0;19.0;-3.0;16.0
6679;16.07;16.0;19.0;-3.0;16.0
6689;16.073333333333334;16.0;19.0;-3.0;16.0
6699;16.116666666666667;16.0;19.0;-3.0;16.0
6709;16.126666666666665;16.0;19.0;-3.0;16.0
6719;16.13;16.0;19.0;-3.0;16.0
6729;16.096666666666668;16.0;19.0;-3.0;16.0
6739;16.09;16.0;19.0;-3.0;16.0
6749;16.096666666666668;16.0;19.0;-3.0;16.0
6759;16.136666666666667;16.0;19.0;-3.0;16.0
6769;16.106666666666666;16.0;19.0;-3.0;16.0
6779;16.14;16.0;19.0;-3.0;16.0
6789;16.09;16.0;19.0;-3.0;16.0
6799;16.143333333333334;16.0;19.0;-3.0;16.0
6809;16.083333333333332;16.0;19.0;-3.0;16.0
6819;16.083333333333332;16.0;19.0;-3.0;16.0
6829;16.123333333333335;16.0;19.0;-3.0;16.0
6839;16.106666666666666;16.0;19.0;-3.0;16.0
6849;16.073333333333334;16.0;19.0;-3.0;16.0
6859;16.046666666666667;16.0;19.0;-3.0;16.0
6869;16.096666666666668;16.0;19.0;-3.0;16.0
6879;16.086666666666666;16.0;19.0;-3.0;16.0
6889;16.076666666666668;16.0;19.0;-3.0;16.0
6899;16.086666666666666;16.0;19.0;-3.0;16.0
6909;16.10333333333333;16.0;19.0;-3.0;16.0
6919;16.07;16.0;19.0;-3.0;16.0
6929;16.086666666666666;16.0;19.0;-3.0;16.0
6939;16.10333333333333;16.0;19.0;-3.0;16.0
6949;16.08;16.0;19.0;-3.0;16.0
6959;16.093333333333334;16.0;19.0;-3.0;16.0
6969;16.096666666666668;16.0;19.0;-3.0;16.0
6979;16.07;16.0;19.0;-3.0;16.0
6989;16.19;16.0;19.0;-3.0;16.0
6999;16.126666666666665;16.0;19.0;-3.0;16.0
7009;16.133333333333333;16.0;19.0;-3.0;16.0
7019;16.086666666666666;16.0;19.0;-3.0;16.0
7029;16.053333333333335;16.0;19.0;-3.0;16.0
7039;16.136666666666667;16.0;19.0;-3.0;16.0
7049;16.053333333333335;16.0;19.0;-3.0;16.0
7059;16.096666666666668;16.0;19.0;-3.0;16.0
7069;16.113333333333333;16.0;19.0;-3.0;16.0
7079;16.126666666666665;16.0;19.0;-3.0;16.0
7089;16.096666666666668;16.0;19.0;-3.0;16.0
7099;16.116666666666667;16.0;19.0;-3.0;16.0
7109;16.053333333333335;16.0;19.0;-3.0;16.0
7119;16.123333333333335;16.0;19.0;-3.0;16.0
7129;16.08;16.0;19.0;-3.0;16.0
7139;16.106666666666666;16.0;19.0;-3.0;16.0
7149;16.136666666666667;16.0;19.0;-3.0;16.0
7159;16.083333333333332;16.0;19.0;-3.0;16.0
7169;16.096666666666668;16.0;19.0;-3.0;16.0
7179;16.11;16.0;19.0;-3.0;16.0
7189;16.12;16.0;19.0;-3.0;16.0
7199;16.113333333333333;16.0;19.0;-3.0;16.0
7209;16.123333333333335;16.0;19.0;-3.0;16.0
7219;16.086666666666666;16.0;19.0;-3.0;16.0
7229;16.063333333333333;16.0;19.0;-3.0;16.0
7239;16.05666666666667;16.0;19.0;-3.0;16.0
7249;16.106666666666666;16.0;19.0;-3.0;16.0
7259;16.116666666666667;16.0;19.0;-3.0;16.0
7269;16.106666666666666;16.0;19.0;-3.0;16.0
7279;16.093333333333334;16.0;19.0;-3.0;16.0
7289;16.12;16.0;19.0;-3.0;16.0
7299;16.18;16.0;19.0;-3.0;16.0
7309;16.16;16.0;19.0;-3.0;16.0
7319;16.12;16.0;19.0;-3.0;16.0
7329;16.116666666666667;16.0;19.0;-3.0;16.0
7339;16.06;16.0;19.0;-3.0;16.0
7349;16.08;16.0;19.0;-3.0;16.0
7359;16.076666666666668;16.0;19.0;-3.0;16.0
7369;16.133333333333333;16.0;19.0;-3.0;16.0
7379;16.083333333333332;16.0;19.0;-3.0;16.0
7389;16.15;16.0;19.0;-3.0;16.0
7399;16.06;16.0;19.0;-3.0;16.0
7409;16.083333333333332;16.0;19.0;-3.0;16.0
7419;16.073333333333334;16.0;19.0;-3.0;16.0
7429;16.06;16.0;19.0;-3.0;16.0
7439;16.076666666666668;16.0;19.0;-3.0;16.0
7449;16.053333333333335;16.0;19.0;-3.0;16.0
7459;16.123333333333335;16.0;19.0;-3.0;16.0
7469;16.13;16.0;19.0;-3.0;16.0
7479;16.1;16.0;19.0;-3.0;16.0
7489;16.086666666666666;16.0;19.0;-3.0;16.0
7499;16.12;16.0;19.0;-3.0;16.0
7509;16.093333333333334;16.0;19.0;-3.0;16.0
7519;16.083333333333332;16.0;19.0;-3.0;16.0
7529;16.09;16.0;19.0;-3.0;16.0
7539;16.09;16.0;19.0;-3.0;16.0
7549;16.12;16.0;19.0;-3.0;16.0
7559;16.113333333333333;16.0;19.0;-3.0;16.0
7569;16.073333333333334;16.0;19.0;-3.0;16.0
7579;16.096666666666668;16.0;19.0;-3.0;16.0
7589;16.13;16.0;19.0;-3.0;16.0
7599;16.166666666666668;16.0;19.0;-3.0;16.0
7609;16.13;16.0;19.0;-3.0;16.0
7619;16.126666666666665;16.0;19.0;-3.0;16.0
7629;16.08;16.0;19.0;-3.0;16.0
7639;16.086666666666666;16.0;19.0;-3.0;16.0
7649;16.11;16.0;19.0;-3.0;16.0
7659;16.043333333333333;16.0;19.0;-3.0;16.0
7669;16.19333333333333;16.0;19.0;-3.0;16.0
7679;16.16;16.0;19.0;-3.0;16.0
7689;16.073333333333334;16.0;19.0;-3.0;16.0
7699;16.143333333333334;16.0;19.0;-3.0;16.0
7709;16.153333333333332;16.0;19.0;-3.0;16.0
7719;16.076666666666668;16.0;19.0;-3.0;16.0
7729;16.13;16.0;19.0;-3.0;16.0
7739;16.096666666666668;16.0;19.0;-3.0;16.0
7749;16.153333333333332;16.0;19.0;-3.0;16.0
7759;16.123333333333335;16.0;19.0;-3.0;16.0
7769;16.126666666666665;16.0;19.0;-3.0;16.0
7779;16.14666666666667;16.0;19.0;-3.0;16.0
7789;16.066666666666666;16.0;19.0;-3.0;16.0
7799;16.113333333333333;16.0;19.0;-3.0;16.0
7809;16.086666666666666;16.0;19.0;-3.0;16.0
7819;16.096666666666668;16.0;19.0;-3.0;16.0
7829;16.17;16.0;19.0;-3.0;16.0
7839;16.08;16.0;19.0;-3.0;16.0
7849;16.136666666666667;16.0;19.0;-3.0;16.0
7859;16.14;16.0;19.0;-3.0;16.0
7869;16.13;16.0;19.0;-3.0;16.0
7879;16.1;16.0;19.0;-3.0;16.0
7889;16.093333333333334;16.0;19.0;-3.0;16.0
7899;16.133333333333333;16.0;19.0;-3.0;16.0
7909;16.016666666666666;16.0;19.0;-3.0;16.0
7919;16.096666666666668;16.0;19.0;-3.0;16.0
7929;16.176666666666666;16.0;19.0;-3.0;16.0
7939;16.19;16.0;19.0;-3.0;16.0
7949;16.19;16.0;19.0;-3.0;16.0
7959;16.096666666666668;16.0;19.0;-3.0;16.0
7969;16.093333333333334;16.0;19.0;-3.0;16.0
7979;16.113333333333333;16.0;19.0;-3.0;16.0
7989;16.063333333333333;16.0;19.0;-3.0;16.0
7999;16.163333333333334;16.0;19.0;-3.0;16.0
8009;16.086666666666666;16.0;19.0;-3.0;16.0
8019;16.1;16.0;19.0;-3.0;16.0
8029;16.106666666666666;16.0;19.0;-3.0;16.0
8039;16.1;16.0;19.0;-3.0;16.0
8049;16.136666666666667;16.0;19.0;-3.0;16.0
8059;16.116666666666667;16.0;19.0;-3.0;16.0
8069;16.10333333333333;16.0;19.0;-3.0;16.0
8079;16.10333333333333;16.0;19.0;-3.0;16.0
8089;16.1;16.0;19.0;-3.0;16.0
8099;16.1;16.0;19.0;-3.0;16.0
8109;16.12;16.0;19.0;-3.0;16.0
8119;16.136666666666667;16.0;19.0;-3.0;16.0
8129;16.14666666666667;16.0;19.0;-3.0;16.0
8139;16.116666666666667;16.0;19.0;-3.0;16.0
8149;16.10333333333333;16.0;19.0;-3.0;16.0
8159;16.096666666666668;16.0;19.0;-3.0;16.0
8169;16.136666666666667;16.0;19.0;-3.0;16.0
8179;16.076666666666668;16.0;19.0;-3.0;16.0
8189;16.076666666666668;16.0;19.0;-3.0;16.0
8199;16.113333333333333;16.0;19.0;-3.0;16.0
8209;16.12;16.0;19.0;-3.0;16.0
8219;16.136666666666667;16.0;19.0;-3.0;16.0
8229;16.126666666666665;16.0;19.0;-3.0;16.0
8239;16.156666666666666;16.0;19.0;-3.0;16.0
8249;16.07;16.0;19.0;-3.0;16.0
8259;16.12;16.0;19.0;-3.0;16.0
8269;16.08;16.0;19.0;-3.0;16.0
8279;16.133333333333333;16.0;19.0;-3.0;16.0
8289;16.123333333333335;16.0;19.0;-3.0;16.0
8299;16.08;16.0;19.0;-3.0;16.0
8309;16.15;16.0;19.0;-3.0;16.0
8319;16.106666666666666;16.0;19.0;-3.0;16.0
8329;16.153333333333332;16.0;19.0;-3.0;16.0
8339;16.09;16.0;19.0;-3.0;16.0
8349;16.12;16.0;19.0;-3.0;16.0
8359;16.1;16.0;19.0;-3.0;16.0
8369;16.07;16.0;19.0;-3.0;16.0
8379;16.09;16.0;19.0;-3.0;16.0
8389;16.076666666666668;16.0;19.0;-3.0;16.0
8399;16.163333333333334;16.0;19.0;-3.0;16.0
8409;16.13;16.0;19.0;-3.0;16.0
8419;16.09;16.0;19.0;-3.0;16.0
8429;16.12;16.0;19.0;-3.0;16.0
8439;16.123333333333335;16.0;19.0;-3.0;16.0
8449;16.136666666666667;16.0;19.0;-3.0;16.0
8459;16.113333333333333;16.0;19.0;-3.0;16.0
8469;16.14666666666667;16.0;19.0;-3.0;16.0
8479;16.08;16.0;19.0;-3.0;16.0
8489;16.126666666666665;16.0;19.0;-3.0;16.0
8499;16.083333333333332;16.0;19.0;-3.0;16.0
8509;16.09;16.0;19.0;-3.0;16.0
8519;16.1;16.0;19.0;-3.0;16.0
8529;16.10333333333333;16.0;19.0;-3.0;16.0
8539;16.143333333333334;16.0;19.0;-3.0;16.0
8549;16.10333333333333;16.0;19.0;-3.0;16.0
8559;16.143333333333334;16.0;19.0;-3.0;16.0
8569;16.073333333333334;16.0;19.0;-3.0;16.0
8579;16.126666666666665;16.0;19.0;-3.0;16.0
8589;16.156666666666666;16.0;19.0;-3.0;16.0
8599;16.05;16.0;19.0;-3.0;16.0
8609;16.126666666666665;16.0;19.0;-3.0;16.0
8619;16.096666666666668;16.0;19.0;-3.0;16.0
8629;16.08;16.0;19.0;-3.0;16.0
8639;16.126666666666665;16.0;19.0;-3.0;16.0
8649;16.06;16.0;19.0;-3.0;16.0
8659;16.10333333333333;16.0;19.0;-3.0;16.0
8669;16.13;16.0;19.0;-3.0;16.0
8679;16.1;16.0;19.0;-3.0;16.0
8689;16.073333333333334;16.0;19.0;-3.0;16.0
8699;16.1;16.0;19.0;-3.0;16.0
8709;16.10333333333333;16.0;19.0;-3.0;16.0
8719;16.09;16.0;19.0;-3.0;16.0
8729;16.076666666666668;16.0;19.0;-3.0;16.0
8739;16.10333333333333;16.0;19.0;-3.0;16.0
8749;16.09;16.0;19.0;-3.0;16.0
8759;16.153333333333332;16.0;19.0;-3.0;16.0
8769;16.11;16.0;19.0;-3.0;16.0
8779;16.113333333333333;16.0;19.0;-3.0;16.0
8789;16.123333333333335;16.0;19.0;-3.0;16.0
8799;16.116666666666667;16.0;19.0;-3.0;16.0
8809;16.116666666666667;16.0;19.0;-3.0;16.0
8819;16.13;16.0;19.0;-3.0;16.0
8829;16.073333333333334;16.0;19.0;-3.0;16.0
8839;16.136666666666667;16.0;19.0;-3.0;16.0
8849;16.11;16.0;19.0;-3.0;16.0
8859;16.09;16.0;19.0;-3.0;16.0
8869;16.126666666666665;16.0;19.0;-3.0;16.0
8879;16.143333333333334;16.0;19.0;-3.0;16.0
8889;16.086666666666666;16.0;19.0;-3.0;16.0
8899;16.136666666666667;16.0;19.0;-3.0;16.0
8909;16.12;16.0;19.0;-3.0;16.0
8919;16.123333333333335;16.0;19.0;-3.0;16.0
8929;16.073333333333334;16.0;19.0;-3.0;16.0
8939;16.133333333333333;16.0;19.0;-3.0;16.0
8949;16.046666666666667;16.0;19.0;-3.0;16.0
8959;16.093333333333334;16.0;19.0;-3.0;16.0
8969;16.1;16.0;19.0;-3.0;16.0
8979;16.093333333333334;16.0;19.0;-3.0;16.0
8989;16.15;16.0;19.0;-3.0;16.0
8999;16.093333333333334;16.0;19.0;-3.0;16.0
9009;16.14666666666667;16.0;19.0;-3.0;16.0
9019;16.113333333333333;16.0;19.0;-3.0;16.0
9029;16.10333333333333;16.0;19.0;-3.0;16.0
9039;16.113333333333333;16.0;19.0;-3.0;16.0
9049;16.053333333333335;16.0;19.0;-3.0;16.0
9059;16.09;16.0;19.0;-3.0;16.0
9069;16.10333333333333;16.0;19.0;-3.0;16.0
9079;16.12;16.0;19.0;-3.0;16.0
9089;16.113333333333333;16.0;19.0;-3.0;16.0
9099;16.10333333333333;16.0;19.0;-3.0;16.0
9109;16.113333333333333;16.0;19.0;-3.0;16.0
9119;16.12;16.0;19.0;-3.0;16.0
9129;16.13;16.0;19.0;-3.0;16.0
9139;16.136666666666667;16.0;19.0;-3.0;16.0
9149;16.11;16.0;19.0;-3.0;16.0
9159;16.1;16.0;19.0;-3.0;16.0
9169;16.083333333333332;16.0;19.0;-3.0;16.0
9179;16.106666666666666;16.0;19.0;-3.0;16.0
9189;16.093333333333334;16.0;19.0;-3.0;16.0
9199;16.093333333333334;16.0;19.0;-3.0;16.0
9209;16.096666666666668;16.0;19.0;-3.0;16.0
9219;16.043333333333333;16.0;19.0;-3.0;16.0
9229;16.1;16.0;19.0;-3.0;16.0
9239;16.156666666666666;16.0;19.0;-3.0;16.0
9249;16.033333333333335;16.0;19.0;-3.0;16.0
9259;16.093333333333334;16.0;19.0;-3.0;16.0
9269;16.143333333333334;16.0;19.0;-3.0;16.0
9279;16.10333333333333;16.0;19.0;-3.0;16.0
9289;16.09;16.0;19.0;-3.0;16.0
9299;16.08;16.0;19.0;-3.0;16.0
9309;16.166666666666668;16.0;19.0;-3.0;16.0
9319;16.063333333333333;16.0;19.0;-3.0;16.0
9329;16.086666666666666;16.0;19.0;-3.0;16.0
9339;16.156666666666666;16.0;19.0;-3.0;16.0
9349;16.1;16.0;19.0;-3.0;16.0
9359;16.156666666666666;16.0;19.0;-3.0;16.0
9369;16.096666666666668;16.0;19.0;-3.0;16.0
9379;16.073333333333334;16.0;19.0;-3.0;16.0
9389;16.096666666666668;16.0;19.0;-3.0;16.0
9399;16.113333333333333;16.0;19.0;-3.0;16.0
9409;16.113333333333333;16.0;19.0;-3.0;16.0
9419;16.116666666666667;16.0;19.0;-3.0;16.0
9429;16.073333333333334;16.0;19.0;-3.0;16.0
9439;16.14;16.0;19.0;-3.0;16.0
9449;16.116666666666667;16.0;19.0;-3.0;16.0
9459;16.08;16.0;19.0;-3.0;16.0
9469;16.15;16.0;19.0;-3.0;16.0
9479;16.17;16.0;19.0;-3.0;16.0
9489;16.126666666666665;16.0;19.0;-3.0;16.0
9499;16.12;16.0;19.0;-3.0;16.0
9509;16.073333333333334;16.0;19.0;-3.0;16.0
9519;16.156666666666666;16.0;19.0;-3.0;16.0
9529;16.076666666666668;16.0;19.0;-3.0;16.0
9539;16.106666666666666;16.0;19.0;-3.0;16.0
9549;16.126666666666665;16.0;19.0;-3.0;16.0
9559;16.11;16.0;19.0;-3.0;16.0
9569;16.12;16.0;19.0;-3.0;16.0
9579;16.163333333333334;16.0;19.0;-3.0;16.0
9589;16.113333333333333;16.0;19.0;-3.0;16.0
9599;16.113333333333333;16.0;19.0;-3.0;16.0
9609;16.07;16.0;19.0;-3.0;16.0
9619;16.093333333333334;16.0;19.0;-3.0;16.0
9629;16.046666666666667;16.0;19.0;-3.0;16.0
9639;16.086666666666666;16.0;19.0;-3.0;16.0
9649;16.093333333333334;16.0;19.0;-3.0;16.0
9659;16.07;16.0;19.0;-3.0;16.0
9669;16.12;16.0;19.0;-3.0;16.0
9679;16.116666666666667;16.0;19.0;-3.0;16.0
9689;16.116666666666667;16.0;19.0;-3.0;16.0
9699;16.166666666666668;16.0;19.0;-3.0;16.0
9709;16.083333333333332;16.0;19.0;-3.0;16.0
9719;16.143333333333334;16.0;19.0;-3.0;16.0
9729;16.11;16.0;19.0;-3.0;16.0
9739;16.133333333333333;16.0;19.0;-3.0;16.0
9749;16.06;16.0;19.0;-3.0;16.0
9759;16.123333333333335;16.0;19.0;-3.0;16.0
9769;16.10333333333333;16.0;19.0;-3.0;16.0
9779;16.136666666666667;16.0;19.0;-3.0;16.0
9789;16.076666666666668;16.0;19.0;-3.0;16.0
9799;16.053333333333335;16.0;19.0;-3.0;16.0
9809;16.11;16.0;19.0;-3.0;16.0
9819;16.106666666666666;16.0;19.0;-3.0;16.0
9829;16.05;16.0;19.0;-3.0;16.0
9839;16.126666666666665;16.0;19.0;-3.0;16.0
9849;16.11;16.0;19.0;-3.0;16.0
9859;16.07;16.0;19.0;-3.0;16.0
9869;16.12;16.0;19.0;-3.0;16.0
9879;16.066666666666666;16.0;19.0;-3.0;16.0
9889;16.10333333333333;16.0;19.0;-3.0;16.0
9899;16.13;16.0;19.0;-3.0;16.0
9909;16.13;16.0;19.0;-3.0;16.0
9919;16.153333333333332;16.0;19.0;-3.0;16.0
9929;16.12;16.0;19.0;-3.0;16.0
9939;16.113333333333333;16.0;19.0;-3.0;16.0
9949;16.18;16.0;19.0;-3.0;16.0
9959;16.11;16.0;19.0;-3.0;16.0
9969;16.11;16.0;19.0;-3.0;16.0
9979;16.143333333333334;16.0;19.0;-3.0;16.0
9989;16.16;16.0;19.0;-3.0;16.0
9999;16.05;16.0;19.0;-3.0;16.0
10009;16.136666666666667;16.0;19.0;-3.0;16.0
10019;16.083333333333332;16.0;19.0;-3.0;16.0
10029;16.133333333333333;16.0;19.0;-3.0;16.0
10039;16.10333333333333;16.0;19.0;-3.0;16.0
10049;16.11;16.0;19.0;-3.0;16.0
10059;16.076666666666668;16.0;19.0;-3.0;16.0
10069;16.173333333333332;16.0;19.0;-3.0;16.0
10079;16.1;16.0;19.0;-3.0;16.0
10089;16.136666666666667;16.0;19.0;-3.0;16.0
10099;16.123333333333335;16.0;19.0;-3.0;16.0
10109;16.09;16.0;19.0;-3.0;16.0
10119;16.12;16.0;19.0;-3.0;16.0
10129;16.17;16.0;19.0;-3.0;16.0
10139;16.14666666666667;16.0;19.0;-3.0;16.0
10149;16.106666666666666;16.0;19.0;-3.0;16.0
10159;16.093333333333334;16.0;19.0;-3.0;16.0
10169;16.13;16.0;19.0;-3.0;16.0
10179;16.09;16.0;19.0;-3.0;16.0
10189;16.113333333333333;16.0;19.0;-3.0;16.0
10199;16.13;16.0;19.0;-3.0;16.0
10209;16.10333333333333;16.0;19.0;-3.0;16.0
10219;16.123333333333335;16.0;19.0;-3.0;16.0
10229;16.123333333333335;16.0;19.0;-3.0;16.0
10239;16.106666666666666;16.0;19.0;-3.0;16.0
10249;16.086666666666666;16.0;19.0;-3.0;16.0
10259;16.14666666666667;16.0;19.0;-3.0;16.0
10269;16.136666666666667;16.0;19.0;-3.0;16.0
10279;16.113333333333333;16.0;19.0;-3.0;16.0
10289;16.116666666666667;16.0;19.0;-3.0;16.0
10299;16.096666666666668;16.0;19.0;-3.0;16.0
10309;16.1;16.0;19.0;-3.0;16.0
10319;16.1;16.0;19.0;-3.0;16.0
10329;16.09;16.0;19.0;-3.0;16.0
10339;16.11;16.0;19.0;-3.0;16.0
10349;16.076666666666668;16.0;19.0;-3.0;16.0
10359;16.12;16.0;19.0;-3.0;16.0
10369;16.1;16.0;19.0;-3.0;16.0
10379;16.16;16.0;19.0;-3.0;16.0
10389;16.1;16.0;19.0;-3.0;16.0
10399;16.13;16.0;19.0;-3.0;16.0
10409;16.1;16.0;19.0;-3.0;16.0
10419;16.076666666666668;16.0;19.0;-3.0;16.0
10429;16.096666666666668;16.0;19.0;-3.0;16.0
10439;16.08;16.0;19.0;-3.0;16.0
10449;16.09;16.0;19.0;-3.0;16.0
10459;16.133333333333333;16.0;19.0;-3.0;16.0
10469;16.10333333333333;16.0;19.0;-3.0;16.0
10479;16.09;16.0;19.0;-3.0;16.0
10489;16.043333333333333;16.0;19.0;-3.0;16.0
10499;16.076666666666668;16.0;19.0;-3.0;16.0
10509;16.083333333333332;16.0;19.0;-3.0;16.0
10519;16.073333333333334;16.0;19.0;-3.0;16.0
10529;16.173333333333332;16.0;19.0;-3.0;16.0
10539;16.096666666666668;16.0;19.0;-3.0;16.0
10549;16.12;16.0;19.0;-3.0;16.0
10559;16.13;16.0;19.0;-3.0;16.0
10569;16.14;16.0;19.0;-3.0;16.0
10579;16.1;16.0;19.0;-3.0;16.0
10589;16.12;16.0;19.0;-3.0;16.0
10599;16.123333333333335;16.0;19.0;-3.0;16.0
10609;16.063333333333333;16.0;19.0;-3.0;16.0
10619;16.106666666666666;16.0;19.0;-3.0;16.0
10629;16.08;16.0;19.0;-3.0;16.0
10639;16.14666666666667;16.0;19.0;-3.0;16.0
10649;16.12;16.0;19.0;-3.0;16.0
10659;16.11;16.0;19.0;-3.0;16.0
10669;16.133333333333333;16.0;19.0;-3.0;16.0
10679;16.126666666666665;16.0;19.0;-3.0;16.0
10689;16.123333333333335;16.0;19.0;-3.0;16.0
10699;16.12;16.0;19.0;-3.0;16.0
10709;16.11;16.0;19.0;-3.0;16.0
10719;16.08;16.0;19.0;-3.0;16.0
10729;16.093333333333334;16.0;19.0;-3.0;16.0
10739;16.143333333333334;16.0;19.0;-3.0;16.0
10749;16.13;16.0;19.0;-3.0;16.0
10759;16.123333333333335;16.0;19.0;-3.0;16.0
10769;16.08;16.0;19.0;-3.0;16.0
10779;16.08;16.0;19.0;-3.0;16.0
10789;16.063333333333333;16.0;19.0;-3.0;16.0
10799;16.133333333333333;16.0;19.0;-3.0;16.0
10809;16.12;16.0;19.0;-3.0;16.0
10819;16.126666666666665;16.0;19.0;-3.0;16.0
10829;16.126666666666665;16.0;19.0;-3.0;16.0
10839;16.086666666666666;16.0;19.0;-3.0;16.0
10849;16.11;16.0;19.0;-3.0;16.0
10859;16.096666666666668;16.0;19.0;-3.0;16.0
10869;16.076666666666668;16.0;19.0;-3.0;16.0
10879;16.11;16.0;19.0;-3.0;16.0
10889;16.086666666666666;16.0;19.0;-3.0;16.0
10899;16.06;16.0;19.0;-3.0;16.0
10909;16.1;16.0;19.0;-3.0;16.0
10919;16.10333333333333;16.0;19.0;-3.0;16.0
10929;16.16;16.0;19.0;-3.0;16.0
10939;16.093333333333334;16.0;19.0;-3.0;16.0
10949;16.086666666666666;16.0;19.0;-3.0;16.0
10959;16.09;16.0;19.0;-3.0;16.0
10969;16.10333333333333;16.0;19.0;-3.0;16.0
10979;16.14666666666667;16.0;19.0;-3.0;16.0
10989;16.14;16.0;19.0;-3.0;16.0
10999;16.076666666666668;16.0;19.0;-3.0;16.0
11009;16.166666666666668;16.0;19.0;-3.0;16.0
11019;16.11;16.0;19.0;-3.0;16.0
11029;16.15;16.0;19.0;-3.0;16.0
11039;16.123333333333335;16.0;19.0;-3.0;16.0
11049;16.1;16.0;19.0;-3.0;16.0
11059;16.05;16.0;19.0;-3.0;16.0
11069;16.10333333333333;16.0;19.0;-3.0;16.0
11079;16.1;16.0;19.0;-3.0;16.0
11089;16.05666666666667;16.0;19.0;-3.0;16.0
11099;16.106666666666666;16.0;19.0;-3.0;16.0
11109;16.073333333333334;16.0;19.0;-3.0;16.0
11119;16.143333333333334;16.0;19.0;-3.0;16.0
11129;16.083333333333332;16.0;19.0;-3.0;16.0
11139;16.12;16.0;19.0;-3.0;16.0
11149;16.083333333333332;16.0;19.0;-3.0;16.0
11159;16.113333333333333;16.0;19.0;-3.0;16.0
11169;16.10333333333333;16.0;19.0;-3.0;16.0
11179;16.10333333333333;16.0;19.0;-3.0;16.0
11189;16.126666666666665;16.0;19.0;-3.0;16.0
11199;16.086666666666666;16.0;19.0;-3.0;16.0
11209;16.14666666666667;16.0;19.0;-3.0;16.0
11219;16.14666666666667;16.0;19.0;-3.0;16.0
11229;16.086666666666666;16.0;19.0;-3.0;16.0
11239;16.1;16.0;19.0;-3.0;16.0
11249;16.126666666666665;16.0;19.0;-3.0;16.0
11259;16.076666666666668;16.0;19.0;-3.0;16.0
11269;16.15;16.0;19.0;-3.0;16.0
11279;16.11;16.0;19.0;-3.0;16.0
11289;16.1;16.0;19.0;-3.0;16.0
11299;16.07;16.0;19.0;-3.0;16.0
11309;16.073333333333334;16.0;19.0;-3.0;16.0
11319;16.136666666666667;16.0;19.0;-3.0;16.0
11329;16.14;16.0;19.0;-3.0;16.0
11339;16.106666666666666;16.0;19.0;-3.0;16.0
11349;16.12;16.0;19.0;-3.0;16.0
11359;16.136666666666667;16.0;19.0;-3.0;16.0
11369;16.166666666666668;16.0;19.0;-3.0;16.0
11379;16.106666666666666;16.0;19.0;-3.0;16.0
11389;16.093333333333334;16.0;19.0;-3.0;16.0
11399;16.05;16.0;19.0;-3.0;16.0
11409;16.123333333333335;16.0;19.0;-3.0;16.0
11419;16.143333333333334;16.0;19.0;-3.0;16.0
11429;16.09;16.0;19.0;-3.0;16.0
11439;16.14666666666667;16.0;19.0;-3.0;16.0
11449;16.05666666666667;16.0;19.0;-3.0;16.0
11459;16.14666666666667;16.0;19.0;-3.0;16.0
11469;16.14;16.0;19.0;-3.0;16.0
11479;16.083333333333332;16.0;19.0;-3.0;16.0
11489;16.126666666666665;16.0;19.0;-3.0;16.0
11499;16.11;16.0;19.0;-3.0;16.0
11509;16.15;16.0;19.0;-3.0;16.0
11519;16.166666666666668;16.0;19.0;-3.0;16.0
11529;16.16;16.0;19.0;-3.0;16.0
11539;16.07;16.0;19.0;-3.0;16.0
11549;16.126666666666665;16.0;19.0;-3.0;16.0
11559;16.133333333333333;16.0;19.0;-3.0;16.0
11569;16.096666666666668;16.0;19.0;-3.0;16.0
11579;16.123333333333335;16.0;19.0;-3.0;16.0
11589;16.10333333333333;16.0;19.0;-3.0;16.0
11599;16.08;16.0;19.0;-3.0;16.0
11609;16.096666666666668;16.0;19.0;-3.0;16.0
11619;16.143333333333334;16.0;19.0;-3.0;16.0
11629;16.153333333333332;16.0;19.0;-3.0;16.0
11639;16.06;16.0;19.0;-3.0;16.0
11649;16.113333333333333;16.0;19.0;-3.0;16.0
11659;16.09;16.0;19.0;-3.0;16.0
11669;16.076666666666668;16.0;19.0;-3.0;16.0
11679;16.123333333333335;16.0;19.0;-3.0;16.0
11689;16.10333333333333;16.0;19.0;-3.0;16.0
11699;16.09;16.0;19.0;-3.0;16.0
11709;16.066666666666666;16.0;19.0;-3.0;16.0
11719;16.106666666666666;16.0;19.0;-3.0;16.0
11729;16.106666666666666;16.0;19.0;-3.0;16.0
11739;16.113333333333333;16.0;19.0;-3.0;16.0
11749;16.12;16.0;19.0;-3.0;16.0
11759;16.12;16.0;19.0;-3.0;16.0
11769;16.113333333333333;16.0;19.0;-3.0;16.0
11779;16.09;16.0;19.0;-3.0;16.0
11789;16.073333333333334;16.0;19.0;-3.0;16.0
11799;16.086666666666666;16.0;19.0;-3.0;16.0
11809;16.05666666666667;16.0;19.0;-3.0;16.0
11819;16.11;16.0;19.0;-3.0;16.0
11829;16.09;16.0;19.0;-3.0;16.0
11839;16.123333333333335;16.0;19.0;-3.0;16.0
11849;16.116666666666667;16.0;19.0;-3.0;16.0
11859;16.14;16.0;19.0;-3.0;16.0
11869;16.106666666666666;16.0;19.0;-3.0;16.0
11879;16.133333333333333;16.0;19.0;-3.0;16.0
11889;16.07;16.0;19.0;-3.0;16.0
11899;16.076666666666668;16.0;19.0;-3.0;16.0
11909;16.1;16.0;19.0;-3.0;16.0
11919;16.12;16.0;19.0;-3.0;16.0
11929;16.143333333333334;16.0;19.0;-3.0;16.0
11939;16.10333333333333;16.0;19.0;-3.0;16.0
11949;16.093333333333334;16.0;19.0;-3.0;16.0
11959;16.04;16.0;19.0;-3.0;16.0
11969;16.096666666666668;16.0;19.0;-3.0;16.0
11979;16.11;16.0;19.0;-3.0;16.0
11989;16.086666666666666;16.0;19.0;-3.0;16.0
11999;16.096666666666668;16.0;19.0;-3.0;16.0
12009;16.076666666666668;16.0;19.0;-3.0;16.0
12019;16.10333333333333;16.0;19.0;-3.0;16.0
12029;16.126666666666665;16.0;19.0;-3.0;16.0
12039;16.106666666666666;16.0;19.0;-3.0;16.0
12049;16.08;16.0;19.0;-3.0;16.0
12059;16.09;16.0;19.0;-3.0;16.0
12069;16.093333333333334;16.0;19.0;-3.0;16.0
12079;16.1;16.0;19.0;-3.0;16.0
12089;16.10333333333333;16.0;19.0;-3.0;16.0
12099;16.126666666666665;16.0;19.0;-3.0;16.0
12109;16.106666666666666;16.0;19.0;-3.0;16.0
12119;16.09;16.0;19.0;-3.0;16.0
12129;16.073333333333334;16.0;19.0;-3.0;16.0
12139;16.11;16.0;19.0;-3.0;16.0
12149;16.113333333333333;16.0;19.0;-3.0;16.0
12159;16.106666666666666;16.0;19.0;-3.0;16.0
12169;16.073333333333334;16.0;19.0;-3.0;16.0
12179;16.14666666666667;16.0;19.0;-3.0;16.0
12189;16.126666666666665;16.0;19.0;-3.0;16.0
12199;16.16;16.0;19.0;-3.0;16.0
12209;16.096666666666668;16.0;19.0;-3.0;16.0
12219;16.10333333333333;16.0;19.0;-3.0;16.0
12229;16.08;16.0;19.0;-3.0;16.0
12239;16.163333333333334;16.0;19.0;-3.0;16.0
12249;16.136666666666667;16.0;19.0;-3.0;16.0
12259;16.07;16.0;19.0;-3.0;16.0
12269;16.14;16.0;19.0;-3.0;16.0
12279;16.116666666666667;16.0;19.0;-3.0;16.0
12289;16.19;16.0;19.0;-3.0;16.0
12299;16.106666666666666;16.0;19.0;-3.0;16.0
12309;16.12;16.0;19.0;-3.0;16.0
12319;16.063333333333333;16.0;19.0;-3.0;16.0
12329;16.086666666666666;16.0;19.0;-3.0;16.0
12339;16.09;16.0;19.0;-3.0;16.0
12349;16.1;16.0;19.0;-3.0;16.0
12359;16.14;16.0;19.0;-3.0;16.0
12369;16.10333333333333;16.0;19.0;-3.0;16.0
12379;16.156666666666666;16.0;19.0;-3.0;16.0
12389;16.073333333333334;16.0;19.0;-3.0;16.0
12399;16.076666666666668;16.0;19.0;-3.0;16.0
12409;16.10333333333333;16.0;19.0;-3.0;16.0
12419;16.15;16.0;19.0;-3.0;16.0
12429;16.096666666666668;16.0;19.0;-3.0;16.0
12439;16.06;16.0;19.0;-3.0;16.0
12449;16.05666666666667;16.0;19.0;-3.0;16.0
12459;16.106666666666666;16.0;19.0;-3.0;16.0
12469;16.093333333333334;16.0;19.0;-3.0;16.0
12479;16.09;16.0;19.0;-3.0;16.0
12489;16.126666666666665;16.0;19.0;-3.0;16.0
12499;16.093333333333334;16.0;19.0;-3.0;16.0
12509;16.076666666666668;16.0;19.0;-3.0;16.0
12519;16.176666666666666;16.0;19.0;-3.0;16.0
12529;16.133333333333333;16.0;19.0;-3.0;16.0
12539;16.123333333333335;16.0;19.0;-3.0;16.0
12549;16.14;16.0;19.0;-3.0;16.0
12559;16.066666666666666;16.0;19.0;-3.0;16.0
12569;16.106666666666666;16.0;19.0;-3.0;16.0
12579;16.13;16.0;19.0;-3.0;16.0
12589;16.076666666666668;16.0;19.0;-3.0;16.0
12599;16.106666666666666;16.0;19.0;-3.0;16.0
12609;16.083333333333332;16.0;19.0;-3.0;16.0
12619;16.106666666666666;16.0;19.0;-3.0;16.0
12629;16.17;16.0;19.0;-3.0;16.0
12639;16.063333333333333;16.0;19.0;-3.0;16.0
12649;16.053333333333335;16.0;19.0;-3.0;16.0
12659;16.11;16.0;19.0;-3.0;16.0
12669;16.09;16.0;19.0;-3.0;16.0
12679;16.126666666666665;16.0;19.0;-3.0;16.0
12689;16.096666666666668;16.0;19.0;-3.0;16.0
12699;16.116666666666667;16.0;19.0;-3.0;16.0
12709;16.096666666666668;16.0;19.0;-3.0;16.0
12719;16.106666666666666;16.0;19.0;-3.0;16.0
12729;16.09;16.0;19.0;-3.0;16.0
12739;16.12;16.0;19.0;-3.0;16.0
12749;16.16;16.0;19.0;-3.0;16.0
12759;16.096666666666668;16.0;19.0;-3.0;16.0
12769;16.073333333333334;16.0;19.0;-3.0;16.0
12779;16.093333333333334;16.0;19.0;-3.0;16.0
12789;16.083333333333332;16.0;19.0;-3.0;16.0
12799;16.06;16.0;19.0;-3.0;16.0
12809;16.1;16.0;19.0;-3.0;16.0
12819;16.11;16.0;19.0;-3.0;16.0
12829;16.13;16.0;19.0;-3.0;16.0
12839;16.19;16.0;19.0;-3.0;16.0
12849;16.086666666666666;16.0;19.0;-3.0;16.0
12859;16.096666666666668;16.0;19.0;-3.0;16.0
12869;16.116666666666667;16.0;19.0;-3.0;16.0
12879;16.12;16.0;19.0;-3.0;16.0
12889;16.156666666666666;16.0;19.0;-3.0;16.0
12899;16.113333333333333;16.0;19.0;-3.0;16.0
12909;16.08;16.0;19.0;-3.0;16.0
12919;16.12;16.0;19.0;-3.0;16.0
12929;16.11;16.0;19.0;-3.0;16.0
12939;16.063333333333333;16.0;19.0;-3.0;16.0
12949;16.096666666666668;16.0;19.0;-3.0;16.0
12959;16.08;16.0;19.0;-3.0;16.0
12969;16.1;16.0;19.0;-3.0;16.0
12979;16.083333333333332;16.0;19.0;-3.0;16.0
12989;16.14;16.0;19.0;-3.0;16.0
12999;16.09;16.0;19.0;-3.0;16.0
13009;16.126666666666665;16.0;19.0;-3.0;16.0
13019;16.116666666666667;16.0;19.0;-3.0;16.0
13029;16.116666666666667;16.0;19.0;-3.0;16.0
13039;16.10333333333333;16.0;19.0;-3.0;16.0
13049;16.14666666666667;16.0;19.0;-3.0;16.0
13059;16.076666666666668;16.0;19.0;-3.0;16.0
13069;16.17;16.0;19.0;-3.0;16.0
13079;16.13;16.0;19.0;-3.0;16.0
13089;16.09;16.0;19.0;-3.0;16.0
13099;16.093333333333334;16.0;19.0;-3.0;16.0
13109;16.07;16.0;19.0;-3.0;16.0
13119;16.133333333333333;16.0;19.0;-3.0;16.0
13129;16.05666666666667;16.0;19.0;-3.0;16.0
13139;16.086666666666666;16.0;19.0;-3.0;16.0
13149;16.05666666666667;16.0;19.0;-3.0;16.0
13159;16.10333333333333;16.0;19.0;-3.0;16.0
13169;16.16;16.0;19.0;-3.0;16.0
13179;16.1;16.0;19.0;-3.0;16.0
13189;16.1;16.0;19.0;-3.0;16.0
13199;16.136666666666667;16.0;19.0;-3.0;16.0
13209;16.086666666666666;16.0;19.0;-3.0;16.0
13219;16.09;16.0;19.0;-3.0;16.0
13229;16.096666666666668;16.0;19.0;-3.0;16.0
13239;16.11;16.0;19.0;-3.0;16.0
13249;16.123333333333335;16.0;19.0;-3.0;16.0
13259;16.173333333333332;16.0;19.0;-3.0;16.0
13269;16.156666666666666;16.0;19.0;-3.0;16.0
13279;16.076666666666668;16.0;19.0;-3.0;16.0
13289;16.123333333333335;16.0;19.0;-3.0;16.0
13299;16.086666666666666;16.0;19.0;-3.0;16.0
13309;16.116666666666667;16.0;19.0;-3.0;16.0
13319;16.07;16.0;19.0;-3.0;16.0
13329;16.196666666666665;16.0;19.0;-3.0;16.0
13339;16.076666666666668;16.0;19.0;-3.0;16.0
13349;16.163333333333334;16.0;19.0;-3.0;16.0
13359;16.096666666666668;16.0;19.0;-3.0;16.0
13369;16.08;16.0;19.0;-3.0;16.0
13379;16.07;16.0;19.0;-3.0;16.0
13389;16.07;16.0;19.0;-3.0;16.0
13399;16.106666666666666;16.0;19.0;-3.0;16.0
13409;16.14666666666667;16.0;19.0;-3.0;16.0
13419;16.143333333333334;16.0;19.0;-3.0;16.0
13429;16.073333333333334;16.0;19.0;-3.0;16.0
13439;16.153333333333332;16.0;19.0;-3.0;16.0
13449;16.15;16.0;19.0;-3.0;16.0
13459;16.1;16.0;19.0;-3.0;16.0
13469;16.143333333333334;16.0;19.0;-3.0;16.0
13479;16.14;16.0;19.0;-3.0;16.0
13489;16.093333333333334;16.0;19.0;-3.0;16.0
13499;16.083333333333332;16.0;19.0;-3.0;16.0
13509;16.113333333333333;16.0;19.0;-3.0;16.0
13519;16.116666666666667;16.0;19.0;-3.0;16.0
13529;16.10333333333333;16.0;19.0;-3.0;16.0
13539;16.143333333333334;16.0;19.0;-3.0;16.0
13549;16.12;16.0;19.0;-3.0;16.0
13559;16.026666666666667;16.0;19.0;-3.0;16.0
13569;16.12;16.0;19.0;-3.0;16.0
13579;16.14;16.0;19.0;-3.0;16.0
13589;16.12;16.0;19.0;-3.0;16.0
13599;16.15;16.0;19.0;-3.0;16.0
13609;16.123333333333335;16.0;19.0;-3.0;16.0
13619;16.133333333333333;16.0;19.0;-3.0;16.0
13629;16.043333333333333;16.0;19.0;-3.0;16.0
13639;16.093333333333334;16.0;19.0;-3.0;16.0
13649;16.113333333333333;16.0;19.0;-3.0;16.0
13659;16.116666666666667;16.0;19.0;-3.0;16.0
13669;16.116666666666667;16.0;19.0;-3.0;16.0
13679;16.086666666666666;16.0;19.0;-3.0;16.0
13689;16.153333333333332;16.0;19.0;-3.0;16.0
13699;16.11;16.0;19.0;-3.0;16.0
13709;16.05666666666667;16.0;19.0;-3.0;16.0
13719;16.123333333333335;16.0;19.0;-3.0;16.0
13729;16.10333333333333;16.0;19.0;-3.0;16.0
13739;16.153333333333332;16.0;19.0;-3.0;16.0
13749;16.04;16.0;19.0;-3.0;16.0
13759;16.143333333333334;16.0;19.0;-3.0;16.0
13769;16.16;16.0;19.0;-3.0;16.0
13779;16.163333333333334;16.0;19.0;-3.0;16.0
13789;16.11;16.0;19.0;-3.0;16.0
13799;16.136666666666667;16.0;19.0;-3.0;16.0
13809;16.143333333333334;16.0;19.0;-3.0;16.0
13819;16.126666666666665;16.0;19.0;-3.0;16.0
13829;16.096666666666668;16.0;19.0;-3.0;16.0
13839;16.113333333333333;16.0;19.0;-3.0;16.0
13849;16.156666666666666;16.0;19.0;-3.0;16.0
13859;16.10333333333333;16.0;19.0;-3.0;16.0
13869;16.123333333333335;16.0;19.0;-3.0;16.0
13879;16.046666666666667;16.0;19.0;-3.0;16.0
13889;16.123333333333335;16.0;19.0;-3.0;16.0
13899;16.14;16.0;19.0;-3.0;16.0
13909;16.106666666666666;16.0;19.0;-3.0;16.0
13919;16.113333333333333;16.0;19.0;-3.0;16.0
13929;16.14666666666667;16.0;19.0;-3.0;16.0
13939;16.113333333333333;16.0;19.0;-3.0;16.0
13949;16.096666666666668;16.0;19.0;-3.0;16.0
13959;16.12;16.0;19.0;-3.0;16.0
13969;16.1;16.0;19.0;-3.0;16.0
13979;16.07;16.0;19.0;-3.0;16.0
13989;16.113333333333333;16.0;19.0;-3.0;16.0
13999;16.08;16.0;19.0;-3.0;16.0
14009;16.04;16.0;19.0;-3.0;16.0
14019;16.136666666666667;16.0;19.0;-3.0;16.0
14029;16.143333333333334;16.0;19.0;-3.0;16.0
14039;16.076666666666668;16.0;19.0;-3.0;16.0
14049;16.09;16.0;19.0;-3.0;16.0
14059;16.063333333333333;16.0;19.0;-3.0;16.0
14069;16.09;16.0;19.0;-3.0;16.0
14079;16.053333333333335;16.0;19.0;-3.0;16.0
14089;16.086666666666666;16.0;19.0;-3.0;16.0
14099;16.083333333333332;16.0;19.0;-3.0;16.0
14109;16.083333333333332;16.0;19.0;-3.0;16.0
14119;16.09;16.0;19.0;-3.0;16.0
14129;16.10333333333333;16.0;19.0;-3.0;16.0
14139;16.07;16.0;19.0;-3.0;16.0
14149;16.096666666666668;16.0;19.0;-3.0;16.0
14159;16.096666666666668;16.0;19.0;-3.0;16.0
14169;16.073333333333334;16.0;19.0;-3.0;16.0
14179;16.13;16.0;19.0;-3.0;16.0
14189;16.12;16.0;19.0;-3.0;16.0
14199;16.136666666666667;16.0;19.0;-3.0;16.0
14209;16.15;16.0;19.0;-3.0;16.0
14219;16.10333333333333;16.0;19.0;-3.0;16.0
14229;16.05;16.0;19.0;-3.0;16.0
14239;16.116666666666667;16.0;19.0;-3.0;16.0
14249;16.14;16.0;19.0;-3.0;16.0
14259;16.10333333333333;16.0;19.0;-3.0;16.0
14269;16.076666666666668;16.0;19.0;-3.0;16.0
14279;16.086666666666666;16.0;19.0;-3.0;16.0
14289;16.066666666666666;16.0;19.0;-3.0;16.0
14299;16.066666666666666;16.0;19.0;-3.0;16.0
14309;16.063333333333333;16.0;19.0;-3.0;16.0
14319;16.086666666666666;16.0;19.0;-3.0;16.0
14329;16.113333333333333;16.0;19.0;-3.0;16.0
14339;16.126666666666665;16.0;19.0;-3.0;16.0
14349;16.13;16.0;19.0;-3.0;16.0
14359;16.09;16.0;19.0;-3.0;16.0
14369;16.1;16.0;19.0;-3.0;16.0
14379;16.123333333333335;16.0;19.0;-3.0;16.0
14389;16.12;16.0;19.0;-3.0;16.0
14399;16.11;16.0;19.0;-3.0;16.0
14409;16.05666666666667;16.0;19.0;-3.0;16.0
14419;16.12;16.0;19.0;-3.0;16.0
14429;16.1;16.0;19.0;-3.0;16.0
14439;16.14666666666667;16.0;19.0;-3.0;16.0
14449;16.13;16.0;19.0;-3.0;16.0
14459;16.073333333333334;16.0;19.0;-3.0;16.0
14469;16.106666666666666;16.0;19.0;-3.0;16.0
14479;16.063333333333333;16.0;19.0;-3.0;16.0
14489;16.086666666666666;16.0;19.0;-3.0;16.0
14499;16.093333333333334;16.0;19.0;-3.0;16.0
14509;16.11;16.0;19.0;-3.0;16.0
14519;16.133333333333333;16.0;19.0;-3.0;16.0
14529;16.086666666666666;16.0;19.0;-3.0;16.0
14539;16.08;16.0;19.0;-3.0;16.0
14549;16.153333333333332;16.0;19.0;-3.0;16.0
14559;16.133333333333333;16.0;19.0;-3.0;16.0
14569;16.076666666666668;16.0;19.0;-3.0;16.0
14579;16.13;16.0;19.0;-3.0;16.0
14589;16.076666666666668;16.0;19.0;-3.0;16.0
14599;16.09;16.0;19.0;-3.0;16.0
14609;16.106666666666666;16.0;19.0;-3.0;16.0
14619;16.106666666666666;16.0;19.0;-3.0;16.0
14629;16.14666666666667;16.0;19.0;-3.0;16.0
14639;16.116666666666667;16.0;19.0;-3.0;16.0
14649;16.1;16.0;19.0;-3.0;16.0
14659;16.096666666666668;16.0;19.0;-3.0;16.0
14669;16.12;16.0;19.0;-3.0;16.0
14679;16.093333333333334;16.0;19.0;-3.0;16.0
14689;16.12;16.0;19.0;-3.0;16.0
14699;16.14;16.0;19.0;-3.0;16.0
14709;16.10333333333333;16.0;19.0;-3.0;16.0
14719;16.106666666666666;16.0;19.0;-3.0;16.0
14729;16.096666666666668;16.0;19.0;-3.0;16.0
14739;16.066666666666666;16.0;19.0;-3.0;16.0
14749;16.116666666666667;16.0;19.0;-3.0;16.0
14759;16.11;16.0;19.0;-3.0;16.0
14769;16.06;16.0;19.0;-3.0;16.0
14779;16.123333333333335;16.0;19.0;-3.0;16.0
14789;16.126666666666665;16.0;19.0;-3.0;16.0
14799;16.12;16.0;19.0;-3.0;16.0
14809;16.13;16.0;19.0;-3.0;16.0
14819;16.106666666666666;16.0;19.0;-3.0;16.0
14829;16.106666666666666;16.0;19.0;-3.0;16.0
14839;16.12;16.0;19.0;-3.0;16.0
14849;16.133333333333333;16.0;19.0;-3.0;16.0
14859;16.09;16.0;19.0;-3.0;16.0
14869;16.1;16.0;19.0;-3.0;16.0
14879;16.086666666666666;16.0;19.0;-3.0;16.0
14889;16.113333333333333;16.0;19.0;-3.0;16.0
14899;16.13;16.0;19.0;-3.0;16.0
14909;16.106666666666666;16.0;19.0;-3.0;16.0
14919;16.14666666666667;16.0;19.0;-3.0;16.0
14929;16.156666666666666;16.0;19.0;-3.0;16.0
14939;16.10333333333333;16.0;19.0;-3.0;16.0
14949;16.1;16.0;19.0;-3.0;16.0
14959;16.13;16.0;19.0;-3.0;16.0
14969;16.10333333333333;16.0;19.0;-3.0;16.0
14979;16.15;16.0;19.0;-3.0;16.0
14989;16.076666666666668;16.0;19.0;-3.0;16.0
14999;16.09;16.0;19.0;-3.0;16.0
