geracao;media da geracao;fitness do melhor da geracao;fitness do pior da geracao;relacao entre melhor e pior;fitness do melhor da run
Probabilidade Recombinação: 0.7
Probabilidade Mutação: 0.049999999999999996
Tipo de Selecção: Torneio
Tipo de Mutação: Simples Al.
Tamanho População: 300
Máximo de Gerações: 15000
0;84.60333333333334;69.0;101.0;-32.0;69.0
0;75.47333333333333;66.0;86.0;-20.0;66.0
9;57.53666666666667;55.0;61.0;-6.0;55.0
19;47.14333333333333;46.0;52.0;-6.0;46.0
29;41.04666666666667;41.0;43.0;-2.0;41.0
39;34.09;33.0;37.0;-4.0;33.0
49;31.263333333333332;31.0;34.0;-3.0;31.0
59;29.046666666666667;28.0;32.0;-4.0;28.0
69;26.12;26.0;29.0;-3.0;26.0
79;26.083333333333332;26.0;29.0;-3.0;26.0
89;25.12;25.0;28.0;-3.0;25.0
99;25.113333333333333;25.0;28.0;-3.0;25.0
109;25.036666666666665;23.0;28.0;-5.0;23.0
119;23.13;23.0;26.0;-3.0;23.0
129;22.126666666666665;22.0;25.0;-3.0;22.0
139;22.106666666666666;22.0;25.0;-3.0;22.0
149;22.053333333333335;22.0;25.0;-3.0;22.0
159;22.13;22.0;25.0;-3.0;22.0
169;22.07;22.0;25.0;-3.0;22.0
179;21.123333333333335;21.0;24.0;-3.0;21.0
189;20.086666666666666;20.0;23.0;-3.0;20.0
199;20.10333333333333;20.0;23.0;-3.0;20.0
209;20.13;20.0;23.0;-3.0;20.0
219;20.10333333333333;20.0;23.0;-3.0;20.0
229;20.086666666666666;20.0;23.0;-3.0;20.0
239;20.11;20.0;23.0;-3.0;20.0
249;20.066666666666666;20.0;23.0;-3.0;20.0
259;20.093333333333334;20.0;23.0;-3.0;20.0
269;20.06;20.0;23.0;-3.0;20.0
279;20.11;20.0;23.0;-3.0;20.0
289;20.10333333333333;20.0;23.0;-3.0;20.0
299;20.073333333333334;20.0;23.0;-3.0;20.0
309;20.10333333333333;20.0;23.0;-3.0;20.0
319;20.133333333333333;20.0;23.0;-3.0;20.0
329;20.12;20.0;23.0;-3.0;20.0
339;19.126666666666665;19.0;22.0;-3.0;19.0
349;19.14;19.0;22.0;-3.0;19.0
359;19.106666666666666;19.0;22.0;-3.0;19.0
369;19.113333333333333;19.0;22.0;-3.0;19.0
379;19.09;19.0;22.0;-3.0;19.0
389;19.066666666666666;19.0;22.0;-3.0;19.0
399;19.09;19.0;22.0;-3.0;19.0
409;19.083333333333332;19.0;22.0;-3.0;19.0
419;19.05666666666667;19.0;22.0;-3.0;19.0
429;19.076666666666668;19.0;22.0;-3.0;19.0
439;19.106666666666666;19.0;22.0;-3.0;19.0
449;19.153333333333332;19.0;22.0;-3.0;19.0
459;19.063333333333333;19.0;22.0;-3.0;19.0
469;19.096666666666668;19.0;22.0;-3.0;19.0
479;19.123333333333335;19.0;22.0;-3.0;19.0
489;18.183333333333334;18.0;21.0;-3.0;18.0
499;18.143333333333334;18.0;21.0;-3.0;18.0
509;18.15;18.0;21.0;-3.0;18.0
519;15.13;15.0;18.0;-3.0;15.0
529;15.073333333333334;15.0;18.0;-3.0;15.0
539;15.086666666666666;15.0;18.0;-3.0;15.0
549;15.116666666666667;15.0;18.0;-3.0;15.0
559;15.106666666666667;15.0;18.0;-3.0;15.0
569;15.103333333333333;15.0;18.0;-3.0;15.0
579;15.063333333333333;15.0;18.0;-3.0;15.0
589;15.106666666666667;15.0;18.0;-3.0;15.0
599;15.093333333333334;15.0;18.0;-3.0;15.0
609;15.106666666666667;15.0;18.0;-3.0;15.0
619;15.14;15.0;18.0;-3.0;15.0
629;15.106666666666667;15.0;18.0;-3.0;15.0
639;15.09;15.0;18.0;-3.0;15.0
649;15.1;15.0;18.0;-3.0;15.0
659;15.133333333333333;15.0;18.0;-3.0;15.0
669;15.08;15.0;18.0;-3.0;15.0
679;15.12;15.0;18.0;-3.0;15.0
689;15.123333333333333;15.0;18.0;-3.0;15.0
699;15.116666666666667;15.0;18.0;-3.0;15.0
709;15.076666666666666;15.0;18.0;-3.0;15.0
719;15.093333333333334;15.0;18.0;-3.0;15.0
729;15.156666666666666;15.0;18.0;-3.0;15.0
739;15.136666666666667;15.0;18.0;-3.0;15.0
749;15.126666666666667;15.0;18.0;-3.0;15.0
759;15.133333333333333;15.0;18.0;-3.0;15.0
769;15.06;15.0;18.0;-3.0;15.0
779;15.123333333333333;15.0;18.0;-3.0;15.0
789;15.103333333333333;15.0;18.0;-3.0;15.0
799;15.116666666666667;15.0;18.0;-3.0;15.0
809;15.093333333333334;15.0;18.0;-3.0;15.0
819;15.156666666666666;15.0;18.0;-3.0;15.0
829;15.153333333333334;15.0;18.0;-3.0;15.0
839;15.1;15.0;18.0;-3.0;15.0
849;15.113333333333333;15.0;18.0;-3.0;15.0
859;15.083333333333334;15.0;18.0;-3.0;15.0
869;15.12;15.0;18.0;-3.0;15.0
879;15.1;15.0;18.0;-3.0;15.0
889;15.146666666666667;15.0;18.0;-3.0;15.0
899;15.1;15.0;18.0;-3.0;15.0
909;15.106666666666667;15.0;18.0;-3.0;15.0
919;15.09;15.0;18.0;-3.0;15.0
929;15.096666666666666;15.0;18.0;-3.0;15.0
939;15.133333333333333;15.0;18.0;-3.0;15.0
949;15.163333333333334;15.0;18.0;-3.0;15.0
959;15.12;15.0;18.0;-3.0;15.0
969;15.16;15.0;18.0;-3.0;15.0
979;15.153333333333334;15.0;18.0;-3.0;15.0
989;15.066666666666666;15.0;18.0;-3.0;15.0
999;15.136666666666667;15.0;18.0;-3.0;15.0
1009;15.03;15.0;18.0;-3.0;15.0
1019;15.166666666666666;15.0;18.0;-3.0;15.0
1029;15.133333333333333;15.0;18.0;-3.0;15.0
1039;15.14;15.0;18.0;-3.0;15.0
1049;15.13;15.0;18.0;-3.0;15.0
1059;15.086666666666666;15.0;18.0;-3.0;15.0
1069;15.08;15.0;18.0;-3.0;15.0
1079;15.103333333333333;15.0;18.0;-3.0;15.0
1089;15.12;15.0;18.0;-3.0;15.0
1099;15.15;15.0;18.0;-3.0;15.0
1109;15.136666666666667;15.0;18.0;-3.0;15.0
1119;15.12;15.0;18.0;-3.0;15.0
1129;15.126666666666667;15.0;18.0;-3.0;15.0
1139;15.083333333333334;15.0;18.0;-3.0;15.0
1149;15.123333333333333;15.0;18.0;-3.0;15.0
1159;15.12;15.0;18.0;-3.0;15.0
1169;15.126666666666667;15.0;18.0;-3.0;15.0
1179;15.15;15.0;18.0;-3.0;15.0
1189;15.1;15.0;18.0;-3.0;15.0
1199;15.096666666666666;15.0;18.0;-3.0;15.0
1209;15.106666666666667;15.0;18.0;-3.0;15.0
1219;15.123333333333333;15.0;18.0;-3.0;15.0
1229;15.09;15.0;18.0;-3.0;15.0
1239;15.056666666666667;15.0;18.0;-3.0;15.0
1249;15.083333333333334;15.0;18.0;-3.0;15.0
1259;15.093333333333334;15.0;18.0;-3.0;15.0
1269;15.073333333333334;15.0;18.0;-3.0;15.0
1279;15.103333333333333;15.0;18.0;-3.0;15.0
1289;15.1;15.0;18.0;-3.0;15.0
1299;15.083333333333334;15.0;18.0;-3.0;15.0
1309;15.113333333333333;15.0;18.0;-3.0;15.0
1319;15.153333333333334;15.0;18.0;-3.0;15.0
1329;15.153333333333334;15.0;18.0;-3.0;15.0
1339;15.08;15.0;18.0;-3.0;15.0
1349;15.116666666666667;15.0;18.0;-3.0;15.0
1359;15.126666666666667;15.0;18.0;-3.0;15.0
1369;15.066666666666666;15.0;18.0;-3.0;15.0
1379;15.11;15.0;18.0;-3.0;15.0
1389;15.063333333333333;15.0;18.0;-3.0;15.0
1399;15.126666666666667;15.0;18.0;-3.0;15.0
1409;15.086666666666666;15.0;18.0;-3.0;15.0
1419;15.17;15.0;18.0;-3.0;15.0
1429;15.08;15.0;18.0;-3.0;15.0
1439;15.103333333333333;15.0;18.0;-3.0;15.0
1449;15.113333333333333;15.0;18.0;-3.0;15.0
1459;15.136666666666667;15.0;18.0;-3.0;15.0
1469;15.106666666666667;15.0;18.0;-3.0;15.0
1479;15.09;15.0;18.0;-3.0;15.0
1489;15.15;15.0;18.0;-3.0;15.0
1499;15.093333333333334;15.0;18.0;-3.0;15.0
1509;15.06;15.0;18.0;-3.0;15.0
1519;15.11;15.0;18.0;-3.0;15.0
1529;15.083333333333334;15.0;18.0;-3.0;15.0
1539;15.09;15.0;18.0;-3.0;15.0
1549;15.18;15.0;18.0;-3.0;15.0
1559;15.133333333333333;15.0;18.0;-3.0;15.0
1569;15.113333333333333;15.0;18.0;-3.0;15.0
1579;15.133333333333333;15.0;18.0;-3.0;15.0
1589;15.15;15.0;18.0;-3.0;15.0
1599;15.153333333333334;15.0;18.0;-3.0;15.0
1609;15.093333333333334;15.0;18.0;-3.0;15.0
1619;15.113333333333333;15.0;18.0;-3.0;15.0
1629;15.096666666666666;15.0;18.0;-3.0;15.0
1639;15.156666666666666;15.0;18.0;-3.0;15.0
1649;15.123333333333333;15.0;18.0;-3.0;15.0
1659;15.11;15.0;18.0;-3.0;15.0
1669;15.17;15.0;18.0;-3.0;15.0
1679;15.083333333333334;15.0;18.0;-3.0;15.0
1689;15.103333333333333;15.0;18.0;-3.0;15.0
1699;15.096666666666666;15.0;18.0;-3.0;15.0
1709;15.113333333333333;15.0;18.0;-3.0;15.0
1719;15.05;15.0;18.0;-3.0;15.0
1729;15.16;15.0;18.0;-3.0;15.0
1739;15.126666666666667;15.0;18.0;-3.0;15.0
1749;15.093333333333334;15.0;18.0;-3.0;15.0
1759;15.103333333333333;15.0;18.0;-3.0;15.0
1769;15.06;15.0;18.0;-3.0;15.0
1779;15.11;15.0;18.0;-3.0;15.0
1789;15.06;15.0;18.0;-3.0;15.0
1799;15.073333333333334;15.0;18.0;-3.0;15.0
1809;15.153333333333334;15.0;18.0;-3.0;15.0
1819;15.166666666666666;15.0;18.0;-3.0;15.0
1829;15.06;15.0;18.0;-3.0;15.0
1839;15.1;15.0;18.0;-3.0;15.0
1849;15.113333333333333;15.0;18.0;-3.0;15.0
1859;15.186666666666667;15.0;18.0;-3.0;15.0
1869;15.076666666666666;15.0;18.0;-3.0;15.0
1879;15.103333333333333;15.0;18.0;-3.0;15.0
1889;15.086666666666666;15.0;18.0;-3.0;15.0
1899;15.21;15.0;18.0;-3.0;15.0
1909;15.046666666666667;15.0;18.0;-3.0;15.0
1919;15.08;15.0;18.0;-3.0;15.0
1929;15.13;15.0;18.0;-3.0;15.0
1939;15.133333333333333;15.0;18.0;-3.0;15.0
1949;15.103333333333333;15.0;18.0;-3.0;15.0
1959;15.12;15.0;18.0;-3.0;15.0
1969;15.123333333333333;15.0;18.0;-3.0;15.0
1979;15.076666666666666;15.0;18.0;-3.0;15.0
1989;15.096666666666666;15.0;18.0;-3.0;15.0
1999;15.06;15.0;18.0;-3.0;15.0
2009;15.093333333333334;15.0;18.0;-3.0;15.0
2019;15.096666666666666;15.0;18.0;-3.0;15.0
2029;15.06;15.0;18.0;-3.0;15.0
2039;15.116666666666667;15.0;18.0;-3.0;15.0
2049;15.12;15.0;18.0;-3.0;15.0
2059;15.1;15.0;18.0;-3.0;15.0
2069;15.173333333333334;15.0;18.0;-3.0;15.0
2079;15.16;15.0;18.0;-3.0;15.0
2089;15.096666666666666;15.0;18.0;-3.0;15.0
2099;15.073333333333334;15.0;18.0;-3.0;15.0
2109;15.073333333333334;15.0;18.0;-3.0;15.0
2119;15.086666666666666;15.0;18.0;-3.0;15.0
2129;15.143333333333333;15.0;18.0;-3.0;15.0
2139;15.13;15.0;18.0;-3.0;15.0
2149;15.146666666666667;15.0;18.0;-3.0;15.0
2159;15.11;15.0;18.0;-3.0;15.0
2169;15.066666666666666;15.0;18.0;-3.0;15.0
2179;15.1;15.0;18.0;-3.0;15.0
2189;15.063333333333333;15.0;18.0;-3.0;15.0
2199;15.166666666666666;15.0;18.0;-3.0;15.0
2209;15.123333333333333;15.0;18.0;-3.0;15.0
2219;15.136666666666667;15.0;18.0;-3.0;15.0
2229;15.07;15.0;18.0;-3.0;15.0
2239;15.15;15.0;18.0;-3.0;15.0
2249;15.133333333333333;15.0;18.0;-3.0;15.0
2259;15.07;15.0;18.0;-3.0;15.0
2269;15.103333333333333;15.0;18.0;-3.0;15.0
2279;15.05;15.0;18.0;-3.0;15.0
2289;15.086666666666666;15.0;18.0;-3.0;15.0
2299;15.09;15.0;18.0;-3.0;15.0
2309;15.12;15.0;18.0;-3.0;15.0
2319;15.1;15.0;18.0;-3.0;15.0
2329;15.11;15.0;18.0;-3.0;15.0
2339;15.1;15.0;18.0;-3.0;15.0
2349;15.08;15.0;18.0;-3.0;15.0
2359;15.133333333333333;15.0;18.0;-3.0;15.0
2369;15.116666666666667;15.0;18.0;-3.0;15.0
2379;15.09;15.0;18.0;-3.0;15.0
2389;15.146666666666667;15.0;18.0;-3.0;15.0
2399;15.083333333333334;15.0;18.0;-3.0;15.0
2409;15.113333333333333;15.0;18.0;-3.0;15.0
2419;15.1;15.0;18.0;-3.0;15.0
2429;15.173333333333334;15.0;18.0;-3.0;15.0
2439;15.106666666666667;15.0;18.0;-3.0;15.0
2449;15.103333333333333;15.0;18.0;-3.0;15.0
2459;15.093333333333334;15.0;18.0;-3.0;15.0
2469;15.086666666666666;15.0;18.0;-3.0;15.0
2479;15.066666666666666;15.0;18.0;-3.0;15.0
2489;15.133333333333333;15.0;18.0;-3.0;15.0
2499;15.126666666666667;15.0;18.0;-3.0;15.0
2509;15.153333333333334;15.0;18.0;-3.0;15.0
2519;15.143333333333333;15.0;18.0;-3.0;15.0
2529;15.093333333333334;15.0;18.0;-3.0;15.0
2539;15.116666666666667;15.0;18.0;-3.0;15.0
2549;15.16;15.0;18.0;-3.0;15.0
2559;15.06;15.0;18.0;-3.0;15.0
2569;15.13;15.0;18.0;-3.0;15.0
2579;15.056666666666667;15.0;18.0;-3.0;15.0
2589;15.116666666666667;15.0;18.0;-3.0;15.0
2599;15.086666666666666;15.0;18.0;-3.0;15.0
2609;15.103333333333333;15.0;18.0;-3.0;15.0
2619;15.14;15.0;18.0;-3.0;15.0
2629;15.103333333333333;15.0;18.0;-3.0;15.0
2639;15.056666666666667;15.0;18.0;-3.0;15.0
2649;15.086666666666666;15.0;18.0;-3.0;15.0
2659;15.14;15.0;18.0;-3.0;15.0
2669;15.106666666666667;15.0;18.0;-3.0;15.0
2679;15.07;15.0;18.0;-3.0;15.0
2689;15.106666666666667;15.0;18.0;-3.0;15.0
2699;15.1;15.0;18.0;-3.0;15.0
2709;15.136666666666667;15.0;18.0;-3.0;15.0
2719;15.11;15.0;18.0;-3.0;15.0
2729;15.096666666666666;15.0;18.0;-3.0;15.0
2739;15.073333333333334;15.0;18.0;-3.0;15.0
2749;15.09;15.0;18.0;-3.0;15.0
2759;15.1;15.0;18.0;-3.0;15.0
2769;15.08;15.0;18.0;-3.0;15.0
2779;15.16;15.0;18.0;-3.0;15.0
2789;15.1;15.0;18.0;-3.0;15.0
2799;15.09;15.0;18.0;-3.0;15.0
2809;15.086666666666666;15.0;18.0;-3.0;15.0
2819;15.166666666666666;15.0;18.0;-3.0;15.0
2829;15.146666666666667;15.0;18.0;-3.0;15.0
2839;15.076666666666666;15.0;18.0;-3.0;15.0
2849;15.156666666666666;15.0;18.0;-3.0;15.0
2859;15.106666666666667;15.0;18.0;-3.0;15.0
2869;15.103333333333333;15.0;18.0;-3.0;15.0
2879;15.116666666666667;15.0;18.0;-3.0;15.0
2889;15.1;15.0;18.0;-3.0;15.0
2899;15.133333333333333;15.0;18.0;-3.0;15.0
2909;15.08;15.0;18.0;-3.0;15.0
2919;15.086666666666666;15.0;18.0;-3.0;15.0
2929;15.096666666666666;15.0;18.0;-3.0;15.0
2939;15.093333333333334;15.0;18.0;-3.0;15.0
2949;15.076666666666666;15.0;18.0;-3.0;15.0
2959;15.106666666666667;15.0;18.0;-3.0;15.0
2969;15.103333333333333;15.0;18.0;-3.0;15.0
2979;15.15;15.0;18.0;-3.0;15.0
2989;15.123333333333333;15.0;18.0;-3.0;15.0
2999;15.12;15.0;18.0;-3.0;15.0
3009;15.11;15.0;18.0;-3.0;15.0
3019;15.123333333333333;15.0;18.0;-3.0;15.0
3029;15.153333333333334;15.0;18.0;-3.0;15.0
3039;15.153333333333334;15.0;18.0;-3.0;15.0
3049;15.086666666666666;15.0;18.0;-3.0;15.0
3059;15.116666666666667;15.0;18.0;-3.0;15.0
3069;15.113333333333333;15.0;18.0;-3.0;15.0
3079;15.09;15.0;18.0;-3.0;15.0
3089;15.13;15.0;18.0;-3.0;15.0
3099;15.086666666666666;15.0;18.0;-3.0;15.0
3109;15.066666666666666;15.0;18.0;-3.0;15.0
3119;15.046666666666667;15.0;18.0;-3.0;15.0
3129;15.17;15.0;18.0;-3.0;15.0
3139;15.066666666666666;15.0;18.0;-3.0;15.0
3149;15.136666666666667;15.0;18.0;-3.0;15.0
3159;15.14;15.0;18.0;-3.0;15.0
3169;15.14;15.0;18.0;-3.0;15.0
3179;15.076666666666666;15.0;18.0;-3.0;15.0
3189;15.11;15.0;18.0;-3.0;15.0
3199;15.12;15.0;18.0;-3.0;15.0
3209;15.113333333333333;15.0;18.0;-3.0;15.0
3219;15.116666666666667;15.0;18.0;-3.0;15.0
3229;15.1;15.0;18.0;-3.0;15.0
3239;15.07;15.0;18.0;-3.0;15.0
3249;15.113333333333333;15.0;18.0;-3.0;15.0
3259;15.096666666666666;15.0;18.0;-3.0;15.0
3269;15.126666666666667;15.0;18.0;-3.0;15.0
3279;15.106666666666667;15.0;18.0;-3.0;15.0
3289;15.12;15.0;18.0;-3.0;15.0
3299;15.1;15.0;18.0;-3.0;15.0
3309;15.12;15.0;18.0;-3.0;15.0
3319;15.09;15.0;18.0;-3.0;15.0
3329;15.04;15.0;18.0;-3.0;15.0
3339;15.113333333333333;15.0;18.0;-3.0;15.0
3349;15.056666666666667;15.0;18.0;-3.0;15.0
3359;15.05;15.0;18.0;-3.0;15.0
3369;15.09;15.0;18.0;-3.0;15.0
3379;15.1;15.0;18.0;-3.0;15.0
3389;15.15;15.0;18.0;-3.0;15.0
3399;15.093333333333334;15.0;18.0;-3.0;15.0
3409;15.096666666666666;15.0;18.0;-3.0;15.0
3419;15.113333333333333;15.0;18.0;-3.0;15.0
3429;15.043333333333333;15.0;18.0;-3.0;15.0
3439;15.116666666666667;15.0;18.0;-3.0;15.0
3449;15.12;15.0;18.0;-3.0;15.0
3459;15.173333333333334;15.0;18.0;-3.0;15.0
3469;15.086666666666666;15.0;18.0;-3.0;15.0
3479;15.143333333333333;15.0;18.0;-3.0;15.0
3489;15.133333333333333;15.0;18.0;-3.0;15.0
3499;15.09;15.0;18.0;-3.0;15.0
3509;15.126666666666667;15.0;18.0;-3.0;15.0
3519;15.11;15.0;18.0;-3.0;15.0
3529;15.106666666666667;15.0;18.0;-3.0;15.0
3539;15.103333333333333;15.0;18.0;-3.0;15.0
3549;15.076666666666666;15.0;18.0;-3.0;15.0
3559;15.136666666666667;15.0;18.0;-3.0;15.0
3569;15.11;15.0;18.0;-3.0;15.0
3579;15.13;15.0;18.0;-3.0;15.0
3589;15.133333333333333;15.0;18.0;-3.0;15.0
3599;15.096666666666666;15.0;18.0;-3.0;15.0
3609;15.116666666666667;15.0;18.0;-3.0;15.0
3619;15.083333333333334;15.0;18.0;-3.0;15.0
3629;15.146666666666667;15.0;18.0;-3.0;15.0
3639;15.086666666666666;15.0;18.0;-3.0;15.0
3649;15.073333333333334;15.0;18.0;-3.0;15.0
3659;15.086666666666666;15.0;18.0;-3.0;15.0
3669;15.053333333333333;15.0;18.0;-3.0;15.0
3679;15.1;15.0;18.0;-3.0;15.0
3689;15.136666666666667;15.0;18.0;-3.0;15.0
3699;15.086666666666666;15.0;18.0;-3.0;15.0
3709;15.086666666666666;15.0;18.0;-3.0;15.0
3719;15.14;15.0;18.0;-3.0;15.0
3729;15.133333333333333;15.0;18.0;-3.0;15.0
3739;15.106666666666667;15.0;18.0;-3.0;15.0
3749;15.14;15.0;18.0;-3.0;15.0
3759;15.103333333333333;15.0;18.0;-3.0;15.0
3769;15.096666666666666;15.0;18.0;-3.0;15.0
3779;15.11;15.0;18.0;-3.0;15.0
3789;15.106666666666667;15.0;18.0;-3.0;15.0
3799;15.1;15.0;18.0;-3.0;15.0
3809;15.126666666666667;15.0;18.0;-3.0;15.0
3819;15.103333333333333;15.0;18.0;-3.0;15.0
3829;15.103333333333333;15.0;18.0;-3.0;15.0
3839;15.133333333333333;15.0;18.0;-3.0;15.0
3849;15.063333333333333;15.0;18.0;-3.0;15.0
3859;15.09;15.0;18.0;-3.0;15.0
3869;15.163333333333334;15.0;18.0;-3.0;15.0
3879;15.126666666666667;15.0;18.0;-3.0;15.0
3889;15.146666666666667;15.0;18.0;-3.0;15.0
3899;15.11;15.0;18.0;-3.0;15.0
3909;15.106666666666667;15.0;18.0;-3.0;15.0
3919;15.073333333333334;15.0;18.0;-3.0;15.0
3929;15.133333333333333;15.0;18.0;-3.0;15.0
3939;15.14;15.0;18.0;-3.0;15.0
3949;15.09;15.0;18.0;-3.0;15.0
3959;15.143333333333333;15.0;18.0;-3.0;15.0
3969;15.133333333333333;15.0;18.0;-3.0;15.0
3979;15.173333333333334;15.0;18.0;-3.0;15.0
3989;15.09;15.0;18.0;-3.0;15.0
3999;15.106666666666667;15.0;18.0;-3.0;15.0
4009;15.136666666666667;15.0;18.0;-3.0;15.0
4019;15.096666666666666;15.0;18.0;-3.0;15.0
4029;15.133333333333333;15.0;18.0;-3.0;15.0
4039;15.113333333333333;15.0;18.0;-3.0;15.0
4049;15.103333333333333;15.0;18.0;-3.0;15.0
4059;15.076666666666666;15.0;18.0;-3.0;15.0
4069;15.086666666666666;15.0;18.0;-3.0;15.0
4079;15.13;15.0;18.0;-3.0;15.0
4089;15.116666666666667;15.0;18.0;-3.0;15.0
4099;15.103333333333333;15.0;18.0;-3.0;15.0
4109;15.116666666666667;15.0;18.0;-3.0;15.0
4119;15.09;15.0;18.0;-3.0;15.0
4129;15.04;15.0;18.0;-3.0;15.0
4139;15.153333333333334;15.0;18.0;-3.0;15.0
4149;15.116666666666667;15.0;18.0;-3.0;15.0
4159;15.093333333333334;15.0;18.0;-3.0;15.0
4169;15.07;15.0;18.0;-3.0;15.0
4179;15.136666666666667;15.0;18.0;-3.0;15.0
4189;15.12;15.0;18.0;-3.0;15.0
4199;15.113333333333333;15.0;18.0;-3.0;15.0
4209;15.133333333333333;15.0;18.0;-3.0;15.0
4219;15.113333333333333;15.0;18.0;-3.0;15.0
4229;15.046666666666667;15.0;18.0;-3.0;15.0
4239;15.116666666666667;15.0;18.0;-3.0;15.0
4249;15.07;15.0;18.0;-3.0;15.0
4259;15.106666666666667;15.0;18.0;-3.0;15.0
4269;15.066666666666666;15.0;18.0;-3.0;15.0
4279;15.16;15.0;18.0;-3.0;15.0
4289;15.086666666666666;15.0;18.0;-3.0;15.0
4299;15.186666666666667;15.0;18.0;-3.0;15.0
4309;15.12;15.0;18.0;-3.0;15.0
4319;15.096666666666666;15.0;18.0;-3.0;15.0
4329;15.143333333333333;15.0;18.0;-3.0;15.0
4339;15.133333333333333;15.0;18.0;-3.0;15.0
4349;15.09;15.0;18.0;-3.0;15.0
4359;15.106666666666667;15.0;18.0;-3.0;15.0
4369;15.11;15.0;18.0;-3.0;15.0
4379;15.086666666666666;15.0;18.0;-3.0;15.0
4389;15.12;15.0;18.0;-3.0;15.0
4399;15.143333333333333;15.0;18.0;-3.0;15.0
4409;15.116666666666667;15.0;18.0;-3.0;15.0
4419;15.113333333333333;15.0;18.0;-3.0;15.0
4429;15.146666666666667;15.0;18.0;-3.0;15.0
4439;15.12;15.0;18.0;-3.0;15.0
4449;15.133333333333333;15.0;18.0;-3.0;15.0
4459;15.06;15.0;18.0;-3.0;15.0
4469;15.083333333333334;15.0;18.0;-3.0;15.0
4479;15.063333333333333;15.0;18.0;-3.0;15.0
4489;15.083333333333334;15.0;18.0;-3.0;15.0
4499;15.106666666666667;15.0;18.0;-3.0;15.0
4509;15.096666666666666;15.0;18.0;-3.0;15.0
4519;15.103333333333333;15.0;18.0;-3.0;15.0
4529;15.183333333333334;15.0;18.0;-3.0;15.0
4539;15.106666666666667;15.0;18.0;-3.0;15.0
4549;15.07;15.0;18.0;-3.0;15.0
4559;15.093333333333334;15.0;18.0;-3.0;15.0
4569;15.09;15.0;18.0;-3.0;15.0
4579;15.146666666666667;15.0;18.0;-3.0;15.0
4589;15.08;15.0;18.0;-3.0;15.0
4599;15.093333333333334;15.0;18.0;-3.0;15.0
4609;15.086666666666666;15.0;18.0;-3.0;15.0
4619;15.06;15.0;18.0;-3.0;15.0
4629;15.123333333333333;15.0;18.0;-3.0;15.0
4639;15.07;15.0;18.0;-3.0;15.0
4649;15.083333333333334;15.0;18.0;-3.0;15.0
4659;15.113333333333333;15.0;18.0;-3.0;15.0
4669;15.096666666666666;15.0;18.0;-3.0;15.0
4679;15.086666666666666;15.0;18.0;-3.0;15.0
4689;15.103333333333333;15.0;18.0;-3.0;15.0
4699;15.063333333333333;15.0;18.0;-3.0;15.0
4709;15.113333333333333;15.0;18.0;-3.0;15.0
4719;15.143333333333333;15.0;18.0;-3.0;15.0
4729;15.12;15.0;18.0;-3.0;15.0
4739;15.096666666666666;15.0;18.0;-3.0;15.0
4749;15.103333333333333;15.0;18.0;-3.0;15.0
4759;15.103333333333333;15.0;18.0;-3.0;15.0
4769;15.096666666666666;15.0;18.0;-3.0;15.0
4779;15.056666666666667;15.0;18.0;-3.0;15.0
4789;15.13;15.0;18.0;-3.0;15.0
4799;15.053333333333333;15.0;18.0;-3.0;15.0
4809;15.106666666666667;15.0;18.0;-3.0;15.0
4819;15.14;15.0;18.0;-3.0;15.0
4829;15.063333333333333;15.0;18.0;-3.0;15.0
4839;15.043333333333333;15.0;18.0;-3.0;15.0
4849;15.096666666666666;15.0;18.0;-3.0;15.0
4859;15.15;15.0;18.0;-3.0;15.0
4869;15.123333333333333;15.0;18.0;-3.0;15.0
4879;15.1;15.0;18.0;-3.0;15.0
4889;15.063333333333333;15.0;18.0;-3.0;15.0
4899;15.073333333333334;15.0;18.0;-3.0;15.0
4909;15.14;15.0;18.0;-3.0;15.0
4919;15.143333333333333;15.0;18.0;-3.0;15.0
4929;15.15;15.0;18.0;-3.0;15.0
4939;15.163333333333334;15.0;18.0;-3.0;15.0
4949;15.133333333333333;15.0;18.0;-3.0;15.0
4959;15.076666666666666;15.0;18.0;-3.0;15.0
4969;15.096666666666666;15.0;18.0;-3.0;15.0
4979;15.14;15.0;18.0;-3.0;15.0
4989;15.093333333333334;15.0;18.0;-3.0;15.0
4999;15.12;15.0;18.0;-3.0;15.0
5009;15.093333333333334;15.0;18.0;-3.0;15.0
5019;15.106666666666667;15.0;18.0;-3.0;15.0
5029;15.17;15.0;18.0;-3.0;15.0
5039;15.146666666666667;15.0;18.0;-3.0;15.0
5049;15.11;15.0;18.0;-3.0;15.0
5059;15.083333333333334;15.0;18.0;-3.0;15.0
5069;15.106666666666667;15.0;18.0;-3.0;15.0
5079;15.08;15.0;18.0;-3.0;15.0
5089;15.096666666666666;15.0;18.0;-3.0;15.0
5099;15.126666666666667;15.0;18.0;-3.0;15.0
5109;15.133333333333333;15.0;18.0;-3.0;15.0
5119;15.11;15.0;18.0;-3.0;15.0
5129;15.07;15.0;18.0;-3.0;15.0
5139;15.093333333333334;15.0;18.0;-3.0;15.0
5149;15.116666666666667;15.0;18.0;-3.0;15.0
5159;15.083333333333334;15.0;18.0;-3.0;15.0
5169;15.146666666666667;15.0;18.0;-3.0;15.0
5179;15.1;15.0;18.0;-3.0;15.0
5189;15.123333333333333;15.0;18.0;-3.0;15.0
5199;15.126666666666667;15.0;18.0;-3.0;15.0
5209;15.176666666666666;15.0;18.0;-3.0;15.0
5219;15.096666666666666;15.0;18.0;-3.0;15.0
5229;15.106666666666667;15.0;18.0;-3.0;15.0
5239;15.093333333333334;15.0;18.0;-3.0;15.0
5249;15.06;15.0;18.0;-3.0;15.0
5259;15.096666666666666;15.0;18.0;-3.0;15.0
5269;15.09;15.0;18.0;-3.0;15.0
5279;15.116666666666667;15.0;18.0;-3.0;15.0
5289;15.076666666666666;15.0;18.0;-3.0;15.0
5299;15.103333333333333;15.0;18.0;-3.0;15.0
5309;15.073333333333334;15.0;18.0;-3.0;15.0
5319;15.126666666666667;15.0;18.0;-3.0;15.0
5329;15.093333333333334;15.0;18.0;-3.0;15.0
5339;14.183333333333334;13.0;17.0;-4.0;13.0
5349;13.14;13.0;16.0;-3.0;13.0
5359;13.086666666666666;13.0;16.0;-3.0;13.0
5369;13.153333333333334;13.0;16.0;-3.0;13.0
5379;13.083333333333334;13.0;16.0;-3.0;13.0
5389;13.09;13.0;16.0;-3.0;13.0
5399;13.116666666666667;13.0;16.0;-3.0;13.0
5409;13.12;13.0;16.0;-3.0;13.0
5419;13.066666666666666;13.0;16.0;-3.0;13.0
5429;13.076666666666666;13.0;16.0;-3.0;13.0
5439;13.086666666666666;13.0;16.0;-3.0;13.0
5449;13.11;13.0;16.0;-3.0;13.0
5459;13.12;13.0;16.0;-3.0;13.0
5469;13.126666666666667;13.0;16.0;-3.0;13.0
5479;13.07;13.0;16.0;-3.0;13.0
5489;13.08;13.0;16.0;-3.0;13.0
5499;13.103333333333333;13.0;16.0;-3.0;13.0
5509;13.103333333333333;13.0;16.0;-3.0;13.0
5519;13.126666666666667;13.0;16.0;-3.0;13.0
5529;13.12;13.0;16.0;-3.0;13.0
5539;13.076666666666666;13.0;16.0;-3.0;13.0
5549;13.133333333333333;13.0;16.0;-3.0;13.0
5559;13.103333333333333;13.0;16.0;-3.0;13.0
5569;13.126666666666667;13.0;16.0;-3.0;13.0
5579;13.113333333333333;13.0;16.0;-3.0;13.0
5589;13.143333333333333;13.0;16.0;-3.0;13.0
5599;13.083333333333334;13.0;16.0;-3.0;13.0
5609;13.096666666666666;13.0;16.0;-3.0;13.0
5619;13.186666666666667;13.0;16.0;-3.0;13.0
5629;13.133333333333333;13.0;16.0;-3.0;13.0
5639;13.126666666666667;13.0;16.0;-3.0;13.0
5649;13.096666666666666;13.0;16.0;-3.0;13.0
5659;13.086666666666666;13.0;16.0;-3.0;13.0
5669;13.09;13.0;16.0;-3.0;13.0
5679;13.123333333333333;13.0;16.0;-3.0;13.0
5689;13.1;13.0;16.0;-3.0;13.0
5699;13.093333333333334;13.0;16.0;-3.0;13.0
5709;13.073333333333334;13.0;16.0;-3.0;13.0
5719;13.143333333333333;13.0;16.0;-3.0;13.0
5729;13.116666666666667;13.0;16.0;-3.0;13.0
5739;13.12;13.0;16.0;-3.0;13.0
5749;13.143333333333333;13.0;16.0;-3.0;13.0
5759;13.08;13.0;16.0;-3.0;13.0
5769;13.056666666666667;13.0;16.0;-3.0;13.0
5779;13.173333333333334;13.0;16.0;-3.0;13.0
5789;13.093333333333334;13.0;16.0;-3.0;13.0
5799;13.123333333333333;13.0;16.0;-3.0;13.0
5809;13.13;13.0;16.0;-3.0;13.0
5819;13.11;13.0;16.0;-3.0;13.0
5829;13.143333333333333;13.0;16.0;-3.0;13.0
5839;13.143333333333333;13.0;16.0;-3.0;13.0
5849;13.13;13.0;16.0;-3.0;13.0
5859;13.133333333333333;13.0;16.0;-3.0;13.0
5869;13.11;13.0;16.0;-3.0;13.0
5879;13.09;13.0;16.0;-3.0;13.0
5889;13.033333333333333;13.0;16.0;-3.0;13.0
5899;13.103333333333333;13.0;16.0;-3.0;13.0
5909;13.116666666666667;13.0;16.0;-3.0;13.0
5919;13.113333333333333;13.0;16.0;-3.0;13.0
5929;13.13;13.0;16.0;-3.0;13.0
5939;13.113333333333333;13.0;16.0;-3.0;13.0
5949;13.126666666666667;13.0;16.0;-3.0;13.0
5959;13.113333333333333;13.0;16.0;-3.0;13.0
5969;13.083333333333334;13.0;16.0;-3.0;13.0
5979;13.093333333333334;13.0;16.0;-3.0;13.0
5989;13.17;13.0;16.0;-3.0;13.0
5999;13.16;13.0;16.0;-3.0;13.0
6009;13.086666666666666;13.0;16.0;-3.0;13.0
6019;13.08;13.0;16.0;-3.0;13.0
6029;13.11;13.0;16.0;-3.0;13.0
6039;13.13;13.0;16.0;-3.0;13.0
6049;13.166666666666666;13.0;16.0;-3.0;13.0
6059;13.1;13.0;16.0;-3.0;13.0
6069;13.076666666666666;13.0;16.0;-3.0;13.0
6079;13.103333333333333;13.0;16.0;-3.0;13.0
6089;13.156666666666666;13.0;16.0;-3.0;13.0
6099;13.146666666666667;13.0;16.0;-3.0;13.0
6109;13.163333333333334;13.0;16.0;-3.0;13.0
6119;13.146666666666667;13.0;16.0;-3.0;13.0
6129;13.08;13.0;16.0;-3.0;13.0
6139;13.126666666666667;13.0;16.0;-3.0;13.0
6149;13.05;13.0;16.0;-3.0;13.0
6159;13.163333333333334;13.0;16.0;-3.0;13.0
6169;13.15;13.0;16.0;-3.0;13.0
6179;13.13;13.0;16.0;-3.0;13.0
6189;13.12;13.0;16.0;-3.0;13.0
6199;13.073333333333334;13.0;16.0;-3.0;13.0
6209;13.15;13.0;16.0;-3.0;13.0
6219;13.14;13.0;16.0;-3.0;13.0
6229;13.08;13.0;16.0;-3.0;13.0
6239;13.096666666666666;13.0;16.0;-3.0;13.0
6249;13.11;13.0;16.0;-3.0;13.0
6259;13.11;13.0;16.0;-3.0;13.0
6269;13.113333333333333;13.0;16.0;-3.0;13.0
6279;13.18;13.0;16.0;-3.0;13.0
6289;13.106666666666667;13.0;16.0;-3.0;13.0
6299;13.103333333333333;13.0;16.0;-3.0;13.0
6309;13.093333333333334;13.0;16.0;-3.0;13.0
6319;13.14;13.0;16.0;-3.0;13.0
6329;13.093333333333334;13.0;16.0;-3.0;13.0
6339;13.113333333333333;13.0;16.0;-3.0;13.0
6349;13.13;13.0;16.0;-3.0;13.0
6359;13.153333333333334;13.0;16.0;-3.0;13.0
6369;13.136666666666667;13.0;16.0;-3.0;13.0
6379;13.093333333333334;13.0;16.0;-3.0;13.0
6389;13.09;13.0;16.0;-3.0;13.0
6399;13.11;13.0;16.0;-3.0;13.0
6409;13.123333333333333;13.0;16.0;-3.0;13.0
6419;13.086666666666666;13.0;16.0;-3.0;13.0
6429;13.146666666666667;13.0;16.0;-3.0;13.0
6439;13.106666666666667;13.0;16.0;-3.0;13.0
6449;13.116666666666667;13.0;16.0;-3.0;13.0
6459;13.09;13.0;16.0;-3.0;13.0
6469;13.083333333333334;13.0;16.0;-3.0;13.0
6479;13.13;13.0;16.0;-3.0;13.0
6489;13.103333333333333;13.0;16.0;-3.0;13.0
6499;13.09;13.0;16.0;-3.0;13.0
6509;13.14;13.0;16.0;-3.0;13.0
6519;13.08;13.0;16.0;-3.0;13.0
6529;13.076666666666666;13.0;16.0;-3.0;13.0
6539;13.146666666666667;13.0;16.0;-3.0;13.0
6549;13.143333333333333;13.0;16.0;-3.0;13.0
6559;13.13;13.0;16.0;-3.0;13.0
6569;13.153333333333334;13.0;16.0;-3.0;13.0
6579;13.12;13.0;16.0;-3.0;13.0
6589;13.086666666666666;13.0;16.0;-3.0;13.0
6599;13.093333333333334;13.0;16.0;-3.0;13.0
6609;13.16;13.0;16.0;-3.0;13.0
6619;13.123333333333333;13.0;16.0;-3.0;13.0
6629;13.193333333333333;13.0;16.0;-3.0;13.0
6639;13.126666666666667;13.0;16.0;-3.0;13.0
6649;13.113333333333333;13.0;16.0;-3.0;13.0
6659;13.106666666666667;13.0;16.0;-3.0;13.0
6669;13.17;13.0;16.0;-3.0;13.0
6679;13.1;13.0;16.0;-3.0;13.0
6689;13.06;13.0;16.0;-3.0;13.0
6699;13.14;13.0;16.0;-3.0;13.0
6709;13.13;13.0;16.0;-3.0;13.0
6719;13.126666666666667;13.0;16.0;-3.0;13.0
6729;13.103333333333333;13.0;16.0;-3.0;13.0
6739;13.12;13.0;16.0;-3.0;13.0
6749;13.143333333333333;13.0;16.0;-3.0;13.0
6759;13.13;13.0;16.0;-3.0;13.0
6769;13.12;13.0;16.0;-3.0;13.0
6779;13.123333333333333;13.0;16.0;-3.0;13.0
6789;13.093333333333334;13.0;16.0;-3.0;13.0
6799;13.126666666666667;13.0;16.0;-3.0;13.0
6809;13.103333333333333;13.0;16.0;-3.0;13.0
6819;13.093333333333334;13.0;16.0;-3.0;13.0
6829;13.146666666666667;13.0;16.0;-3.0;13.0
6839;13.116666666666667;13.0;16.0;-3.0;13.0
6849;13.08;13.0;16.0;-3.0;13.0
6859;13.056666666666667;13.0;16.0;-3.0;13.0
6869;13.106666666666667;13.0;16.0;-3.0;13.0
6879;13.073333333333334;13.0;16.0;-3.0;13.0
6889;13.1;13.0;16.0;-3.0;13.0
6899;13.093333333333334;13.0;16.0;-3.0;13.0
6909;13.113333333333333;13.0;16.0;-3.0;13.0
6919;13.063333333333333;13.0;16.0;-3.0;13.0
6929;13.136666666666667;13.0;16.0;-3.0;13.0
6939;13.096666666666666;13.0;16.0;-3.0;13.0
6949;13.093333333333334;13.0;16.0;-3.0;13.0
6959;13.1;13.0;16.0;-3.0;13.0
6969;13.093333333333334;13.0;16.0;-3.0;13.0
6979;13.05;13.0;16.0;-3.0;13.0
6989;13.186666666666667;13.0;16.0;-3.0;13.0
6999;13.136666666666667;13.0;16.0;-3.0;13.0
7009;13.123333333333333;13.0;16.0;-3.0;13.0
7019;13.073333333333334;13.0;16.0;-3.0;13.0
7029;13.033333333333333;13.0;16.0;-3.0;13.0
7039;13.143333333333333;13.0;16.0;-3.0;13.0
7049;13.043333333333333;13.0;16.0;-3.0;13.0
7059;13.086666666666666;13.0;16.0;-3.0;13.0
7069;13.123333333333333;13.0;16.0;-3.0;13.0
7079;13.11;13.0;16.0;-3.0;13.0
7089;13.086666666666666;13.0;16.0;-3.0;13.0
7099;13.123333333333333;13.0;16.0;-3.0;13.0
7109;13.063333333333333;13.0;16.0;-3.0;13.0
7119;13.163333333333334;13.0;16.0;-3.0;13.0
7129;13.076666666666666;13.0;16.0;-3.0;13.0
7139;13.08;13.0;16.0;-3.0;13.0
7149;13.15;13.0;16.0;-3.0;13.0
7159;13.066666666666666;13.0;16.0;-3.0;13.0
7169;13.103333333333333;13.0;16.0;-3.0;13.0
7179;13.13;13.0;16.0;-3.0;13.0
7189;13.1;13.0;16.0;-3.0;13.0
7199;13.116666666666667;13.0;16.0;-3.0;13.0
7209;13.116666666666667;13.0;16.0;-3.0;13.0
7219;13.08;13.0;16.0;-3.0;13.0
7229;13.08;13.0;16.0;-3.0;13.0
7239;13.073333333333334;13.0;16.0;-3.0;13.0
7249;13.12;13.0;16.0;-3.0;13.0
7259;13.123333333333333;13.0;16.0;-3.0;13.0
7269;13.093333333333334;13.0;16.0;-3.0;13.0
7279;13.083333333333334;13.0;16.0;-3.0;13.0
7289;13.11;13.0;16.0;-3.0;13.0
7299;13.146666666666667;13.0;16.0;-3.0;13.0
7309;13.13;13.0;16.0;-3.0;13.0
7319;13.12;13.0;16.0;-3.0;13.0
7329;13.11;13.0;16.0;-3.0;13.0
7339;13.043333333333333;13.0;16.0;-3.0;13.0
7349;13.103333333333333;13.0;16.0;-3.0;13.0
7359;13.083333333333334;13.0;16.0;-3.0;13.0
7369;13.16;13.0;16.0;-3.0;13.0
7379;13.086666666666666;13.0;16.0;-3.0;13.0
7389;13.17;13.0;16.0;-3.0;13.0
7399;13.083333333333334;13.0;16.0;-3.0;13.0
7409;13.096666666666666;13.0;16.0;-3.0;13.0
7419;13.093333333333334;13.0;16.0;-3.0;13.0
7429;13.066666666666666;13.0;16.0;-3.0;13.0
7439;13.083333333333334;13.0;16.0;-3.0;13.0
7449;13.06;13.0;16.0;-3.0;13.0
7459;13.096666666666666;13.0;16.0;-3.0;13.0
7469;13.146666666666667;13.0;16.0;-3.0;13.0
7479;13.103333333333333;13.0;16.0;-3.0;13.0
7489;13.096666666666666;13.0;16.0;-3.0;13.0
7499;13.123333333333333;13.0;16.0;-3.0;13.0
7509;13.14;13.0;16.0;-3.0;13.0
7519;13.056666666666667;13.0;16.0;-3.0;13.0
7529;13.1;13.0;16.0;-3.0;13.0
7539;13.106666666666667;13.0;16.0;-3.0;13.0
7549;13.11;13.0;16.0;-3.0;13.0
7559;13.12;13.0;16.0;-3.0;13.0
7569;13.08;13.0;16.0;-3.0;13.0
7579;13.11;13.0;16.0;-3.0;13.0
7589;13.136666666666667;13.0;16.0;-3.0;13.0
7599;13.173333333333334;13.0;16.0;-3.0;13.0
7609;13.106666666666667;13.0;16.0;-3.0;13.0
7619;13.126666666666667;13.0;16.0;-3.0;13.0
7629;13.086666666666666;13.0;16.0;-3.0;13.0
7639;13.09;13.0;16.0;-3.0;13.0
7649;13.14;13.0;16.0;-3.0;13.0
7659;13.053333333333333;13.0;16.0;-3.0;13.0
7669;13.143333333333333;13.0;16.0;-3.0;13.0
7679;13.18;13.0;16.0;-3.0;13.0
7689;13.07;13.0;16.0;-3.0;13.0
7699;13.143333333333333;13.0;16.0;-3.0;13.0
7709;13.17;13.0;16.0;-3.0;13.0
7719;13.076666666666666;13.0;16.0;-3.0;13.0
7729;13.113333333333333;13.0;16.0;-3.0;13.0
7739;13.096666666666666;13.0;16.0;-3.0;13.0
7749;13.15;13.0;16.0;-3.0;13.0
7759;13.126666666666667;13.0;16.0;-3.0;13.0
7769;13.126666666666667;13.0;16.0;-3.0;13.0
7779;13.163333333333334;13.0;16.0;-3.0;13.0
7789;13.063333333333333;13.0;16.0;-3.0;13.0
7799;13.14;13.0;16.0;-3.0;13.0
7809;13.1;13.0;16.0;-3.0;13.0
7819;13.086666666666666;13.0;16.0;-3.0;13.0
7829;13.17;13.0;16.0;-3.0;13.0
7839;13.093333333333334;13.0;16.0;-3.0;13.0
7849;13.15;13.0;16.0;-3.0;13.0
7859;13.143333333333333;13.0;16.0;-3.0;13.0
7869;13.163333333333334;13.0;16.0;-3.0;13.0
7879;13.093333333333334;13.0;16.0;-3.0;13.0
7889;13.123333333333333;13.0;16.0;-3.0;13.0
7899;13.13;13.0;16.0;-3.0;13.0
7909;13.01;13.0;15.0;-2.0;13.0
7919;13.106666666666667;13.0;16.0;-3.0;13.0
7929;13.176666666666666;13.0;16.0;-3.0;13.0
7939;13.14;13.0;16.0;-3.0;13.0
7949;13.203333333333333;13.0;16.0;-3.0;13.0
7959;13.126666666666667;13.0;16.0;-3.0;13.0
7969;13.086666666666666;13.0;16.0;-3.0;13.0
7979;13.133333333333333;13.0;16.0;-3.0;13.0
7989;13.073333333333334;13.0;16.0;-3.0;13.0
7999;13.173333333333334;13.0;16.0;-3.0;13.0
8009;13.136666666666667;13.0;16.0;-3.0;13.0
8019;13.11;13.0;16.0;-3.0;13.0
8029;13.116666666666667;13.0;16.0;-3.0;13.0
8039;13.08;13.0;16.0;-3.0;13.0
8049;13.123333333333333;13.0;16.0;-3.0;13.0
8059;13.116666666666667;13.0;16.0;-3.0;13.0
8069;13.093333333333334;13.0;16.0;-3.0;13.0
8079;13.12;13.0;16.0;-3.0;13.0
8089;13.096666666666666;13.0;16.0;-3.0;13.0
8099;13.1;13.0;16.0;-3.0;13.0
8109;13.13;13.0;16.0;-3.0;13.0
8119;13.116666666666667;13.0;16.0;-3.0;13.0
8129;13.15;13.0;16.0;-3.0;13.0
8139;13.163333333333334;13.0;16.0;-3.0;13.0
8149;13.116666666666667;13.0;16.0;-3.0;13.0
8159;13.083333333333334;13.0;16.0;-3.0;13.0
8169;13.133333333333333;13.0;16.0;-3.0;13.0
8179;13.073333333333334;13.0;16.0;-3.0;13.0
8189;13.093333333333334;13.0;16.0;-3.0;13.0
8199;13.136666666666667;13.0;16.0;-3.0;13.0
8209;13.13;13.0;16.0;-3.0;13.0
8219;13.12;13.0;16.0;-3.0;13.0
8229;13.116666666666667;13.0;16.0;-3.0;13.0
8239;13.18;13.0;16.0;-3.0;13.0
8249;13.073333333333334;13.0;16.0;-3.0;13.0
8259;13.106666666666667;13.0;16.0;-3.0;13.0
8269;13.096666666666666;13.0;16.0;-3.0;13.0
8279;13.096666666666666;13.0;16.0;-3.0;13.0
8289;13.126666666666667;13.0;16.0;-3.0;13.0
8299;13.08;13.0;16.0;-3.0;13.0
8309;13.153333333333334;13.0;16.0;-3.0;13.0
8319;13.126666666666667;13.0;16.0;-3.0;13.0
8329;13.14;13.0;16.0;-3.0;13.0
8339;13.103333333333333;13.0;16.0;-3.0;13.0
8349;13.126666666666667;13.0;16.0;-3.0;13.0
8359;13.126666666666667;13.0;16.0;-3.0;13.0
8369;13.07;13.0;16.0;-3.0;13.0
8379;13.113333333333333;13.0;16.0;-3.0;13.0
8389;13.073333333333334;13.0;16.0;-3.0;13.0
8399;13.19;13.0;16.0;-3.0;13.0
8409;13.123333333333333;13.0;16.0;-3.0;13.0
8419;13.1;13.0;16.0;-3.0;13.0
8429;13.14;13.0;16.0;-3.0;13.0
8439;13.103333333333333;13.0;16.0;-3.0;13.0
8449;13.13;13.0;16.0;-3.0;13.0
8459;13.093333333333334;13.0;16.0;-3.0;13.0
8469;13.136666666666667;13.0;16.0;-3.0;13.0
8479;13.073333333333334;13.0;16.0;-3.0;13.0
8489;13.15;13.0;16.0;-3.0;13.0
8499;13.086666666666666;13.0;16.0;-3.0;13.0
8509;13.09;13.0;16.0;-3.0;13.0
8519;13.086666666666666;13.0;16.0;-3.0;13.0
8529;13.096666666666666;13.0;16.0;-3.0;13.0
8539;13.133333333333333;13.0;16.0;-3.0;13.0
8549;13.12;13.0;16.0;-3.0;13.0
8559;13.143333333333333;13.0;16.0;-3.0;13.0
8569;13.136666666666667;13.0;16.0;-3.0;13.0
8579;13.11;13.0;16.0;-3.0;13.0
8589;13.123333333333333;13.0;16.0;-3.0;13.0
8599;13.056666666666667;13.0;16.0;-3.0;13.0
8609;13.113333333333333;13.0;16.0;-3.0;13.0
8619;13.093333333333334;13.0;16.0;-3.0;13.0
8629;13.1;13.0;16.0;-3.0;13.0
8639;13.096666666666666;13.0;16.0;-3.0;13.0
8649;13.076666666666666;13.0;16.0;-3.0;13.0
8659;13.116666666666667;13.0;16.0;-3.0;13.0
8669;13.156666666666666;13.0;16.0;-3.0;13.0
8679;13.126666666666667;13.0;16.0;-3.0;13.0
8689;13.076666666666666;13.0;16.0;-3.0;13.0
8699;13.093333333333334;13.0;16.0;-3.0;13.0
8709;13.093333333333334;13.0;16.0;-3.0;13.0
8719;13.116666666666667;13.0;16.0;-3.0;13.0
8729;13.07;13.0;16.0;-3.0;13.0
8739;13.106666666666667;13.0;16.0;-3.0;13.0
8749;13.106666666666667;13.0;16.0;-3.0;13.0
8759;13.16;13.0;16.0;-3.0;13.0
8769;13.15;13.0;16.0;-3.0;13.0
8779;13.13;13.0;16.0;-3.0;13.0
8789;13.13;13.0;16.0;-3.0;13.0
8799;13.113333333333333;13.0;16.0;-3.0;13.0
8809;13.103333333333333;13.0;16.0;-3.0;13.0
8819;13.133333333333333;13.0;16.0;-3.0;13.0
8829;13.093333333333334;13.0;16.0;-3.0;13.0
8839;13.116666666666667;13.0;16.0;-3.0;13.0
8849;13.12;13.0;16.0;-3.0;13.0
8859;13.123333333333333;13.0;16.0;-3.0;13.0
8869;13.156666666666666;13.0;16.0;-3.0;13.0
8879;13.106666666666667;13.0;16.0;-3.0;13.0
8889;13.106666666666667;13.0;16.0;-3.0;13.0
8899;13.146666666666667;13.0;16.0;-3.0;13.0
8909;13.093333333333334;13.0;16.0;-3.0;13.0
8919;13.1;13.0;16.0;-3.0;13.0
8929;13.09;13.0;16.0;-3.0;13.0
8939;13.15;13.0;16.0;-3.0;13.0
8949;13.036666666666667;13.0;16.0;-3.0;13.0
8959;13.096666666666666;13.0;16.0;-3.0;13.0
8969;13.1;13.0;16.0;-3.0;13.0
8979;13.133333333333333;13.0;16.0;-3.0;13.0
8989;13.193333333333333;13.0;16.0;-3.0;13.0
8999;13.096666666666666;13.0;16.0;-3.0;13.0
9009;13.15;13.0;16.0;-3.0;13.0
9019;13.09;13.0;16.0;-3.0;13.0
9029;13.16;13.0;16.0;-3.0;13.0
9039;13.13;13.0;16.0;-3.0;13.0
9049;13.073333333333334;13.0;16.0;-3.0;13.0
9059;13.076666666666666;13.0;16.0;-3.0;13.0
9069;13.106666666666667;13.0;16.0;-3.0;13.0
9079;13.116666666666667;13.0;16.0;-3.0;13.0
9089;13.13;13.0;16.0;-3.0;13.0
9099;13.133333333333333;13.0;16.0;-3.0;13.0
9109;13.11;13.0;16.0;-3.0;13.0
9119;13.136666666666667;13.0;16.0;-3.0;13.0
9129;13.113333333333333;13.0;16.0;-3.0;13.0
9139;13.13;13.0;16.0;-3.0;13.0
9149;13.12;13.0;16.0;-3.0;13.0
9159;13.09;13.0;16.0;-3.0;13.0
9169;13.1;13.0;16.0;-3.0;13.0
9179;13.16;13.0;16.0;-3.0;13.0
9189;13.106666666666667;13.0;16.0;-3.0;13.0
9199;13.12;13.0;16.0;-3.0;13.0
9209;13.136666666666667;13.0;16.0;-3.0;13.0
9219;13.05;13.0;16.0;-3.0;13.0
9229;13.093333333333334;13.0;16.0;-3.0;13.0
9239;13.15;13.0;16.0;-3.0;13.0
9249;13.076666666666666;13.0;16.0;-3.0;13.0
9259;13.11;13.0;16.0;-3.0;13.0
9269;13.133333333333333;13.0;16.0;-3.0;13.0
9279;13.096666666666666;13.0;16.0;-3.0;13.0
9289;13.133333333333333;13.0;16.0;-3.0;13.0
9299;13.073333333333334;13.0;16.0;-3.0;13.0
9309;13.14;13.0;16.0;-3.0;13.0
9319;13.083333333333334;13.0;16.0;-3.0;13.0
9329;13.09;13.0;16.0;-3.0;13.0
9339;13.18;13.0;16.0;-3.0;13.0
9349;13.103333333333333;13.0;16.0;-3.0;13.0
9359;13.156666666666666;13.0;16.0;-3.0;13.0
9369;13.113333333333333;13.0;16.0;-3.0;13.0
9379;13.063333333333333;13.0;16.0;-3.0;13.0
9389;13.113333333333333;13.0;16.0;-3.0;13.0
9399;13.136666666666667;13.0;16.0;-3.0;13.0
9409;13.103333333333333;13.0;16.0;-3.0;13.0
9419;13.13;13.0;16.0;-3.0;13.0
9429;13.056666666666667;13.0;16.0;-3.0;13.0
9439;13.113333333333333;13.0;16.0;-3.0;13.0
9449;13.106666666666667;13.0;16.0;-3.0;13.0
9459;13.093333333333334;13.0;16.0;-3.0;13.0
9469;13.13;13.0;16.0;-3.0;13.0
9479;13.146666666666667;13.0;16.0;-3.0;13.0
9489;13.15;13.0;16.0;-3.0;13.0
9499;13.116666666666667;13.0;16.0;-3.0;13.0
9509;13.076666666666666;13.0;16.0;-3.0;13.0
9519;13.14;13.0;16.0;-3.0;13.0
9529;13.09;13.0;16.0;-3.0;13.0
9539;13.13;13.0;16.0;-3.0;13.0
9549;13.103333333333333;13.0;16.0;-3.0;13.0
9559;13.116666666666667;13.0;16.0;-3.0;13.0
9569;13.113333333333333;13.0;16.0;-3.0;13.0
9579;13.14;13.0;16.0;-3.0;13.0
9589;13.096666666666666;13.0;16.0;-3.0;13.0
9599;13.09;13.0;16.0;-3.0;13.0
9609;13.083333333333334;13.0;16.0;-3.0;13.0
9619;13.096666666666666;13.0;16.0;-3.0;13.0
9629;13.08;13.0;16.0;-3.0;13.0
9639;13.126666666666667;13.0;16.0;-3.0;13.0
9649;13.11;13.0;16.0;-3.0;13.0
9659;13.093333333333334;13.0;16.0;-3.0;13.0
9669;13.113333333333333;13.0;16.0;-3.0;13.0
9679;13.103333333333333;13.0;16.0;-3.0;13.0
9689;13.103333333333333;13.0;16.0;-3.0;13.0
9699;13.173333333333334;13.0;16.0;-3.0;13.0
9709;13.11;13.0;16.0;-3.0;13.0
9719;13.15;13.0;16.0;-3.0;13.0
9729;13.113333333333333;13.0;16.0;-3.0;13.0
9739;13.15;13.0;16.0;-3.0;13.0
9749;13.066666666666666;13.0;16.0;-3.0;13.0
9759;13.116666666666667;13.0;16.0;-3.0;13.0
9769;13.126666666666667;13.0;16.0;-3.0;13.0
9779;13.113333333333333;13.0;16.0;-3.0;13.0
9789;13.07;13.0;16.0;-3.0;13.0
9799;13.043333333333333;13.0;16.0;-3.0;13.0
9809;13.116666666666667;13.0;16.0;-3.0;13.0
9819;13.07;13.0;16.0;-3.0;13.0
9829;13.06;13.0;16.0;-3.0;13.0
9839;13.11;13.0;16.0;-3.0;13.0
9849;13.136666666666667;13.0;16.0;-3.0;13.0
9859;13.096666666666666;13.0;16.0;-3.0;13.0
9869;13.103333333333333;13.0;16.0;-3.0;13.0
9879;13.07;13.0;16.0;-3.0;13.0
9889;13.106666666666667;13.0;16.0;-3.0;13.0
9899;13.15;13.0;16.0;-3.0;13.0
9909;13.12;13.0;16.0;-3.0;13.0
9919;13.156666666666666;13.0;16.0;-3.0;13.0
9929;13.12;13.0;16.0;-3.0;13.0
9939;13.126666666666667;13.0;16.0;-3.0;13.0
9949;13.14;13.0;16.0;-3.0;13.0
9959;13.14;13.0;16.0;-3.0;13.0
9969;13.106666666666667;13.0;16.0;-3.0;13.0
9979;13.123333333333333;13.0;16.0;-3.0;13.0
9989;13.16;13.0;16.0;-3.0;13.0
9999;13.073333333333334;13.0;16.0;-3.0;13.0
10009;13.126666666666667;13.0;16.0;-3.0;13.0
10019;13.106666666666667;13.0;16.0;-3.0;13.0
10029;13.113333333333333;13.0;16.0;-3.0;13.0
10039;13.116666666666667;13.0;16.0;-3.0;13.0
10049;13.11;13.0;16.0;-3.0;13.0
10059;13.11;13.0;16.0;-3.0;13.0
10069;13.193333333333333;13.0;16.0;-3.0;13.0
10079;13.136666666666667;13.0;16.0;-3.0;13.0
10089;13.11;13.0;16.0;-3.0;13.0
10099;13.14;13.0;16.0;-3.0;13.0
10109;13.14;13.0;16.0;-3.0;13.0
10119;13.1;13.0;16.0;-3.0;13.0
10129;13.183333333333334;13.0;16.0;-3.0;13.0
10139;13.136666666666667;13.0;16.0;-3.0;13.0
10149;13.093333333333334;13.0;16.0;-3.0;13.0
10159;13.086666666666666;13.0;16.0;-3.0;13.0
10169;13.1;13.0;16.0;-3.0;13.0
10179;13.116666666666667;13.0;16.0;-3.0;13.0
10189;13.113333333333333;13.0;16.0;-3.0;13.0
10199;13.123333333333333;13.0;16.0;-3.0;13.0
10209;13.113333333333333;13.0;16.0;-3.0;13.0
10219;13.11;13.0;16.0;-3.0;13.0
10229;13.12;13.0;16.0;-3.0;13.0
10239;13.113333333333333;13.0;16.0;-3.0;13.0
10249;13.096666666666666;13.0;16.0;-3.0;13.0
10259;13.17;13.0;16.0;-3.0;13.0
10269;13.14;13.0;16.0;-3.0;13.0
10279;13.12;13.0;16.0;-3.0;13.0
10289;13.123333333333333;13.0;16.0;-3.0;13.0
10299;13.076666666666666;13.0;16.0;-3.0;13.0
10309;13.1;13.0;16.0;-3.0;13.0
10319;13.113333333333333;13.0;16.0;-3.0;13.0
10329;13.083333333333334;13.0;16.0;-3.0;13.0
10339;13.123333333333333;13.0;16.0;-3.0;13.0
10349;13.056666666666667;13.0;16.0;-3.0;13.0
10359;13.13;13.0;16.0;-3.0;13.0
10369;13.043333333333333;13.0;16.0;-3.0;13.0
10379;13.163333333333334;13.0;16.0;-3.0;13.0
10389;13.076666666666666;13.0;16.0;-3.0;13.0
10399;13.136666666666667;13.0;16.0;-3.0;13.0
10409;13.09;13.0;16.0;-3.0;13.0
10419;13.093333333333334;13.0;16.0;-3.0;13.0
10429;13.106666666666667;13.0;16.0;-3.0;13.0
10439;13.103333333333333;13.0;16.0;-3.0;13.0
10449;13.15;13.0;16.0;-3.0;13.0
10459;13.143333333333333;13.0;16.0;-3.0;13.0
10469;13.1;13.0;16.0;-3.0;13.0
10479;13.11;13.0;16.0;-3.0;13.0
10489;13.06;13.0;16.0;-3.0;13.0
10499;13.07;13.0;16.0;-3.0;13.0
10509;13.1;13.0;16.0;-3.0;13.0
10519;13.05;13.0;16.0;-3.0;13.0
10529;13.183333333333334;13.0;16.0;-3.0;13.0
10539;13.08;13.0;16.0;-3.0;13.0
10549;13.13;13.0;16.0;-3.0;13.0
10559;13.093333333333334;13.0;16.0;-3.0;13.0
10569;13.113333333333333;13.0;16.0;-3.0;13.0
10579;13.11;13.0;16.0;-3.0;13.0
10589;13.116666666666667;13.0;16.0;-3.0;13.0
10599;13.12;13.0;16.0;-3.0;13.0
10609;13.09;13.0;16.0;-3.0;13.0
10619;13.103333333333333;13.0;16.0;-3.0;13.0
10629;13.103333333333333;13.0;16.0;-3.0;13.0
10639;13.14;13.0;16.0;-3.0;13.0
10649;13.123333333333333;13.0;16.0;-3.0;13.0
10659;13.106666666666667;13.0;16.0;-3.0;13.0
10669;13.153333333333334;13.0;16.0;-3.0;13.0
10679;13.143333333333333;13.0;16.0;-3.0;13.0
10689;13.1;13.0;16.0;-3.0;13.0
10699;13.143333333333333;13.0;16.0;-3.0;13.0
10709;13.12;13.0;16.0;-3.0;13.0
10719;13.093333333333334;13.0;16.0;-3.0;13.0
10729;13.123333333333333;13.0;16.0;-3.0;13.0
10739;13.126666666666667;13.0;16.0;-3.0;13.0
10749;13.126666666666667;13.0;16.0;-3.0;13.0
10759;13.156666666666666;13.0;16.0;-3.0;13.0
10769;13.093333333333334;13.0;16.0;-3.0;13.0
10779;13.096666666666666;13.0;16.0;-3.0;13.0
10789;13.086666666666666;13.0;16.0;-3.0;13.0
10799;13.116666666666667;13.0;16.0;-3.0;13.0
10809;13.126666666666667;13.0;16.0;-3.0;13.0
10819;13.1;13.0;16.0;-3.0;13.0
10829;13.146666666666667;13.0;16.0;-3.0;13.0
10839;13.096666666666666;13.0;16.0;-3.0;13.0
10849;13.126666666666667;13.0;16.0;-3.0;13.0
10859;13.076666666666666;13.0;16.0;-3.0;13.0
10869;13.093333333333334;13.0;16.0;-3.0;13.0
10879;13.1;13.0;16.0;-3.0;13.0
10889;13.09;13.0;16.0;-3.0;13.0
10899;13.09;13.0;16.0;-3.0;13.0
10909;13.14;13.0;16.0;-3.0;13.0
10919;13.093333333333334;13.0;16.0;-3.0;13.0
10929;13.16;13.0;16.0;-3.0;13.0
10939;13.093333333333334;13.0;16.0;-3.0;13.0
10949;13.11;13.0;16.0;-3.0;13.0
10959;13.076666666666666;13.0;16.0;-3.0;13.0
10969;13.103333333333333;13.0;16.0;-3.0;13.0
10979;13.14;13.0;16.0;-3.0;13.0
10989;13.11;13.0;16.0;-3.0;13.0
10999;13.1;13.0;16.0;-3.0;13.0
11009;13.143333333333333;13.0;16.0;-3.0;13.0
11019;13.116666666666667;13.0;16.0;-3.0;13.0
11029;13.143333333333333;13.0;16.0;-3.0;13.0
11039;13.106666666666667;13.0;16.0;-3.0;13.0
11049;13.136666666666667;13.0;16.0;-3.0;13.0
11059;13.053333333333333;13.0;16.0;-3.0;13.0
11069;13.1;13.0;16.0;-3.0;13.0
11079;13.093333333333334;13.0;16.0;-3.0;13.0
11089;13.093333333333334;13.0;16.0;-3.0;13.0
11099;13.096666666666666;13.0;16.0;-3.0;13.0
11109;13.073333333333334;13.0;16.0;-3.0;13.0
11119;13.113333333333333;13.0;16.0;-3.0;13.0
11129;13.106666666666667;13.0;16.0;-3.0;13.0
11139;13.11;13.0;16.0;-3.0;13.0
11149;13.07;13.0;16.0;-3.0;13.0
11159;13.113333333333333;13.0;16.0;-3.0;13.0
11169;13.096666666666666;13.0;16.0;-3.0;13.0
11179;13.09;13.0;16.0;-3.0;13.0
11189;13.14;13.0;16.0;-3.0;13.0
11199;13.11;13.0;16.0;-3.0;13.0
11209;13.156666666666666;13.0;16.0;-3.0;13.0
11219;13.143333333333333;13.0;16.0;-3.0;13.0
11229;13.106666666666667;13.0;16.0;-3.0;13.0
11239;13.106666666666667;13.0;16.0;-3.0;13.0
11249;13.133333333333333;13.0;16.0;-3.0;13.0
11259;13.08;13.0;16.0;-3.0;13.0
11269;13.136666666666667;13.0;16.0;-3.0;13.0
11279;13.126666666666667;13.0;16.0;-3.0;13.0
11289;13.133333333333333;13.0;16.0;-3.0;13.0
11299;13.086666666666666;13.0;16.0;-3.0;13.0
11309;13.106666666666667;13.0;16.0;-3.0;13.0
11319;13.163333333333334;13.0;16.0;-3.0;13.0
11329;13.156666666666666;13.0;16.0;-3.0;13.0
11339;13.066666666666666;13.0;16.0;-3.0;13.0
11349;13.12;13.0;16.0;-3.0;13.0
11359;13.143333333333333;13.0;16.0;-3.0;13.0
11369;13.156666666666666;13.0;16.0;-3.0;13.0
11379;13.113333333333333;13.0;16.0;-3.0;13.0
11389;13.1;13.0;16.0;-3.0;13.0
11399;13.093333333333334;13.0;16.0;-3.0;13.0
11409;13.096666666666666;13.0;16.0;-3.0;13.0
11419;13.123333333333333;13.0;16.0;-3.0;13.0
11429;13.103333333333333;13.0;16.0;-3.0;13.0
11439;13.13;13.0;16.0;-3.0;13.0
11449;13.066666666666666;13.0;16.0;-3.0;13.0
11459;13.123333333333333;13.0;16.0;-3.0;13.0
11469;13.11;13.0;16.0;-3.0;13.0
11479;13.093333333333334;13.0;16.0;-3.0;13.0
11489;13.116666666666667;13.0;16.0;-3.0;13.0
11499;13.123333333333333;13.0;16.0;-3.0;13.0
11509;13.153333333333334;13.0;16.0;-3.0;13.0
11519;13.156666666666666;13.0;16.0;-3.0;13.0
11529;13.143333333333333;13.0;16.0;-3.0;13.0
11539;13.07;13.0;16.0;-3.0;13.0
11549;13.143333333333333;13.0;16.0;-3.0;13.0
11559;13.113333333333333;13.0;16.0;-3.0;13.0
11569;13.103333333333333;13.0;16.0;-3.0;13.0
11579;13.113333333333333;13.0;16.0;-3.0;13.0
11589;13.116666666666667;13.0;16.0;-3.0;13.0
11599;13.133333333333333;13.0;16.0;-3.0;13.0
11609;13.103333333333333;13.0;16.0;-3.0;13.0
11619;13.156666666666666;13.0;16.0;-3.0;13.0
11629;13.206666666666667;13.0;16.0;-3.0;13.0
11639;13.09;13.0;16.0;-3.0;13.0
11649;13.163333333333334;13.0;16.0;-3.0;13.0
11659;13.096666666666666;13.0;16.0;-3.0;13.0
11669;13.08;13.0;16.0;-3.0;13.0
11679;13.136666666666667;13.0;16.0;-3.0;13.0
11689;13.106666666666667;13.0;16.0;-3.0;13.0
11699;13.1;13.0;16.0;-3.0;13.0
11709;13.066666666666666;13.0;16.0;-3.0;13.0
11719;13.12;13.0;16.0;-3.0;13.0
11729;13.123333333333333;13.0;16.0;-3.0;13.0
11739;13.103333333333333;13.0;16.0;-3.0;13.0
11749;13.12;13.0;16.0;-3.0;13.0
11759;13.116666666666667;13.0;16.0;-3.0;13.0
11769;13.13;13.0;16.0;-3.0;13.0
11779;13.1;13.0;16.0;-3.0;13.0
11789;13.056666666666667;13.0;16.0;-3.0;13.0
11799;13.08;13.0;16.0;-3.0;13.0
11809;13.08;13.0;16.0;-3.0;13.0
11819;13.083333333333334;13.0;16.0;-3.0;13.0
11829;13.09;13.0;16.0;-3.0;13.0
11839;13.116666666666667;13.0;16.0;-3.0;13.0
11849;13.123333333333333;13.0;16.0;-3.0;13.0
11859;13.13;13.0;16.0;-3.0;13.0
11869;13.136666666666667;13.0;16.0;-3.0;13.0
11879;13.153333333333334;13.0;16.0;-3.0;13.0
11889;13.056666666666667;13.0;16.0;-3.0;13.0
11899;13.073333333333334;13.0;16.0;-3.0;13.0
11909;13.103333333333333;13.0;16.0;-3.0;13.0
11919;13.126666666666667;13.0;16.0;-3.0;13.0
11929;13.14;13.0;16.0;-3.0;13.0
11939;13.083333333333334;13.0;16.0;-3.0;13.0
11949;13.083333333333334;13.0;16.0;-3.0;13.0
11959;13.083333333333334;13.0;16.0;-3.0;13.0
11969;13.136666666666667;13.0;16.0;-3.0;13.0
11979;13.12;13.0;16.0;-3.0;13.0
11989;13.066666666666666;13.0;16.0;-3.0;13.0
11999;13.103333333333333;13.0;16.0;-3.0;13.0
12009;13.066666666666666;13.0;16.0;-3.0;13.0
12019;13.086666666666666;13.0;16.0;-3.0;13.0
12029;13.123333333333333;13.0;16.0;-3.0;13.0
12039;13.103333333333333;13.0;16.0;-3.0;13.0
12049;13.073333333333334;13.0;16.0;-3.0;13.0
12059;13.106666666666667;13.0;16.0;-3.0;13.0
12069;13.103333333333333;13.0;16.0;-3.0;13.0
12079;13.096666666666666;13.0;16.0;-3.0;13.0
12089;13.066666666666666;13.0;16.0;-3.0;13.0
12099;13.13;13.0;16.0;-3.0;13.0
12109;13.123333333333333;13.0;16.0;-3.0;13.0
12119;13.09;13.0;16.0;-3.0;13.0
12129;13.1;13.0;16.0;-3.0;13.0
12139;13.12;13.0;16.0;-3.0;13.0
12149;13.13;13.0;16.0;-3.0;13.0
12159;13.093333333333334;13.0;16.0;-3.0;13.0
12169;13.086666666666666;13.0;16.0;-3.0;13.0
12179;13.153333333333334;13.0;16.0;-3.0;13.0
12189;13.126666666666667;13.0;16.0;-3.0;13.0
12199;13.15;13.0;16.0;-3.0;13.0
12209;13.126666666666667;13.0;16.0;-3.0;13.0
12219;13.113333333333333;13.0;16.0;-3.0;13.0
12229;13.086666666666666;13.0;16.0;-3.0;13.0
12239;13.183333333333334;13.0;16.0;-3.0;13.0
12249;13.123333333333333;13.0;16.0;-3.0;13.0
12259;13.08;13.0;16.0;-3.0;13.0
12269;13.12;13.0;16.0;-3.0;13.0
12279;13.103333333333333;13.0;16.0;-3.0;13.0
12289;13.176666666666666;13.0;16.0;-3.0;13.0
12299;13.113333333333333;13.0;16.0;-3.0;13.0
12309;13.146666666666667;13.0;16.0;-3.0;13.0
12319;13.076666666666666;13.0;16.0;-3.0;13.0
12329;13.083333333333334;13.0;16.0;-3.0;13.0
12339;13.106666666666667;13.0;16.0;-3.0;13.0
12349;13.096666666666666;13.0;16.0;-3.0;13.0
12359;13.153333333333334;13.0;16.0;-3.0;13.0
12369;13.123333333333333;13.0;16.0;-3.0;13.0
12379;13.14;13.0;16.0;-3.0;13.0
12389;13.126666666666667;13.0;16.0;-3.0;13.0
12399;13.083333333333334;13.0;16.0;-3.0;13.0
12409;13.116666666666667;13.0;16.0;-3.0;13.0
12419;13.15;13.0;16.0;-3.0;13.0
12429;13.086666666666666;13.0;16.0;-3.0;13.0
12439;13.086666666666666;13.0;16.0;-3.0;13.0
12449;13.056666666666667;13.0;16.0;-3.0;13.0
12459;13.1;13.0;16.0;-3.0;13.0
12469;13.106666666666667;13.0;16.0;-3.0;13.0
12479;13.09;13.0;16.0;-3.0;13.0
12489;13.116666666666667;13.0;16.0;-3.0;13.0
12499;13.056666666666667;13.0;16.0;-3.0;13.0
12509;13.12;13.0;16.0;-3.0;13.0
12519;13.146666666666667;13.0;16.0;-3.0;13.0
12529;13.14;13.0;16.0;-3.0;13.0
12539;13.14;13.0;16.0;-3.0;13.0
12549;13.123333333333333;13.0;16.0;-3.0;13.0
12559;13.076666666666666;13.0;16.0;-3.0;13.0
12569;13.103333333333333;13.0;16.0;-3.0;13.0
12579;13.12;13.0;16.0;-3.0;13.0
12589;13.08;13.0;16.0;-3.0;13.0
12599;13.123333333333333;13.0;16.0;-3.0;13.0
12609;13.08;13.0;16.0;-3.0;13.0
12619;13.146666666666667;13.0;16.0;-3.0;13.0
12629;13.15;13.0;16.0;-3.0;13.0
12639;13.08;13.0;16.0;-3.0;13.0
12649;13.076666666666666;13.0;16.0;-3.0;13.0
12659;13.103333333333333;13.0;16.0;-3.0;13.0
12669;13.15;13.0;16.0;-3.0;13.0
12679;13.11;13.0;16.0;-3.0;13.0
12689;13.08;13.0;16.0;-3.0;13.0
12699;13.103333333333333;13.0;16.0;-3.0;13.0
12709;13.106666666666667;13.0;16.0;-3.0;13.0
12719;13.13;13.0;16.0;-3.0;13.0
12729;13.123333333333333;13.0;16.0;-3.0;13.0
12739;13.146666666666667;13.0;16.0;-3.0;13.0
12749;13.15;13.0;16.0;-3.0;13.0
12759;13.086666666666666;13.0;16.0;-3.0;13.0
12769;13.103333333333333;13.0;16.0;-3.0;13.0
12779;13.12;13.0;16.0;-3.0;13.0
12789;13.096666666666666;13.0;16.0;-3.0;13.0
12799;13.08;13.0;16.0;-3.0;13.0
12809;13.12;13.0;16.0;-3.0;13.0
12819;13.08;13.0;16.0;-3.0;13.0
12829;13.126666666666667;13.0;16.0;-3.0;13.0
12839;13.196666666666667;13.0;16.0;-3.0;13.0
12849;13.106666666666667;13.0;16.0;-3.0;13.0
12859;13.106666666666667;13.0;16.0;-3.0;13.0
12869;13.156666666666666;13.0;16.0;-3.0;13.0
12879;13.113333333333333;13.0;16.0;-3.0;13.0
12889;13.163333333333334;13.0;16.0;-3.0;13.0
12899;13.12;13.0;16.0;-3.0;13.0
12909;13.076666666666666;13.0;16.0;-3.0;13.0
12919;13.12;13.0;16.0;-3.0;13.0
12929;13.116666666666667;13.0;16.0;-3.0;13.0
12939;13.06;13.0;16.0;-3.0;13.0
12949;13.09;13.0;16.0;-3.0;13.0
12959;13.066666666666666;13.0;16.0;-3.0;13.0
12969;13.123333333333333;13.0;16.0;-3.0;13.0
12979;13.103333333333333;13.0;16.0;-3.0;13.0
12989;13.143333333333333;13.0;16.0;-3.0;13.0
12999;13.123333333333333;13.0;16.0;-3.0;13.0
13009;13.12;13.0;16.0;-3.0;13.0
13019;13.076666666666666;13.0;16.0;-3.0;13.0
13029;13.123333333333333;13.0;16.0;-3.0;13.0
13039;13.12;13.0;16.0;-3.0;13.0
13049;13.15;13.0;16.0;-3.0;13.0
13059;13.08;13.0;16.0;-3.0;13.0
13069;13.17;13.0;16.0;-3.0;13.0
13079;13.16;13.0;16.0;-3.0;13.0
13089;13.086666666666666;13.0;16.0;-3.0;13.0
13099;13.12;13.0;16.0;-3.0;13.0
13109;13.06;13.0;16.0;-3.0;13.0
13119;13.146666666666667;13.0;16.0;-3.0;13.0
13129;13.076666666666666;13.0;16.0;-3.0;13.0
13139;13.1;13.0;16.0;-3.0;13.0
13149;13.073333333333334;13.0;16.0;-3.0;13.0
13159;13.1;13.0;16.0;-3.0;13.0
13169;13.15;13.0;16.0;-3.0;13.0
13179;13.11;13.0;16.0;-3.0;13.0
13189;13.083333333333334;13.0;16.0;-3.0;13.0
13199;13.166666666666666;13.0;16.0;-3.0;13.0
13209;13.1;13.0;16.0;-3.0;13.0
13219;13.09;13.0;16.0;-3.0;13.0
13229;13.113333333333333;13.0;16.0;-3.0;13.0
13239;13.083333333333334;13.0;16.0;-3.0;13.0
13249;13.16;13.0;16.0;-3.0;13.0
13259;13.156666666666666;13.0;16.0;-3.0;13.0
13269;13.16;13.0;16.0;-3.0;13.0
13279;13.063333333333333;13.0;16.0;-3.0;13.0
13289;13.123333333333333;13.0;16.0;-3.0;13.0
13299;13.126666666666667;13.0;16.0;-3.0;13.0
13309;13.106666666666667;13.0;16.0;-3.0;13.0
13319;13.093333333333334;13.0;16.0;-3.0;13.0
13329;13.18;13.0;16.0;-3.0;13.0
13339;13.046666666666667;13.0;16.0;-3.0;13.0
13349;13.15;13.0;16.0;-3.0;13.0
13359;13.086666666666666;13.0;16.0;-3.0;13.0
13369;13.066666666666666;13.0;16.0;-3.0;13.0
13379;13.096666666666666;13.0;16.0;-3.0;13.0
13389;13.073333333333334;13.0;16.0;-3.0;13.0
13399;13.12;13.0;16.0;-3.0;13.0
13409;13.163333333333334;13.0;16.0;-3.0;13.0
13419;13.146666666666667;13.0;16.0;-3.0;13.0
13429;13.08;13.0;16.0;-3.0;13.0
13439;13.156666666666666;13.0;16.0;-3.0;13.0
13449;13.176666666666666;13.0;16.0;-3.0;13.0
13459;13.1;13.0;16.0;-3.0;13.0
13469;13.13;13.0;16.0;-3.0;13.0
13479;13.123333333333333;13.0;16.0;-3.0;13.0
13489;13.096666666666666;13.0;16.0;-3.0;13.0
13499;13.103333333333333;13.0;16.0;-3.0;13.0
13509;13.12;13.0;16.0;-3.0;13.0
13519;13.123333333333333;13.0;16.0;-3.0;13.0
13529;13.133333333333333;13.0;16.0;-3.0;13.0
13539;13.173333333333334;13.0;16.0;-3.0;13.0
13549;13.1;13.0;16.0;-3.0;13.0
13559;13.016666666666667;13.0;15.0;-2.0;13.0
13569;13.15;13.0;16.0;-3.0;13.0
13579;13.146666666666667;13.0;16.0;-3.0;13.0
13589;13.126666666666667;13.0;16.0;-3.0;13.0
13599;13.163333333333334;13.0;16.0;-3.0;13.0
13609;13.153333333333334;13.0;16.0;-3.0;13.0
13619;13.133333333333333;13.0;16.0;-3.0;13.0
13629;13.04;13.0;16.0;-3.0;13.0
13639;13.11;13.0;16.0;-3.0;13.0
13649;13.113333333333333;13.0;16.0;-3.0;13.0
13659;13.14;13.0;16.0;-3.0;13.0
13669;13.123333333333333;13.0;16.0;-3.0;13.0
13679;13.076666666666666;13.0;16.0;-3.0;13.0
13689;13.166666666666666;13.0;16.0;-3.0;13.0
13699;13.11;13.0;16.0;-3.0;13.0
13709;13.056666666666667;13.0;16.0;-3.0;13.0
13719;13.126666666666667;13.0;16.0;-3.0;13.0
13729;13.086666666666666;13.0;16.0;-3.0;13.0
13739;13.17;13.0;16.0;-3.0;13.0
13749;13.063333333333333;13.0;16.0;-3.0;13.0
13759;13.163333333333334;13.0;16.0;-3.0;13.0
13769;13.206666666666667;13.0;16.0;-3.0;13.0
13779;13.146666666666667;13.0;16.0;-3.0;13.0
13789;13.156666666666666;13.0;16.0;-3.0;13.0
13799;13.143333333333333;13.0;16.0;-3.0;13.0
13809;13.126666666666667;13.0;16.0;-3.0;13.0
13819;13.13;13.0;16.0;-3.0;13.0
13829;13.093333333333334;13.0;16.0;-3.0;13.0
13839;13.113333333333333;13.0;16.0;-3.0;13.0
13849;13.16;13.0;16.0;-3.0;13.0
13859;13.076666666666666;13.0;16.0;-3.0;13.0
13869;13.116666666666667;13.0;16.0;-3.0;13.0
13879;13.046666666666667;13.0;16.0;-3.0;13.0
13889;13.133333333333333;13.0;16.0;-3.0;13.0
13899;13.146666666666667;13.0;16.0;-3.0;13.0
13909;13.103333333333333;13.0;16.0;-3.0;13.0
13919;13.14;13.0;16.0;-3.0;13.0
13929;13.116666666666667;13.0;16.0;-3.0;13.0
13939;13.103333333333333;13.0;16.0;-3.0;13.0
13949;13.103333333333333;13.0;16.0;-3.0;13.0
13959;13.13;13.0;16.0;-3.0;13.0
13969;13.143333333333333;13.0;16.0;-3.0;13.0
13979;13.086666666666666;13.0;16.0;-3.0;13.0
13989;13.09;13.0;16.0;-3.0;13.0
13999;13.08;13.0;16.0;-3.0;13.0
14009;13.073333333333334;13.0;16.0;-3.0;13.0
14019;13.16;13.0;16.0;-3.0;13.0
14029;13.16;13.0;16.0;-3.0;13.0
14039;13.09;13.0;16.0;-3.0;13.0
14049;13.12;13.0;16.0;-3.0;13.0
14059;13.09;13.0;16.0;-3.0;13.0
14069;13.08;13.0;16.0;-3.0;13.0
14079;13.07;13.0;16.0;-3.0;13.0
14089;13.106666666666667;13.0;16.0;-3.0;13.0
14099;13.1;13.0;16.0;-3.0;13.0
14109;13.103333333333333;13.0;16.0;-3.0;13.0
14119;13.1;13.0;16.0;-3.0;13.0
14129;13.123333333333333;13.0;16.0;-3.0;13.0
14139;13.1;13.0;16.0;-3.0;13.0
14149;13.076666666666666;13.0;16.0;-3.0;13.0
14159;13.113333333333333;13.0;16.0;-3.0;13.0
14169;13.093333333333334;13.0;16.0;-3.0;13.0
14179;13.123333333333333;13.0;16.0;-3.0;13.0
14189;13.106666666666667;13.0;16.0;-3.0;13.0
14199;13.153333333333334;13.0;16.0;-3.0;13.0
14209;13.166666666666666;13.0;16.0;-3.0;13.0
14219;13.106666666666667;13.0;16.0;-3.0;13.0
14229;13.06;13.0;16.0;-3.0;13.0
14239;13.13;13.0;16.0;-3.0;13.0
14249;13.146666666666667;13.0;16.0;-3.0;13.0
14259;13.143333333333333;13.0;16.0;-3.0;13.0
14269;13.063333333333333;13.0;16.0;-3.0;13.0
14279;13.076666666666666;13.0;16.0;-3.0;13.0
14289;13.086666666666666;13.0;16.0;-3.0;13.0
14299;13.096666666666666;13.0;16.0;-3.0;13.0
14309;13.09;13.0;16.0;-3.0;13.0
14319;13.07;13.0;16.0;-3.0;13.0
14329;13.126666666666667;13.0;16.0;-3.0;13.0
14339;13.093333333333334;13.0;16.0;-3.0;13.0
14349;13.133333333333333;13.0;16.0;-3.0;13.0
14359;13.116666666666667;13.0;16.0;-3.0;13.0
14369;13.113333333333333;13.0;16.0;-3.0;13.0
14379;13.106666666666667;13.0;16.0;-3.0;13.0
14389;13.116666666666667;13.0;16.0;-3.0;13.0
14399;13.07;13.0;16.0;-3.0;13.0
14409;13.063333333333333;13.0;16.0;-3.0;13.0
14419;13.143333333333333;13.0;16.0;-3.0;13.0
14429;13.103333333333333;13.0;16.0;-3.0;13.0
14439;13.16;13.0;16.0;-3.0;13.0
14449;13.12;13.0;16.0;-3.0;13.0
14459;13.076666666666666;13.0;16.0;-3.0;13.0
14469;13.106666666666667;13.0;16.0;-3.0;13.0
14479;13.06;13.0;16.0;-3.0;13.0
14489;13.093333333333334;13.0;16.0;-3.0;13.0
14499;13.12;13.0;16.0;-3.0;13.0
14509;13.083333333333334;13.0;16.0;-3.0;13.0
14519;13.123333333333333;13.0;16.0;-3.0;13.0
14529;13.063333333333333;13.0;16.0;-3.0;13.0
14539;13.083333333333334;13.0;16.0;-3.0;13.0
14549;13.136666666666667;13.0;16.0;-3.0;13.0
14559;13.133333333333333;13.0;16.0;-3.0;13.0
14569;13.113333333333333;13.0;16.0;-3.0;13.0
14579;13.12;13.0;16.0;-3.0;13.0
14589;13.09;13.0;16.0;-3.0;13.0
14599;13.096666666666666;13.0;16.0;-3.0;13.0
14609;13.103333333333333;13.0;16.0;-3.0;13.0
14619;13.08;13.0;16.0;-3.0;13.0
14629;13.143333333333333;13.0;16.0;-3.0;13.0
14639;13.116666666666667;13.0;16.0;-3.0;13.0
14649;13.113333333333333;13.0;16.0;-3.0;13.0
14659;13.08;13.0;16.0;-3.0;13.0
14669;13.11;13.0;16.0;-3.0;13.0
14679;13.086666666666666;13.0;16.0;-3.0;13.0
14689;13.083333333333334;13.0;16.0;-3.0;13.0
14699;13.143333333333333;13.0;16.0;-3.0;13.0
14709;13.116666666666667;13.0;16.0;-3.0;13.0
14719;13.113333333333333;13.0;16.0;-3.0;13.0
14729;13.123333333333333;13.0;16.0;-3.0;13.0
14739;13.086666666666666;13.0;16.0;-3.0;13.0
14749;13.11;13.0;16.0;-3.0;13.0
14759;13.11;13.0;16.0;-3.0;13.0
14769;13.053333333333333;13.0;16.0;-3.0;13.0
14779;13.133333333333333;13.0;16.0;-3.0;13.0
14789;13.14;13.0;16.0;-3.0;13.0
14799;13.14;13.0;16.0;-3.0;13.0
14809;13.113333333333333;13.0;16.0;-3.0;13.0
14819;13.12;13.0;16.0;-3.0;13.0
14829;13.11;13.0;16.0;-3.0;13.0
14839;13.116666666666667;13.0;16.0;-3.0;13.0
14849;13.133333333333333;13.0;16.0;-3.0;13.0
14859;13.11;13.0;16.0;-3.0;13.0
14869;13.126666666666667;13.0;16.0;-3.0;13.0
14879;13.09;13.0;16.0;-3.0;13.0
14889;13.133333333333333;13.0;16.0;-3.0;13.0
14899;13.146666666666667;13.0;16.0;-3.0;13.0
14909;13.103333333333333;13.0;16.0;-3.0;13.0
14919;13.14;13.0;16.0;-3.0;13.0
14929;13.146666666666667;13.0;16.0;-3.0;13.0
14939;13.093333333333334;13.0;16.0;-3.0;13.0
14949;13.106666666666667;13.0;16.0;-3.0;13.0
14959;13.13;13.0;16.0;-3.0;13.0
14969;13.133333333333333;13.0;16.0;-3.0;13.0
14979;13.13;13.0;16.0;-3.0;13.0
14989;13.1;13.0;16.0;-3.0;13.0
14999;13.12;13.0;16.0;-3.0;13.0
