geracao;media da geracao;fitness do melhor da geracao;fitness do pior da geracao;relacao entre melhor e pior;fitness do melhor da run
Probabilidade Recombinação: 0.7
Probabilidade Mutação: 0.049999999999999996
Tipo de Selecção: Torneio
Tipo de Mutação: Troca de Genes
Tamanho População: 300
Máximo de Gerações: 15000
0;76.64;63.0;96.0;-33.0;63.0
0;67.75666666666666;58.0;78.0;-20.0;58.0
9;41.91;37.0;49.0;-12.0;37.0
19;31.523333333333333;30.0;37.0;-7.0;30.0
29;26.08;24.0;36.0;-12.0;24.0
39;22.64666666666667;22.0;30.0;-8.0;22.0
49;21.906666666666666;21.0;29.0;-8.0;21.0
59;19.826666666666668;19.0;27.0;-8.0;19.0
69;19.796666666666667;18.0;28.0;-10.0;18.0
79;14.133333333333333;13.0;24.0;-11.0;13.0
89;14.046666666666667;13.0;26.0;-13.0;13.0
99;14.046666666666667;13.0;24.0;-11.0;13.0
109;13.846666666666666;13.0;23.0;-10.0;13.0
119;14.016666666666667;13.0;24.0;-11.0;13.0
129;13.82;13.0;24.0;-11.0;13.0
139;14.023333333333333;13.0;25.0;-12.0;13.0
149;13.686666666666667;13.0;21.0;-8.0;13.0
159;14.02;13.0;30.0;-17.0;13.0
169;13.863333333333333;13.0;21.0;-8.0;13.0
179;13.87;13.0;24.0;-11.0;13.0
189;13.81;13.0;22.0;-9.0;13.0
199;14.08;13.0;24.0;-11.0;13.0
209;13.92;13.0;26.0;-13.0;13.0
219;13.983333333333333;13.0;23.0;-10.0;13.0
229;13.803333333333333;13.0;21.0;-8.0;13.0
239;13.94;13.0;25.0;-12.0;13.0
249;12.003333333333334;10.0;22.0;-12.0;10.0
259;11.113333333333333;10.0;22.0;-12.0;10.0
269;10.753333333333334;10.0;21.0;-11.0;10.0
279;11.08;10.0;21.0;-11.0;10.0
289;11.036666666666667;10.0;21.0;-11.0;10.0
299;11.03;10.0;22.0;-12.0;10.0
309;10.926666666666666;10.0;21.0;-11.0;10.0
319;11.09;10.0;21.0;-11.0;10.0
329;10.893333333333333;10.0;21.0;-11.0;10.0
339;10.98;10.0;22.0;-12.0;10.0
349;11.06;10.0;20.0;-10.0;10.0
359;10.713333333333333;10.0;20.0;-10.0;10.0
369;11.37;10.0;22.0;-12.0;10.0
379;10.9;10.0;22.0;-12.0;10.0
389;11.183333333333334;10.0;22.0;-12.0;10.0
399;10.893333333333333;10.0;22.0;-12.0;10.0
409;10.893333333333333;10.0;20.0;-10.0;10.0
419;10.84;10.0;17.0;-7.0;10.0
429;10.903333333333334;10.0;21.0;-11.0;10.0
439;10.95;10.0;20.0;-10.0;10.0
449;11.03;10.0;20.0;-10.0;10.0
459;11.08;10.0;22.0;-12.0;10.0
469;10.77;10.0;23.0;-13.0;10.0
479;11.146666666666667;10.0;22.0;-12.0;10.0
489;10.793333333333333;10.0;23.0;-13.0;10.0
499;11.083333333333334;10.0;22.0;-12.0;10.0
509;11.1;10.0;21.0;-11.0;10.0
519;10.933333333333334;10.0;17.0;-7.0;10.0
529;10.816666666666666;10.0;19.0;-9.0;10.0
539;11.13;10.0;21.0;-11.0;10.0
549;10.853333333333333;10.0;21.0;-11.0;10.0
559;11.03;10.0;17.0;-7.0;10.0
569;11.393333333333333;10.0;22.0;-12.0;10.0
579;10.876666666666667;10.0;21.0;-11.0;10.0
589;11.086666666666666;10.0;22.0;-12.0;10.0
599;10.863333333333333;10.0;19.0;-9.0;10.0
609;11.113333333333333;10.0;22.0;-12.0;10.0
619;11.0;10.0;22.0;-12.0;10.0
629;10.91;10.0;22.0;-12.0;10.0
639;11.126666666666667;10.0;22.0;-12.0;10.0
649;11.12;10.0;23.0;-13.0;10.0
659;10.986666666666666;10.0;21.0;-11.0;10.0
669;10.903333333333334;10.0;20.0;-10.0;10.0
679;11.1;10.0;25.0;-15.0;10.0
689;11.11;10.0;19.0;-9.0;10.0
699;11.32;10.0;21.0;-11.0;10.0
709;11.1;10.0;22.0;-12.0;10.0
719;11.253333333333334;10.0;21.0;-11.0;10.0
729;11.263333333333334;10.0;22.0;-12.0;10.0
739;11.23;10.0;23.0;-13.0;10.0
749;10.926666666666666;10.0;22.0;-12.0;10.0
759;11.08;10.0;21.0;-11.0;10.0
769;10.923333333333334;10.0;20.0;-10.0;10.0
779;11.06;10.0;21.0;-11.0;10.0
789;10.963333333333333;10.0;22.0;-12.0;10.0
799;11.046666666666667;10.0;21.0;-11.0;10.0
809;10.796666666666667;10.0;19.0;-9.0;10.0
819;11.073333333333334;10.0;22.0;-12.0;10.0
829;11.126666666666667;10.0;23.0;-13.0;10.0
839;10.99;10.0;21.0;-11.0;10.0
849;10.953333333333333;10.0;20.0;-10.0;10.0
859;11.176666666666666;10.0;21.0;-11.0;10.0
869;11.016666666666667;10.0;21.0;-11.0;10.0
879;11.04;10.0;22.0;-12.0;10.0
889;11.03;10.0;20.0;-10.0;10.0
899;10.73;10.0;21.0;-11.0;10.0
909;11.073333333333334;10.0;21.0;-11.0;10.0
919;11.013333333333334;10.0;18.0;-8.0;10.0
929;10.886666666666667;10.0;21.0;-11.0;10.0
939;10.793333333333333;10.0;22.0;-12.0;10.0
949;11.066666666666666;10.0;22.0;-12.0;10.0
959;10.89;10.0;22.0;-12.0;10.0
969;11.016666666666667;10.0;22.0;-12.0;10.0
979;11.233333333333333;10.0;22.0;-12.0;10.0
989;10.863333333333333;10.0;20.0;-10.0;10.0
999;11.153333333333334;10.0;21.0;-11.0;10.0
1009;11.073333333333334;10.0;21.0;-11.0;10.0
1019;10.926666666666666;10.0;22.0;-12.0;10.0
1029;11.236666666666666;10.0;22.0;-12.0;10.0
1039;11.12;10.0;23.0;-13.0;10.0
1049;11.15;10.0;21.0;-11.0;10.0
1059;11.176666666666666;10.0;22.0;-12.0;10.0
1069;11.273333333333333;10.0;20.0;-10.0;10.0
1079;10.956666666666667;10.0;20.0;-10.0;10.0
1089;11.106666666666667;10.0;22.0;-12.0;10.0
1099;11.086666666666666;10.0;22.0;-12.0;10.0
1109;11.253333333333334;10.0;21.0;-11.0;10.0
1119;10.916666666666666;10.0;22.0;-12.0;10.0
1129;11.16;10.0;21.0;-11.0;10.0
1139;11.173333333333334;10.0;25.0;-15.0;10.0
1149;10.91;10.0;20.0;-10.0;10.0
1159;10.996666666666666;10.0;22.0;-12.0;10.0
1169;10.886666666666667;10.0;21.0;-11.0;10.0
1179;11.146666666666667;10.0;22.0;-12.0;10.0
1189;11.086666666666666;10.0;22.0;-12.0;10.0
1199;10.983333333333333;10.0;22.0;-12.0;10.0
1209;10.95;10.0;25.0;-15.0;10.0
1219;11.11;10.0;22.0;-12.0;10.0
1229;10.996666666666666;10.0;20.0;-10.0;10.0
1239;11.02;10.0;21.0;-11.0;10.0
1249;11.066666666666666;10.0;22.0;-12.0;10.0
1259;10.956666666666667;10.0;22.0;-12.0;10.0
1269;11.046666666666667;10.0;22.0;-12.0;10.0
1279;10.98;10.0;21.0;-11.0;10.0
1289;10.936666666666667;10.0;21.0;-11.0;10.0
1299;10.916666666666666;10.0;22.0;-12.0;10.0
1309;10.916666666666666;10.0;20.0;-10.0;10.0
1319;10.903333333333334;10.0;22.0;-12.0;10.0
1329;11.06;10.0;22.0;-12.0;10.0
1339;11.133333333333333;10.0;22.0;-12.0;10.0
1349;11.076666666666666;10.0;21.0;-11.0;10.0
1359;11.09;10.0;21.0;-11.0;10.0
1369;11.053333333333333;10.0;21.0;-11.0;10.0
1379;11.003333333333334;10.0;20.0;-10.0;10.0
1389;10.95;10.0;21.0;-11.0;10.0
1399;10.986666666666666;10.0;20.0;-10.0;10.0
1409;11.016666666666667;10.0;18.0;-8.0;10.0
1419;10.946666666666667;10.0;22.0;-12.0;10.0
1429;11.176666666666666;10.0;23.0;-13.0;10.0
1439;11.146666666666667;10.0;21.0;-11.0;10.0
1449;11.086666666666666;10.0;21.0;-11.0;10.0
1459;11.23;10.0;20.0;-10.0;10.0
1469;11.203333333333333;10.0;25.0;-15.0;10.0
1479;11.183333333333334;10.0;18.0;-8.0;10.0
1489;10.836666666666666;10.0;22.0;-12.0;10.0
1499;10.913333333333334;10.0;22.0;-12.0;10.0
1509;10.946666666666667;10.0;20.0;-10.0;10.0
1519;11.03;10.0;21.0;-11.0;10.0
1529;10.99;10.0;23.0;-13.0;10.0
1539;11.076666666666666;10.0;22.0;-12.0;10.0
1549;11.016666666666667;10.0;21.0;-11.0;10.0
1559;11.31;10.0;22.0;-12.0;10.0
1569;10.75;10.0;20.0;-10.0;10.0
1579;11.02;10.0;22.0;-12.0;10.0
1589;11.16;10.0;21.0;-11.0;10.0
1599;11.233333333333333;10.0;22.0;-12.0;10.0
1609;11.206666666666667;10.0;23.0;-13.0;10.0
1619;11.06;10.0;21.0;-11.0;10.0
1629;11.21;10.0;21.0;-11.0;10.0
1639;10.83;10.0;21.0;-11.0;10.0
1649;11.246666666666666;10.0;21.0;-11.0;10.0
1659;11.036666666666667;10.0;22.0;-12.0;10.0
1669;11.103333333333333;10.0;21.0;-11.0;10.0
1679;11.04;10.0;22.0;-12.0;10.0
1689;11.063333333333333;10.0;22.0;-12.0;10.0
1699;11.01;10.0;20.0;-10.0;10.0
1709;11.166666666666666;10.0;21.0;-11.0;10.0
1719;10.896666666666667;10.0;20.0;-10.0;10.0
1729;11.156666666666666;10.0;24.0;-14.0;10.0
1739;11.07;10.0;27.0;-17.0;10.0
1749;10.99;10.0;22.0;-12.0;10.0
1759;11.176666666666666;10.0;22.0;-12.0;10.0
1769;11.203333333333333;10.0;26.0;-16.0;10.0
1779;10.95;10.0;20.0;-10.0;10.0
1789;11.036666666666667;9.0;22.0;-13.0;9.0
1799;10.146666666666667;9.0;19.0;-10.0;9.0
1809;9.073333333333334;8.0;20.0;-12.0;8.0
1819;9.29;8.0;20.0;-12.0;8.0
1829;8.81;8.0;19.0;-11.0;8.0
1839;9.063333333333333;6.0;20.0;-14.0;6.0
1849;7.01;6.0;18.0;-12.0;6.0
1859;7.12;6.0;18.0;-12.0;6.0
1869;7.11;6.0;16.0;-10.0;6.0
1879;7.07;6.0;18.0;-12.0;6.0
1889;7.066666666666666;6.0;17.0;-11.0;6.0
1899;7.06;6.0;18.0;-12.0;6.0
1909;7.11;6.0;18.0;-12.0;6.0
1919;6.68;6.0;18.0;-12.0;6.0
1929;7.113333333333333;6.0;18.0;-12.0;6.0
1939;7.316666666666666;6.0;20.0;-14.0;6.0
1949;6.963333333333333;6.0;15.0;-9.0;6.0
1959;6.95;6.0;20.0;-14.0;6.0
1969;7.026666666666666;6.0;18.0;-12.0;6.0
1979;7.013333333333334;6.0;17.0;-11.0;6.0
1989;6.95;6.0;16.0;-10.0;6.0
1999;6.943333333333333;6.0;17.0;-11.0;6.0
2009;7.026666666666666;6.0;17.0;-11.0;6.0
2019;7.21;6.0;16.0;-10.0;6.0
2029;7.15;6.0;18.0;-12.0;6.0
2039;7.1;6.0;18.0;-12.0;6.0
2049;7.03;6.0;16.0;-10.0;6.0
2059;6.846666666666667;6.0;18.0;-12.0;6.0
2069;7.073333333333333;6.0;18.0;-12.0;6.0
2079;6.97;6.0;17.0;-11.0;6.0
2089;7.04;6.0;19.0;-13.0;6.0
2099;7.18;6.0;18.0;-12.0;6.0
2109;7.1433333333333335;6.0;18.0;-12.0;6.0
2119;7.076666666666667;6.0;16.0;-10.0;6.0
2129;6.943333333333333;6.0;18.0;-12.0;6.0
2139;7.006666666666667;6.0;18.0;-12.0;6.0
2149;7.346666666666667;6.0;18.0;-12.0;6.0
2159;6.736666666666666;6.0;18.0;-12.0;6.0
2169;7.093333333333334;6.0;18.0;-12.0;6.0
2179;7.32;6.0;24.0;-18.0;6.0
2189;7.206666666666667;6.0;18.0;-12.0;6.0
2199;6.883333333333334;6.0;18.0;-12.0;6.0
2209;7.13;6.0;17.0;-11.0;6.0
2219;6.95;6.0;18.0;-12.0;6.0
2229;7.07;6.0;18.0;-12.0;6.0
2239;7.243333333333333;6.0;18.0;-12.0;6.0
2249;7.27;6.0;18.0;-12.0;6.0
2259;7.07;6.0;17.0;-11.0;6.0
2269;7.1;6.0;17.0;-11.0;6.0
2279;7.2;6.0;22.0;-16.0;6.0
2289;7.003333333333333;6.0;18.0;-12.0;6.0
2299;7.1066666666666665;6.0;19.0;-13.0;6.0
2309;6.983333333333333;6.0;18.0;-12.0;6.0
2319;6.983333333333333;6.0;22.0;-16.0;6.0
2329;6.97;6.0;17.0;-11.0;6.0
2339;7.016666666666667;6.0;18.0;-12.0;6.0
2349;7.223333333333334;6.0;18.0;-12.0;6.0
2359;7.026666666666666;6.0;16.0;-10.0;6.0
2369;6.973333333333334;6.0;18.0;-12.0;6.0
2379;7.163333333333333;6.0;18.0;-12.0;6.0
2389;7.17;6.0;19.0;-13.0;6.0
2399;7.163333333333333;6.0;18.0;-12.0;6.0
2409;6.9;6.0;23.0;-17.0;6.0
2419;7.26;6.0;17.0;-11.0;6.0
2429;7.096666666666667;6.0;18.0;-12.0;6.0
2439;7.206666666666667;6.0;19.0;-13.0;6.0
2449;7.29;6.0;22.0;-16.0;6.0
2459;6.91;6.0;12.0;-6.0;6.0
2469;6.983333333333333;6.0;21.0;-15.0;6.0
2479;7.166666666666667;6.0;18.0;-12.0;6.0
2489;7.15;6.0;16.0;-10.0;6.0
2499;7.0;6.0;19.0;-13.0;6.0
2509;7.266666666666667;6.0;21.0;-15.0;6.0
2519;7.036666666666667;6.0;18.0;-12.0;6.0
2529;7.066666666666666;6.0;23.0;-17.0;6.0
2539;6.946666666666666;6.0;18.0;-12.0;6.0
2549;7.276666666666666;6.0;18.0;-12.0;6.0
2559;7.283333333333333;6.0;18.0;-12.0;6.0
2569;7.006666666666667;6.0;18.0;-12.0;6.0
2579;6.946666666666666;6.0;18.0;-12.0;6.0
2589;6.91;6.0;16.0;-10.0;6.0
2599;7.08;6.0;18.0;-12.0;6.0
2609;6.8966666666666665;6.0;17.0;-11.0;6.0
2619;6.85;6.0;18.0;-12.0;6.0
2629;7.216666666666667;6.0;17.0;-11.0;6.0
2639;7.283333333333333;6.0;17.0;-11.0;6.0
2649;7.036666666666667;6.0;18.0;-12.0;6.0
2659;7.036666666666667;6.0;18.0;-12.0;6.0
2669;7.073333333333333;6.0;17.0;-11.0;6.0
2679;7.003333333333333;6.0;15.0;-9.0;6.0
2689;7.076666666666667;6.0;18.0;-12.0;6.0
2699;6.83;6.0;18.0;-12.0;6.0
2709;7.206666666666667;6.0;18.0;-12.0;6.0
2719;7.283333333333333;6.0;18.0;-12.0;6.0
2729;7.153333333333333;6.0;18.0;-12.0;6.0
2739;7.073333333333333;6.0;18.0;-12.0;6.0
2749;7.156666666666666;6.0;21.0;-15.0;6.0
2759;7.046666666666667;6.0;18.0;-12.0;6.0
2769;7.153333333333333;6.0;18.0;-12.0;6.0
2779;7.203333333333333;6.0;18.0;-12.0;6.0
2789;7.176666666666667;6.0;17.0;-11.0;6.0
2799;6.95;6.0;18.0;-12.0;6.0
2809;6.8533333333333335;6.0;17.0;-11.0;6.0
2819;7.36;6.0;18.0;-12.0;6.0
2829;7.16;6.0;18.0;-12.0;6.0
2839;7.206666666666667;6.0;16.0;-10.0;6.0
2849;6.96;6.0;18.0;-12.0;6.0
2859;7.18;6.0;18.0;-12.0;6.0
2869;7.006666666666667;6.0;17.0;-11.0;6.0
2879;6.973333333333334;6.0;18.0;-12.0;6.0
2889;6.963333333333333;6.0;17.0;-11.0;6.0
2899;6.953333333333333;6.0;18.0;-12.0;6.0
2909;6.9;6.0;16.0;-10.0;6.0
2919;7.15;6.0;18.0;-12.0;6.0
2929;6.846666666666667;6.0;18.0;-12.0;6.0
2939;7.163333333333333;6.0;15.0;-9.0;6.0
2949;7.433333333333334;6.0;18.0;-12.0;6.0
2959;7.383333333333334;6.0;18.0;-12.0;6.0
2969;7.183333333333334;6.0;18.0;-12.0;6.0
2979;7.01;6.0;18.0;-12.0;6.0
2989;7.183333333333334;6.0;17.0;-11.0;6.0
2999;6.903333333333333;6.0;18.0;-12.0;6.0
3009;6.97;6.0;18.0;-12.0;6.0
3019;7.076666666666667;6.0;18.0;-12.0;6.0
3029;7.04;6.0;18.0;-12.0;6.0
3039;7.15;6.0;22.0;-16.0;6.0
3049;6.946666666666666;6.0;16.0;-10.0;6.0
3059;7.1;6.0;12.0;-6.0;6.0
3069;6.963333333333333;6.0;17.0;-11.0;6.0
3079;7.133333333333334;6.0;18.0;-12.0;6.0
3089;7.053333333333334;6.0;18.0;-12.0;6.0
3099;7.18;6.0;18.0;-12.0;6.0
3109;7.176666666666667;6.0;18.0;-12.0;6.0
3119;7.25;6.0;18.0;-12.0;6.0
3129;6.966666666666667;6.0;18.0;-12.0;6.0
3139;6.923333333333333;6.0;18.0;-12.0;6.0
3149;6.986666666666666;6.0;18.0;-12.0;6.0
3159;7.17;6.0;19.0;-13.0;6.0
3169;7.213333333333333;6.0;18.0;-12.0;6.0
3179;7.1033333333333335;6.0;18.0;-12.0;6.0
3189;7.12;6.0;18.0;-12.0;6.0
3199;7.123333333333333;6.0;20.0;-14.0;6.0
3209;7.306666666666667;6.0;18.0;-12.0;6.0
3219;6.77;6.0;17.0;-11.0;6.0
3229;7.026666666666666;6.0;18.0;-12.0;6.0
3239;7.053333333333334;6.0;17.0;-11.0;6.0
3249;6.8933333333333335;6.0;18.0;-12.0;6.0
3259;7.053333333333334;6.0;18.0;-12.0;6.0
3269;7.19;6.0;18.0;-12.0;6.0
3279;6.906666666666666;6.0;18.0;-12.0;6.0
3289;7.073333333333333;6.0;18.0;-12.0;6.0
3299;7.16;6.0;19.0;-13.0;6.0
3309;7.23;6.0;22.0;-16.0;6.0
3319;7.25;6.0;19.0;-13.0;6.0
3329;6.886666666666667;6.0;18.0;-12.0;6.0
3339;7.136666666666667;6.0;18.0;-12.0;6.0
3349;7.0;6.0;16.0;-10.0;6.0
3359;6.94;6.0;18.0;-12.0;6.0
3369;6.8933333333333335;6.0;20.0;-14.0;6.0
3379;7.13;6.0;12.0;-6.0;6.0
3389;7.133333333333334;6.0;18.0;-12.0;6.0
3399;7.246666666666667;6.0;18.0;-12.0;6.0
3409;7.306666666666667;6.0;18.0;-12.0;6.0
3419;6.983333333333333;6.0;18.0;-12.0;6.0
3429;7.223333333333334;6.0;22.0;-16.0;6.0
3439;7.136666666666667;6.0;18.0;-12.0;6.0
3449;6.98;6.0;18.0;-12.0;6.0
3459;7.136666666666667;6.0;16.0;-10.0;6.0
3469;6.883333333333334;6.0;24.0;-18.0;6.0
3479;6.97;6.0;18.0;-12.0;6.0
3489;6.966666666666667;6.0;13.0;-7.0;6.0
3499;7.21;6.0;18.0;-12.0;6.0
3509;7.1433333333333335;6.0;20.0;-14.0;6.0
3519;6.963333333333333;6.0;16.0;-10.0;6.0
3529;6.96;6.0;18.0;-12.0;6.0
3539;7.07;6.0;18.0;-12.0;6.0
3549;7.013333333333334;6.0;17.0;-11.0;6.0
3559;7.046666666666667;6.0;16.0;-10.0;6.0
3569;7.163333333333333;6.0;18.0;-12.0;6.0
3579;7.116666666666666;6.0;18.0;-12.0;6.0
3589;7.24;6.0;18.0;-12.0;6.0
3599;6.98;6.0;18.0;-12.0;6.0
3609;6.8966666666666665;6.0;16.0;-10.0;6.0
3619;7.026666666666666;6.0;18.0;-12.0;6.0
3629;6.933333333333334;6.0;15.0;-9.0;6.0
3639;7.07;6.0;18.0;-12.0;6.0
3649;6.983333333333333;6.0;20.0;-14.0;6.0
3659;7.08;6.0;18.0;-12.0;6.0
3669;6.98;6.0;18.0;-12.0;6.0
3679;6.993333333333333;6.0;17.0;-11.0;6.0
3689;6.9;6.0;17.0;-11.0;6.0
3699;7.1066666666666665;6.0;18.0;-12.0;6.0
3709;7.1433333333333335;6.0;18.0;-12.0;6.0
3719;7.043333333333333;6.0;21.0;-15.0;6.0
3729;7.233333333333333;6.0;20.0;-14.0;6.0
3739;7.293333333333333;6.0;18.0;-12.0;6.0
3749;7.06;6.0;18.0;-12.0;6.0
3759;6.86;6.0;18.0;-12.0;6.0
3769;7.13;6.0;18.0;-12.0;6.0
3779;7.056666666666667;6.0;18.0;-12.0;6.0
3789;7.1433333333333335;6.0;15.0;-9.0;6.0
3799;6.993333333333333;6.0;18.0;-12.0;6.0
3809;7.096666666666667;6.0;18.0;-12.0;6.0
3819;6.966666666666667;6.0;18.0;-12.0;6.0
3829;7.176666666666667;6.0;17.0;-11.0;6.0
3839;7.18;6.0;19.0;-13.0;6.0
3849;7.093333333333334;6.0;17.0;-11.0;6.0
3859;7.3;6.0;18.0;-12.0;6.0
3869;7.266666666666667;6.0;16.0;-10.0;6.0
3879;6.973333333333334;6.0;17.0;-11.0;6.0
3889;6.88;6.0;17.0;-11.0;6.0
3899;7.136666666666667;6.0;17.0;-11.0;6.0
3909;7.166666666666667;6.0;18.0;-12.0;6.0
3919;7.05;6.0;23.0;-17.0;6.0
3929;7.213333333333333;6.0;23.0;-17.0;6.0
3939;7.316666666666666;6.0;18.0;-12.0;6.0
3949;6.866666666666666;6.0;12.0;-6.0;6.0
3959;7.1033333333333335;6.0;18.0;-12.0;6.0
3969;7.156666666666666;6.0;18.0;-12.0;6.0
3979;7.1066666666666665;6.0;22.0;-16.0;6.0
3989;7.02;6.0;16.0;-10.0;6.0
3999;7.023333333333333;6.0;18.0;-12.0;6.0
4009;7.256666666666667;6.0;18.0;-12.0;6.0
4019;7.016666666666667;6.0;18.0;-12.0;6.0
4029;7.286666666666667;6.0;18.0;-12.0;6.0
4039;7.32;6.0;18.0;-12.0;6.0
4049;7.053333333333334;6.0;18.0;-12.0;6.0
4059;6.946666666666666;6.0;18.0;-12.0;6.0
4069;6.87;6.0;16.0;-10.0;6.0
4079;7.07;6.0;18.0;-12.0;6.0
4089;7.113333333333333;6.0;18.0;-12.0;6.0
4099;6.966666666666667;6.0;14.0;-8.0;6.0
4109;7.07;6.0;17.0;-11.0;6.0
4119;7.22;6.0;23.0;-17.0;6.0
4129;7.296666666666667;6.0;18.0;-12.0;6.0
4139;7.13;6.0;21.0;-15.0;6.0
4149;7.013333333333334;6.0;18.0;-12.0;6.0
4159;7.0633333333333335;6.0;18.0;-12.0;6.0
4169;6.946666666666666;6.0;18.0;-12.0;6.0
4179;7.153333333333333;6.0;18.0;-12.0;6.0
4189;7.22;6.0;21.0;-15.0;6.0
4199;7.156666666666666;6.0;18.0;-12.0;6.0
4209;7.02;6.0;17.0;-11.0;6.0
4219;7.213333333333333;6.0;18.0;-12.0;6.0
4229;7.363333333333333;6.0;18.0;-12.0;6.0
4239;7.23;6.0;18.0;-12.0;6.0
4249;6.86;6.0;17.0;-11.0;6.0
4259;7.266666666666667;6.0;16.0;-10.0;6.0
4269;7.016666666666667;6.0;18.0;-12.0;6.0
4279;6.886666666666667;6.0;17.0;-11.0;6.0
4289;7.043333333333333;6.0;18.0;-12.0;6.0
4299;7.046666666666667;6.0;16.0;-10.0;6.0
4309;7.006666666666667;6.0;18.0;-12.0;6.0
4319;7.25;6.0;24.0;-18.0;6.0
4329;7.1066666666666665;6.0;18.0;-12.0;6.0
4339;7.256666666666667;6.0;18.0;-12.0;6.0
4349;7.233333333333333;6.0;18.0;-12.0;6.0
4359;7.01;6.0;18.0;-12.0;6.0
4369;7.09;6.0;18.0;-12.0;6.0
4379;7.116666666666666;6.0;18.0;-12.0;6.0
4389;7.073333333333333;6.0;24.0;-18.0;6.0
4399;7.01;6.0;15.0;-9.0;6.0
4409;7.016666666666667;6.0;18.0;-12.0;6.0
4419;7.05;6.0;18.0;-12.0;6.0
4429;6.873333333333333;6.0;18.0;-12.0;6.0
4439;7.036666666666667;6.0;18.0;-12.0;6.0
4449;7.123333333333333;6.0;18.0;-12.0;6.0
4459;7.046666666666667;6.0;17.0;-11.0;6.0
4469;7.273333333333333;6.0;18.0;-12.0;6.0
4479;7.23;6.0;18.0;-12.0;6.0
4489;6.8533333333333335;6.0;16.0;-10.0;6.0
4499;7.01;6.0;17.0;-11.0;6.0
4509;7.126666666666667;6.0;16.0;-10.0;6.0
4519;7.076666666666667;6.0;18.0;-12.0;6.0
4529;6.946666666666666;6.0;18.0;-12.0;6.0
4539;7.076666666666667;6.0;15.0;-9.0;6.0
4549;6.73;6.0;16.0;-10.0;6.0
4559;6.98;6.0;20.0;-14.0;6.0
4569;7.116666666666666;6.0;16.0;-10.0;6.0
4579;7.153333333333333;6.0;18.0;-12.0;6.0
4589;7.003333333333333;6.0;18.0;-12.0;6.0
4599;7.13;6.0;16.0;-10.0;6.0
4609;7.163333333333333;6.0;18.0;-12.0;6.0
4619;6.8966666666666665;6.0;18.0;-12.0;6.0
4629;7.183333333333334;6.0;18.0;-12.0;6.0
4639;7.113333333333333;6.0;18.0;-12.0;6.0
4649;7.05;6.0;16.0;-10.0;6.0
4659;7.1466666666666665;6.0;23.0;-17.0;6.0
4669;7.303333333333334;6.0;17.0;-11.0;6.0
4679;7.14;6.0;18.0;-12.0;6.0
4689;7.12;6.0;18.0;-12.0;6.0
4699;7.113333333333333;6.0;17.0;-11.0;6.0
4709;6.996666666666667;6.0;18.0;-12.0;6.0
4719;7.176666666666667;6.0;18.0;-12.0;6.0
4729;7.06;6.0;21.0;-15.0;6.0
4739;7.1;6.0;23.0;-17.0;6.0
4749;6.903333333333333;6.0;17.0;-11.0;6.0
4759;7.09;6.0;22.0;-16.0;6.0
4769;7.236666666666666;6.0;17.0;-11.0;6.0
4779;7.066666666666666;6.0;23.0;-17.0;6.0
4789;6.916666666666667;6.0;22.0;-16.0;6.0
4799;7.183333333333334;6.0;18.0;-12.0;6.0
4809;7.14;6.0;18.0;-12.0;6.0
4819;7.02;6.0;24.0;-18.0;6.0
4829;7.1466666666666665;6.0;18.0;-12.0;6.0
4839;7.016666666666667;6.0;23.0;-17.0;6.0
4849;7.02;6.0;18.0;-12.0;6.0
4859;7.31;6.0;18.0;-12.0;6.0
4869;6.906666666666666;6.0;13.0;-7.0;6.0
4879;7.1;6.0;18.0;-12.0;6.0
4889;7.366666666666666;6.0;18.0;-12.0;6.0
4899;7.03;6.0;16.0;-10.0;6.0
4909;7.133333333333334;6.0;17.0;-11.0;6.0
4919;7.126666666666667;6.0;17.0;-11.0;6.0
4929;7.216666666666667;6.0;18.0;-12.0;6.0
4939;7.2;6.0;18.0;-12.0;6.0
4949;7.19;6.0;18.0;-12.0;6.0
4959;6.95;6.0;17.0;-11.0;6.0
4969;7.14;6.0;17.0;-11.0;6.0
4979;7.196666666666666;6.0;18.0;-12.0;6.0
4989;6.98;6.0;20.0;-14.0;6.0
4999;6.94;6.0;16.0;-10.0;6.0
5009;7.1866666666666665;6.0;18.0;-12.0;6.0
5019;6.98;6.0;18.0;-12.0;6.0
5029;7.183333333333334;6.0;17.0;-11.0;6.0
5039;7.243333333333333;6.0;18.0;-12.0;6.0
5049;7.026666666666666;6.0;17.0;-11.0;6.0
5059;7.093333333333334;6.0;18.0;-12.0;6.0
5069;7.046666666666667;6.0;18.0;-12.0;6.0
5079;7.276666666666666;6.0;18.0;-12.0;6.0
5089;6.83;6.0;18.0;-12.0;6.0
5099;7.1033333333333335;6.0;19.0;-13.0;6.0
5109;7.026666666666666;6.0;16.0;-10.0;6.0
5119;7.113333333333333;6.0;18.0;-12.0;6.0
5129;7.11;6.0;18.0;-12.0;6.0
5139;7.003333333333333;6.0;18.0;-12.0;6.0
5149;7.24;6.0;18.0;-12.0;6.0
5159;7.076666666666667;6.0;17.0;-11.0;6.0
5169;7.09;6.0;14.0;-8.0;6.0
5179;7.073333333333333;6.0;18.0;-12.0;6.0
5189;7.123333333333333;6.0;18.0;-12.0;6.0
5199;7.21;6.0;18.0;-12.0;6.0
5209;7.006666666666667;6.0;18.0;-12.0;6.0
5219;7.07;6.0;22.0;-16.0;6.0
5229;7.326666666666667;6.0;18.0;-12.0;6.0
5239;7.243333333333333;6.0;18.0;-12.0;6.0
5249;7.24;6.0;21.0;-15.0;6.0
5259;6.89;6.0;17.0;-11.0;6.0
5269;6.966666666666667;6.0;18.0;-12.0;6.0
5279;7.01;6.0;18.0;-12.0;6.0
5289;7.11;6.0;16.0;-10.0;6.0
5299;7.166666666666667;6.0;18.0;-12.0;6.0
5309;7.1033333333333335;6.0;18.0;-12.0;6.0
5319;6.973333333333334;6.0;16.0;-10.0;6.0
5329;7.163333333333333;6.0;18.0;-12.0;6.0
5339;7.193333333333333;6.0;18.0;-12.0;6.0
5349;6.94;6.0;18.0;-12.0;6.0
5359;6.973333333333334;6.0;17.0;-11.0;6.0
5369;7.06;6.0;18.0;-12.0;6.0
5379;6.886666666666667;6.0;18.0;-12.0;6.0
5389;7.036666666666667;6.0;22.0;-16.0;6.0
5399;7.016666666666667;6.0;16.0;-10.0;6.0
5409;7.1466666666666665;6.0;16.0;-10.0;6.0
5419;7.166666666666667;6.0;18.0;-12.0;6.0
5429;7.1;6.0;18.0;-12.0;6.0
5439;6.786666666666667;6.0;17.0;-11.0;6.0
5449;6.9366666666666665;6.0;18.0;-12.0;6.0
5459;7.226666666666667;6.0;18.0;-12.0;6.0
5469;7.036666666666667;6.0;18.0;-12.0;6.0
5479;7.016666666666667;6.0;18.0;-12.0;6.0
5489;6.966666666666667;6.0;18.0;-12.0;6.0
5499;7.133333333333334;6.0;18.0;-12.0;6.0
5509;7.19;6.0;18.0;-12.0;6.0
5519;7.14;6.0;18.0;-12.0;6.0
5529;7.0633333333333335;6.0;22.0;-16.0;6.0
5539;7.006666666666667;6.0;18.0;-12.0;6.0
5549;7.223333333333334;6.0;23.0;-17.0;6.0
5559;6.963333333333333;6.0;20.0;-14.0;6.0
5569;7.04;6.0;16.0;-10.0;6.0
5579;7.25;6.0;19.0;-13.0;6.0
5589;7.03;6.0;16.0;-10.0;6.0
5599;6.9;6.0;17.0;-11.0;6.0
5609;7.166666666666667;6.0;18.0;-12.0;6.0
5619;7.033333333333333;6.0;17.0;-11.0;6.0
5629;7.12;6.0;18.0;-12.0;6.0
5639;7.06;6.0;18.0;-12.0;6.0
5649;7.116666666666666;6.0;16.0;-10.0;6.0
5659;7.05;6.0;21.0;-15.0;6.0
5669;7.053333333333334;6.0;18.0;-12.0;6.0
5679;7.003333333333333;6.0;18.0;-12.0;6.0
5689;7.326666666666667;6.0;17.0;-11.0;6.0
5699;7.093333333333334;6.0;17.0;-11.0;6.0
5709;7.163333333333333;6.0;18.0;-12.0;6.0
5719;7.516666666666667;6.0;18.0;-12.0;6.0
5729;7.06;6.0;19.0;-13.0;6.0
5739;7.136666666666667;6.0;18.0;-12.0;6.0
5749;7.19;6.0;23.0;-17.0;6.0
5759;7.1866666666666665;6.0;18.0;-12.0;6.0
5769;7.19;6.0;18.0;-12.0;6.0
5779;7.1066666666666665;6.0;18.0;-12.0;6.0
5789;7.043333333333333;6.0;15.0;-9.0;6.0
5799;6.923333333333333;6.0;18.0;-12.0;6.0
5809;7.346666666666667;6.0;18.0;-12.0;6.0
5819;7.286666666666667;6.0;17.0;-11.0;6.0
5829;7.14;6.0;23.0;-17.0;6.0
5839;7.24;6.0;23.0;-17.0;6.0
5849;6.94;6.0;16.0;-10.0;6.0
5859;7.066666666666666;6.0;17.0;-11.0;6.0
5869;7.1866666666666665;6.0;18.0;-12.0;6.0
5879;7.136666666666667;6.0;18.0;-12.0;6.0
5889;7.163333333333333;6.0;18.0;-12.0;6.0
5899;6.963333333333333;6.0;18.0;-12.0;6.0
5909;7.1;6.0;18.0;-12.0;6.0
5919;6.93;6.0;20.0;-14.0;6.0
5929;7.136666666666667;6.0;16.0;-10.0;6.0
5939;7.1466666666666665;6.0;18.0;-12.0;6.0
5949;7.043333333333333;6.0;21.0;-15.0;6.0
5959;7.03;6.0;16.0;-10.0;6.0
5969;7.1;6.0;16.0;-10.0;6.0
5979;7.223333333333334;6.0;18.0;-12.0;6.0
5989;7.0633333333333335;6.0;18.0;-12.0;6.0
5999;7.193333333333333;6.0;18.0;-12.0;6.0
6009;6.93;6.0;17.0;-11.0;6.0
6019;7.153333333333333;6.0;18.0;-12.0;6.0
6029;7.23;6.0;18.0;-12.0;6.0
6039;7.056666666666667;6.0;18.0;-12.0;6.0
6049;6.996666666666667;6.0;16.0;-10.0;6.0
6059;7.243333333333333;6.0;18.0;-12.0;6.0
6069;7.38;6.0;20.0;-14.0;6.0
6079;7.02;6.0;17.0;-11.0;6.0
6089;7.03;6.0;18.0;-12.0;6.0
6099;7.176666666666667;6.0;18.0;-12.0;6.0
6109;7.126666666666667;6.0;18.0;-12.0;6.0
6119;7.193333333333333;6.0;18.0;-12.0;6.0
6129;7.123333333333333;6.0;18.0;-12.0;6.0
6139;7.153333333333333;6.0;18.0;-12.0;6.0
6149;7.073333333333333;6.0;16.0;-10.0;6.0
6159;7.1;6.0;18.0;-12.0;6.0
6169;6.94;6.0;17.0;-11.0;6.0
6179;7.056666666666667;6.0;18.0;-12.0;6.0
6189;6.846666666666667;6.0;16.0;-10.0;6.0
6199;7.246666666666667;6.0;17.0;-11.0;6.0
6209;7.14;6.0;18.0;-12.0;6.0
6219;7.02;6.0;18.0;-12.0;6.0
6229;6.87;6.0;15.0;-9.0;6.0
6239;7.176666666666667;6.0;17.0;-11.0;6.0
6249;7.19;6.0;18.0;-12.0;6.0
6259;6.97;6.0;18.0;-12.0;6.0
6269;6.996666666666667;6.0;18.0;-12.0;6.0
6279;7.05;6.0;18.0;-12.0;6.0
6289;7.0;6.0;17.0;-11.0;6.0
6299;7.163333333333333;6.0;18.0;-12.0;6.0
6309;7.266666666666667;6.0;16.0;-10.0;6.0
6319;6.926666666666667;6.0;16.0;-10.0;6.0
6329;7.003333333333333;6.0;16.0;-10.0;6.0
6339;7.23;6.0;18.0;-12.0;6.0
6349;7.056666666666667;6.0;18.0;-12.0;6.0
6359;6.99;6.0;18.0;-12.0;6.0
6369;7.09;6.0;18.0;-12.0;6.0
6379;6.836666666666667;6.0;16.0;-10.0;6.0
6389;6.953333333333333;6.0;18.0;-12.0;6.0
6399;6.94;6.0;16.0;-10.0;6.0
6409;7.073333333333333;6.0;18.0;-12.0;6.0
6419;7.183333333333334;6.0;18.0;-12.0;6.0
6429;7.3933333333333335;6.0;18.0;-12.0;6.0
6439;6.816666666666666;6.0;16.0;-10.0;6.0
6449;6.903333333333333;6.0;18.0;-12.0;6.0
6459;7.086666666666667;6.0;20.0;-14.0;6.0
6469;7.08;6.0;18.0;-12.0;6.0
6479;7.183333333333334;6.0;18.0;-12.0;6.0
6489;7.1;6.0;18.0;-12.0;6.0
6499;7.083333333333333;6.0;17.0;-11.0;6.0
6509;7.133333333333334;6.0;18.0;-12.0;6.0
6519;6.92;6.0;18.0;-12.0;6.0
6529;7.123333333333333;6.0;21.0;-15.0;6.0
6539;7.053333333333334;6.0;20.0;-14.0;6.0
6549;7.213333333333333;6.0;17.0;-11.0;6.0
6559;6.963333333333333;6.0;18.0;-12.0;6.0
6569;7.17;6.0;17.0;-11.0;6.0
6579;6.94;6.0;17.0;-11.0;6.0
6589;7.066666666666666;6.0;18.0;-12.0;6.0
6599;7.046666666666667;6.0;18.0;-12.0;6.0
6609;7.1033333333333335;6.0;18.0;-12.0;6.0
6619;7.206666666666667;6.0;16.0;-10.0;6.0
6629;6.986666666666666;6.0;23.0;-17.0;6.0
6639;7.213333333333333;6.0;16.0;-10.0;6.0
6649;6.996666666666667;6.0;18.0;-12.0;6.0
6659;7.183333333333334;6.0;18.0;-12.0;6.0
6669;6.8933333333333335;6.0;16.0;-10.0;6.0
6679;6.976666666666667;6.0;22.0;-16.0;6.0
6689;7.113333333333333;6.0;18.0;-12.0;6.0
6699;7.0;6.0;18.0;-12.0;6.0
6709;7.116666666666666;6.0;16.0;-10.0;6.0
6719;7.123333333333333;6.0;20.0;-14.0;6.0
6729;7.173333333333333;6.0;18.0;-12.0;6.0
6739;7.113333333333333;6.0;18.0;-12.0;6.0
6749;7.12;6.0;18.0;-12.0;6.0
6759;7.003333333333333;6.0;18.0;-12.0;6.0
6769;7.12;6.0;18.0;-12.0;6.0
6779;7.05;6.0;16.0;-10.0;6.0
6789;7.176666666666667;6.0;18.0;-12.0;6.0
6799;7.173333333333333;6.0;20.0;-14.0;6.0
6809;6.956666666666667;6.0;18.0;-12.0;6.0
6819;7.0;6.0;18.0;-12.0;6.0
6829;6.946666666666666;6.0;15.0;-9.0;6.0
6839;7.036666666666667;6.0;18.0;-12.0;6.0
6849;7.1433333333333335;6.0;18.0;-12.0;6.0
6859;7.133333333333334;6.0;15.0;-9.0;6.0
6869;7.183333333333334;6.0;16.0;-10.0;6.0
6879;7.166666666666667;6.0;18.0;-12.0;6.0
6889;7.123333333333333;6.0;18.0;-12.0;6.0
6899;7.096666666666667;6.0;18.0;-12.0;6.0
6909;7.303333333333334;6.0;18.0;-12.0;6.0
6919;7.033333333333333;6.0;18.0;-12.0;6.0
6929;7.023333333333333;6.0;18.0;-12.0;6.0
6939;7.1066666666666665;6.0;20.0;-14.0;6.0
6949;7.026666666666666;6.0;14.0;-8.0;6.0
6959;7.15;6.0;18.0;-12.0;6.0
6969;7.1066666666666665;6.0;17.0;-11.0;6.0
6979;7.096666666666667;6.0;18.0;-12.0;6.0
6989;7.3533333333333335;6.0;18.0;-12.0;6.0
6999;7.07;6.0;18.0;-12.0;6.0
7009;7.033333333333333;6.0;16.0;-10.0;6.0
7019;7.076666666666667;6.0;15.0;-9.0;6.0
7029;7.166666666666667;6.0;18.0;-12.0;6.0
7039;7.243333333333333;6.0;20.0;-14.0;6.0
7049;7.24;6.0;18.0;-12.0;6.0
7059;7.166666666666667;6.0;16.0;-10.0;6.0
7069;7.003333333333333;6.0;18.0;-12.0;6.0
7079;7.293333333333333;6.0;18.0;-12.0;6.0
7089;7.13;6.0;18.0;-12.0;6.0
7099;7.116666666666666;6.0;18.0;-12.0;6.0
7109;6.81;6.0;15.0;-9.0;6.0
7119;7.306666666666667;6.0;18.0;-12.0;6.0
7129;7.053333333333334;6.0;18.0;-12.0;6.0
7139;6.786666666666667;6.0;18.0;-12.0;6.0
7149;7.1;6.0;20.0;-14.0;6.0
7159;7.1;6.0;16.0;-10.0;6.0
7169;6.9366666666666665;6.0;18.0;-12.0;6.0
7179;6.93;6.0;17.0;-11.0;6.0
7189;6.976666666666667;6.0;18.0;-12.0;6.0
7199;7.296666666666667;6.0;18.0;-12.0;6.0
7209;7.046666666666667;6.0;18.0;-12.0;6.0
7219;6.996666666666667;6.0;18.0;-12.0;6.0
7229;7.253333333333333;6.0;20.0;-14.0;6.0
7239;6.923333333333333;6.0;18.0;-12.0;6.0
7249;6.946666666666666;6.0;18.0;-12.0;6.0
7259;7.253333333333333;6.0;18.0;-12.0;6.0
7269;7.506666666666667;6.0;18.0;-12.0;6.0
7279;7.026666666666666;6.0;17.0;-11.0;6.0
7289;7.18;6.0;16.0;-10.0;6.0
7299;7.14;6.0;21.0;-15.0;6.0
7309;7.07;6.0;18.0;-12.0;6.0
7319;7.18;6.0;20.0;-14.0;6.0
7329;7.073333333333333;6.0;23.0;-17.0;6.0
7339;7.32;6.0;18.0;-12.0;6.0
7349;7.1033333333333335;6.0;18.0;-12.0;6.0
7359;7.06;6.0;18.0;-12.0;6.0
7369;7.296666666666667;6.0;18.0;-12.0;6.0
7379;7.05;6.0;18.0;-12.0;6.0
7389;7.206666666666667;6.0;20.0;-14.0;6.0
7399;6.966666666666667;6.0;16.0;-10.0;6.0
7409;7.123333333333333;6.0;18.0;-12.0;6.0
7419;7.023333333333333;6.0;18.0;-12.0;6.0
7429;7.156666666666666;6.0;17.0;-11.0;6.0
7439;7.1433333333333335;6.0;18.0;-12.0;6.0
7449;7.456666666666667;6.0;18.0;-12.0;6.0
7459;7.113333333333333;6.0;18.0;-12.0;6.0
7469;7.056666666666667;6.0;18.0;-12.0;6.0
7479;7.153333333333333;6.0;16.0;-10.0;6.0
7489;7.16;6.0;18.0;-12.0;6.0
7499;6.93;6.0;17.0;-11.0;6.0
7509;6.973333333333334;6.0;20.0;-14.0;6.0
7519;7.04;6.0;18.0;-12.0;6.0
7529;7.15;6.0;20.0;-14.0;6.0
7539;7.02;6.0;18.0;-12.0;6.0
7549;6.93;6.0;24.0;-18.0;6.0
7559;7.21;6.0;18.0;-12.0;6.0
7569;7.3566666666666665;6.0;18.0;-12.0;6.0
7579;7.01;6.0;24.0;-18.0;6.0
7589;6.986666666666666;6.0;24.0;-18.0;6.0
7599;6.956666666666667;6.0;23.0;-17.0;6.0
7609;7.1433333333333335;6.0;17.0;-11.0;6.0
7619;7.073333333333333;6.0;18.0;-12.0;6.0
7629;6.97;6.0;18.0;-12.0;6.0
7639;7.263333333333334;6.0;18.0;-12.0;6.0
7649;7.083333333333333;6.0;19.0;-13.0;6.0
7659;7.056666666666667;6.0;16.0;-10.0;6.0
7669;7.29;6.0;18.0;-12.0;6.0
7679;7.19;6.0;24.0;-18.0;6.0
7689;6.953333333333333;6.0;23.0;-17.0;6.0
7699;7.203333333333333;6.0;18.0;-12.0;6.0
7709;7.246666666666667;6.0;17.0;-11.0;6.0
7719;6.97;6.0;15.0;-9.0;6.0
7729;7.193333333333333;6.0;18.0;-12.0;6.0
7739;7.02;6.0;18.0;-12.0;6.0
7749;7.006666666666667;6.0;18.0;-12.0;6.0
7759;7.066666666666666;6.0;22.0;-16.0;6.0
7769;7.026666666666666;6.0;18.0;-12.0;6.0
7779;7.086666666666667;6.0;22.0;-16.0;6.0
7789;6.933333333333334;6.0;14.0;-8.0;6.0
7799;7.346666666666667;6.0;18.0;-12.0;6.0
7809;6.983333333333333;6.0;18.0;-12.0;6.0
7819;7.223333333333334;6.0;17.0;-11.0;6.0
7829;7.02;6.0;21.0;-15.0;6.0
7839;7.1466666666666665;6.0;18.0;-12.0;6.0
7849;7.093333333333334;6.0;18.0;-12.0;6.0
7859;7.023333333333333;6.0;18.0;-12.0;6.0
7869;7.32;6.0;18.0;-12.0;6.0
7879;7.03;6.0;17.0;-11.0;6.0
7889;7.11;6.0;18.0;-12.0;6.0
7899;7.066666666666666;6.0;18.0;-12.0;6.0
7909;7.193333333333333;6.0;18.0;-12.0;6.0
7919;7.08;6.0;16.0;-10.0;6.0
7929;7.1033333333333335;6.0;16.0;-10.0;6.0
7939;7.036666666666667;6.0;17.0;-11.0;6.0
7949;7.11;6.0;18.0;-12.0;6.0
7959;6.96;6.0;16.0;-10.0;6.0
7969;7.19;6.0;17.0;-11.0;6.0
7979;7.33;6.0;18.0;-12.0;6.0
7989;6.916666666666667;6.0;17.0;-11.0;6.0
7999;7.166666666666667;6.0;18.0;-12.0;6.0
8009;6.8133333333333335;6.0;12.0;-6.0;6.0
8019;7.26;6.0;18.0;-12.0;6.0
8029;7.04;6.0;17.0;-11.0;6.0
8039;7.1066666666666665;6.0;16.0;-10.0;6.0
8049;6.786666666666667;6.0;18.0;-12.0;6.0
8059;7.133333333333334;6.0;18.0;-12.0;6.0
8069;7.08;6.0;19.0;-13.0;6.0
8079;7.003333333333333;6.0;13.0;-7.0;6.0
8089;6.986666666666666;6.0;15.0;-9.0;6.0
8099;6.8533333333333335;6.0;18.0;-12.0;6.0
8109;7.126666666666667;6.0;21.0;-15.0;6.0
8119;7.05;6.0;17.0;-11.0;6.0
8129;7.26;6.0;17.0;-11.0;6.0
8139;7.173333333333333;6.0;18.0;-12.0;6.0
8149;7.04;6.0;17.0;-11.0;6.0
8159;7.203333333333333;6.0;21.0;-15.0;6.0
8169;7.136666666666667;6.0;17.0;-11.0;6.0
8179;7.13;6.0;22.0;-16.0;6.0
8189;7.16;6.0;20.0;-14.0;6.0
8199;6.953333333333333;6.0;17.0;-11.0;6.0
8209;7.116666666666666;6.0;18.0;-12.0;6.0
8219;7.226666666666667;6.0;18.0;-12.0;6.0
8229;7.276666666666666;6.0;18.0;-12.0;6.0
8239;7.03;6.0;14.0;-8.0;6.0
8249;7.15;6.0;18.0;-12.0;6.0
8259;7.15;6.0;18.0;-12.0;6.0
8269;7.216666666666667;6.0;18.0;-12.0;6.0
8279;7.22;6.0;18.0;-12.0;6.0
8289;6.983333333333333;6.0;18.0;-12.0;6.0
8299;7.083333333333333;6.0;19.0;-13.0;6.0
8309;7.203333333333333;6.0;17.0;-11.0;6.0
8319;6.92;6.0;18.0;-12.0;6.0
8329;7.1066666666666665;6.0;20.0;-14.0;6.0
8339;6.926666666666667;6.0;18.0;-12.0;6.0
8349;7.193333333333333;6.0;18.0;-12.0;6.0
8359;7.13;6.0;18.0;-12.0;6.0
8369;7.02;6.0;16.0;-10.0;6.0
8379;6.82;6.0;18.0;-12.0;6.0
8389;7.323333333333333;6.0;18.0;-12.0;6.0
8399;7.04;6.0;18.0;-12.0;6.0
8409;7.05;6.0;18.0;-12.0;6.0
8419;7.1066666666666665;6.0;23.0;-17.0;6.0
8429;7.05;6.0;17.0;-11.0;6.0
8439;7.033333333333333;6.0;18.0;-12.0;6.0
8449;7.346666666666667;6.0;18.0;-12.0;6.0
8459;7.033333333333333;6.0;21.0;-15.0;6.0
8469;6.956666666666667;6.0;18.0;-12.0;6.0
8479;6.943333333333333;6.0;18.0;-12.0;6.0
8489;6.986666666666666;6.0;20.0;-14.0;6.0
8499;7.22;6.0;18.0;-12.0;6.0
8509;7.02;6.0;18.0;-12.0;6.0
8519;7.066666666666666;6.0;18.0;-12.0;6.0
8529;7.096666666666667;6.0;18.0;-12.0;6.0
8539;7.266666666666667;6.0;18.0;-12.0;6.0
8549;7.13;6.0;18.0;-12.0;6.0
8559;7.006666666666667;6.0;18.0;-12.0;6.0
8569;7.0633333333333335;6.0;15.0;-9.0;6.0
8579;7.01;6.0;16.0;-10.0;6.0
8589;6.863333333333333;6.0;18.0;-12.0;6.0
8599;7.053333333333334;6.0;24.0;-18.0;6.0
8609;6.993333333333333;6.0;18.0;-12.0;6.0
8619;7.06;6.0;18.0;-12.0;6.0
8629;6.973333333333334;6.0;17.0;-11.0;6.0
8639;7.11;6.0;17.0;-11.0;6.0
8649;7.01;6.0;18.0;-12.0;6.0
8659;7.17;6.0;18.0;-12.0;6.0
8669;7.24;6.0;18.0;-12.0;6.0
8679;7.08;6.0;17.0;-11.0;6.0
8689;6.956666666666667;6.0;18.0;-12.0;6.0
8699;7.013333333333334;6.0;18.0;-12.0;6.0
8709;6.946666666666666;6.0;18.0;-12.0;6.0
8719;7.15;6.0;22.0;-16.0;6.0
8729;7.12;6.0;18.0;-12.0;6.0
8739;7.096666666666667;6.0;22.0;-16.0;6.0
8749;7.126666666666667;6.0;22.0;-16.0;6.0
8759;7.056666666666667;6.0;18.0;-12.0;6.0
8769;6.9;6.0;18.0;-12.0;6.0
8779;7.24;6.0;18.0;-12.0;6.0
8789;6.976666666666667;6.0;18.0;-12.0;6.0
8799;7.166666666666667;6.0;18.0;-12.0;6.0
8809;7.096666666666667;6.0;18.0;-12.0;6.0
8819;7.0633333333333335;6.0;18.0;-12.0;6.0
8829;6.976666666666667;6.0;18.0;-12.0;6.0
8839;7.11;6.0;17.0;-11.0;6.0
8849;7.35;6.0;17.0;-11.0;6.0
8859;7.086666666666667;6.0;15.0;-9.0;6.0
8869;7.546666666666667;6.0;18.0;-12.0;6.0
8879;6.943333333333333;6.0;17.0;-11.0;6.0
8889;6.9;6.0;18.0;-12.0;6.0
8899;7.023333333333333;6.0;24.0;-18.0;6.0
8909;6.946666666666666;6.0;18.0;-12.0;6.0
8919;7.163333333333333;6.0;18.0;-12.0;6.0
8929;7.073333333333333;6.0;18.0;-12.0;6.0
8939;7.13;6.0;18.0;-12.0;6.0
8949;7.196666666666666;6.0;18.0;-12.0;6.0
8959;7.113333333333333;6.0;18.0;-12.0;6.0
8969;6.89;6.0;17.0;-11.0;6.0
8979;7.086666666666667;6.0;17.0;-11.0;6.0
8989;7.003333333333333;6.0;15.0;-9.0;6.0
8999;6.8566666666666665;6.0;18.0;-12.0;6.0
9009;6.956666666666667;6.0;17.0;-11.0;6.0
9019;7.29;6.0;16.0;-10.0;6.0
9029;7.113333333333333;6.0;17.0;-11.0;6.0
9039;7.1466666666666665;6.0;18.0;-12.0;6.0
9049;7.003333333333333;6.0;18.0;-12.0;6.0
9059;7.06;6.0;18.0;-12.0;6.0
9069;7.323333333333333;6.0;18.0;-12.0;6.0
9079;7.1866666666666665;6.0;22.0;-16.0;6.0
9089;7.046666666666667;6.0;18.0;-12.0;6.0
9099;7.086666666666667;6.0;18.0;-12.0;6.0
9109;6.82;6.0;19.0;-13.0;6.0
9119;6.973333333333334;6.0;16.0;-10.0;6.0
9129;7.02;6.0;19.0;-13.0;6.0
9139;7.046666666666667;6.0;17.0;-11.0;6.0
9149;7.036666666666667;6.0;22.0;-16.0;6.0
9159;7.003333333333333;6.0;14.0;-8.0;6.0
9169;7.3133333333333335;6.0;18.0;-12.0;6.0
9179;6.99;6.0;16.0;-10.0;6.0
9189;7.176666666666667;6.0;17.0;-11.0;6.0
9199;6.79;6.0;20.0;-14.0;6.0
9209;7.24;6.0;18.0;-12.0;6.0
9219;7.066666666666666;6.0;18.0;-12.0;6.0
9229;7.176666666666667;6.0;17.0;-11.0;6.0
9239;7.036666666666667;6.0;18.0;-12.0;6.0
9249;7.09;6.0;18.0;-12.0;6.0
9259;6.883333333333334;6.0;17.0;-11.0;6.0
9269;7.1466666666666665;6.0;18.0;-12.0;6.0
9279;6.993333333333333;6.0;17.0;-11.0;6.0
9289;6.863333333333333;6.0;17.0;-11.0;6.0
9299;7.29;6.0;18.0;-12.0;6.0
9309;7.043333333333333;6.0;20.0;-14.0;6.0
9319;7.07;6.0;21.0;-15.0;6.0
9329;7.003333333333333;6.0;20.0;-14.0;6.0
9339;7.193333333333333;6.0;17.0;-11.0;6.0
9349;7.176666666666667;6.0;20.0;-14.0;6.0
9359;7.116666666666666;6.0;17.0;-11.0;6.0
9369;7.08;6.0;18.0;-12.0;6.0
9379;6.8966666666666665;6.0;18.0;-12.0;6.0
9389;7.083333333333333;6.0;22.0;-16.0;6.0
9399;6.963333333333333;6.0;16.0;-10.0;6.0
9409;7.0633333333333335;6.0;17.0;-11.0;6.0
9419;7.1033333333333335;6.0;17.0;-11.0;6.0
9429;6.776666666666666;6.0;18.0;-12.0;6.0
9439;7.1033333333333335;6.0;25.0;-19.0;6.0
9449;6.8133333333333335;6.0;18.0;-12.0;6.0
9459;6.876666666666667;6.0;23.0;-17.0;6.0
9469;7.286666666666667;6.0;18.0;-12.0;6.0
9479;6.926666666666667;6.0;18.0;-12.0;6.0
9489;7.156666666666666;6.0;18.0;-12.0;6.0
9499;7.036666666666667;6.0;18.0;-12.0;6.0
9509;7.15;6.0;18.0;-12.0;6.0
9519;6.973333333333334;6.0;21.0;-15.0;6.0
9529;6.93;6.0;19.0;-13.0;6.0
9539;7.006666666666667;6.0;18.0;-12.0;6.0
9549;7.236666666666666;6.0;17.0;-11.0;6.0
9559;6.97;6.0;18.0;-12.0;6.0
9569;7.283333333333333;6.0;22.0;-16.0;6.0
9579;7.193333333333333;6.0;18.0;-12.0;6.0
9589;7.156666666666666;6.0;18.0;-12.0;6.0
9599;6.96;6.0;24.0;-18.0;6.0
9609;7.216666666666667;6.0;17.0;-11.0;6.0
9619;7.093333333333334;6.0;18.0;-12.0;6.0
9629;7.023333333333333;6.0;18.0;-12.0;6.0
9639;7.24;6.0;18.0;-12.0;6.0
9649;7.253333333333333;6.0;18.0;-12.0;6.0
9659;7.1433333333333335;6.0;18.0;-12.0;6.0
9669;7.3566666666666665;6.0;17.0;-11.0;6.0
9679;6.97;6.0;18.0;-12.0;6.0
9689;6.99;6.0;16.0;-10.0;6.0
9699;7.053333333333334;6.0;18.0;-12.0;6.0
9709;7.053333333333334;6.0;18.0;-12.0;6.0
9719;6.8933333333333335;6.0;17.0;-11.0;6.0
9729;6.926666666666667;6.0;18.0;-12.0;6.0
9739;7.023333333333333;6.0;21.0;-15.0;6.0
9749;7.173333333333333;6.0;18.0;-12.0;6.0
9759;7.066666666666666;6.0;18.0;-12.0;6.0
9769;7.113333333333333;6.0;17.0;-11.0;6.0
9779;7.0633333333333335;6.0;18.0;-12.0;6.0
9789;7.0;6.0;18.0;-12.0;6.0
9799;7.196666666666666;6.0;16.0;-10.0;6.0
9809;6.973333333333334;6.0;18.0;-12.0;6.0
9819;7.203333333333333;6.0;18.0;-12.0;6.0
9829;7.1;6.0;18.0;-12.0;6.0
9839;7.223333333333334;6.0;18.0;-12.0;6.0
9849;7.216666666666667;6.0;18.0;-12.0;6.0
9859;7.326666666666667;6.0;18.0;-12.0;6.0
9869;7.1;6.0;17.0;-11.0;6.0
9879;7.256666666666667;6.0;18.0;-12.0;6.0
9889;7.0633333333333335;6.0;19.0;-13.0;6.0
9899;7.52;6.0;18.0;-12.0;6.0
9909;7.266666666666667;6.0;18.0;-12.0;6.0
9919;7.033333333333333;6.0;18.0;-12.0;6.0
9929;7.273333333333333;6.0;18.0;-12.0;6.0
9939;6.99;6.0;21.0;-15.0;6.0
9949;7.083333333333333;6.0;18.0;-12.0;6.0
9959;7.116666666666666;6.0;18.0;-12.0;6.0
9969;7.21;6.0;17.0;-11.0;6.0
9979;7.2;6.0;18.0;-12.0;6.0
9989;7.073333333333333;6.0;18.0;-12.0;6.0
9999;6.97;6.0;16.0;-10.0;6.0
10009;7.153333333333333;6.0;18.0;-12.0;6.0
10019;7.123333333333333;6.0;18.0;-12.0;6.0
10029;7.096666666666667;6.0;18.0;-12.0;6.0
10039;7.226666666666667;6.0;18.0;-12.0;6.0
10049;7.04;6.0;14.0;-8.0;6.0
10059;7.386666666666667;6.0;18.0;-12.0;6.0
10069;7.283333333333333;6.0;20.0;-14.0;6.0
10079;7.053333333333334;6.0;16.0;-10.0;6.0
10089;7.056666666666667;6.0;18.0;-12.0;6.0
10099;7.14;6.0;17.0;-11.0;6.0
10109;7.34;6.0;21.0;-15.0;6.0
10119;6.98;6.0;18.0;-12.0;6.0
10129;7.046666666666667;6.0;14.0;-8.0;6.0
10139;6.966666666666667;6.0;18.0;-12.0;6.0
10149;6.903333333333333;6.0;14.0;-8.0;6.0
10159;7.306666666666667;6.0;18.0;-12.0;6.0
10169;7.16;6.0;18.0;-12.0;6.0
10179;7.023333333333333;6.0;18.0;-12.0;6.0
10189;7.156666666666666;6.0;20.0;-14.0;6.0
10199;7.003333333333333;6.0;18.0;-12.0;6.0
10209;7.093333333333334;6.0;18.0;-12.0;6.0
10219;6.953333333333333;6.0;15.0;-9.0;6.0
10229;6.956666666666667;6.0;18.0;-12.0;6.0
10239;6.883333333333334;6.0;18.0;-12.0;6.0
10249;6.97;6.0;21.0;-15.0;6.0
10259;7.193333333333333;6.0;18.0;-12.0;6.0
10269;6.976666666666667;6.0;14.0;-8.0;6.0
10279;6.92;6.0;18.0;-12.0;6.0
10289;7.023333333333333;6.0;18.0;-12.0;6.0
10299;7.066666666666666;6.0;16.0;-10.0;6.0
10309;7.096666666666667;6.0;18.0;-12.0;6.0
10319;7.1866666666666665;6.0;18.0;-12.0;6.0
10329;7.116666666666666;6.0;16.0;-10.0;6.0
10339;6.8933333333333335;6.0;18.0;-12.0;6.0
10349;7.233333333333333;6.0;18.0;-12.0;6.0
10359;7.173333333333333;6.0;18.0;-12.0;6.0
10369;7.173333333333333;6.0;16.0;-10.0;6.0
10379;7.023333333333333;6.0;18.0;-12.0;6.0
10389;6.87;6.0;18.0;-12.0;6.0
10399;6.94;6.0;18.0;-12.0;6.0
10409;7.1033333333333335;6.0;22.0;-16.0;6.0
10419;7.093333333333334;6.0;16.0;-10.0;6.0
10429;7.15;6.0;17.0;-11.0;6.0
10439;7.196666666666666;6.0;18.0;-12.0;6.0
10449;7.223333333333334;6.0;16.0;-10.0;6.0
10459;7.093333333333334;6.0;18.0;-12.0;6.0
10469;7.173333333333333;6.0;18.0;-12.0;6.0
10479;7.023333333333333;6.0;17.0;-11.0;6.0
10489;6.9366666666666665;6.0;18.0;-12.0;6.0
10499;7.153333333333333;6.0;18.0;-12.0;6.0
10509;7.01;6.0;15.0;-9.0;6.0
10519;6.983333333333333;6.0;18.0;-12.0;6.0
10529;7.136666666666667;6.0;18.0;-12.0;6.0
10539;7.023333333333333;6.0;18.0;-12.0;6.0
10549;6.786666666666667;6.0;18.0;-12.0;6.0
10559;6.96;6.0;18.0;-12.0;6.0
10569;7.116666666666666;6.0;17.0;-11.0;6.0
10579;6.95;6.0;18.0;-12.0;6.0
10589;7.083333333333333;6.0;18.0;-12.0;6.0
10599;7.196666666666666;6.0;18.0;-12.0;6.0
10609;7.073333333333333;6.0;18.0;-12.0;6.0
10619;6.973333333333334;6.0;18.0;-12.0;6.0
10629;6.906666666666666;6.0;18.0;-12.0;6.0
10639;7.15;6.0;18.0;-12.0;6.0
10649;7.1;6.0;18.0;-12.0;6.0
10659;7.3133333333333335;6.0;18.0;-12.0;6.0
10669;7.07;6.0;18.0;-12.0;6.0
10679;7.02;6.0;18.0;-12.0;6.0
10689;6.846666666666667;6.0;17.0;-11.0;6.0
10699;6.91;6.0;16.0;-10.0;6.0
10709;7.166666666666667;6.0;18.0;-12.0;6.0
10719;7.11;6.0;18.0;-12.0;6.0
10729;7.133333333333334;6.0;18.0;-12.0;6.0
10739;6.8566666666666665;6.0;18.0;-12.0;6.0
10749;6.916666666666667;6.0;18.0;-12.0;6.0
10759;6.973333333333334;6.0;18.0;-12.0;6.0
10769;7.06;6.0;20.0;-14.0;6.0
10779;7.13;6.0;17.0;-11.0;6.0
10789;7.093333333333334;6.0;17.0;-11.0;6.0
10799;7.16;6.0;18.0;-12.0;6.0
10809;6.92;6.0;20.0;-14.0;6.0
10819;7.086666666666667;6.0;16.0;-10.0;6.0
10829;6.866666666666666;6.0;22.0;-16.0;6.0
10839;7.043333333333333;6.0;18.0;-12.0;6.0
10849;6.793333333333333;6.0;17.0;-11.0;6.0
10859;7.046666666666667;6.0;16.0;-10.0;6.0
10869;7.2;6.0;18.0;-12.0;6.0
10879;7.073333333333333;6.0;18.0;-12.0;6.0
10889;7.163333333333333;6.0;18.0;-12.0;6.0
10899;6.973333333333334;6.0;20.0;-14.0;6.0
10909;6.973333333333334;6.0;16.0;-10.0;6.0
10919;7.086666666666667;6.0;18.0;-12.0;6.0
10929;6.96;6.0;16.0;-10.0;6.0
10939;7.043333333333333;6.0;18.0;-12.0;6.0
10949;7.1033333333333335;6.0;17.0;-11.0;6.0
10959;7.273333333333333;6.0;17.0;-11.0;6.0
10969;7.27;6.0;18.0;-12.0;6.0
10979;7.453333333333333;6.0;18.0;-12.0;6.0
10989;7.25;6.0;18.0;-12.0;6.0
10999;7.13;6.0;17.0;-11.0;6.0
11009;7.136666666666667;6.0;17.0;-11.0;6.0
11019;6.97;6.0;18.0;-12.0;6.0
11029;6.806666666666667;6.0;14.0;-8.0;6.0
11039;7.2;6.0;20.0;-14.0;6.0
11049;7.11;6.0;20.0;-14.0;6.0
11059;6.916666666666667;6.0;18.0;-12.0;6.0
11069;7.15;6.0;18.0;-12.0;6.0
11079;7.006666666666667;6.0;21.0;-15.0;6.0
11089;7.08;6.0;19.0;-13.0;6.0
11099;6.9366666666666665;6.0;18.0;-12.0;6.0
11109;6.9366666666666665;6.0;18.0;-12.0;6.0
11119;7.113333333333333;6.0;18.0;-12.0;6.0
11129;6.983333333333333;6.0;18.0;-12.0;6.0
11139;7.08;6.0;12.0;-6.0;6.0
11149;7.5;6.0;18.0;-12.0;6.0
11159;6.873333333333333;6.0;17.0;-11.0;6.0
11169;7.326666666666667;6.0;18.0;-12.0;6.0
11179;7.096666666666667;6.0;20.0;-14.0;6.0
11189;6.996666666666667;6.0;18.0;-12.0;6.0
11199;6.953333333333333;6.0;18.0;-12.0;6.0
11209;7.206666666666667;6.0;20.0;-14.0;6.0
11219;7.296666666666667;6.0;18.0;-12.0;6.0
11229;7.16;6.0;17.0;-11.0;6.0
11239;7.236666666666666;6.0;20.0;-14.0;6.0
11249;7.163333333333333;6.0;18.0;-12.0;6.0
11259;7.026666666666666;6.0;18.0;-12.0;6.0
11269;6.883333333333334;6.0;18.0;-12.0;6.0
11279;7.2;6.0;19.0;-13.0;6.0
11289;7.1066666666666665;6.0;17.0;-11.0;6.0
11299;7.086666666666667;6.0;17.0;-11.0;6.0
11309;7.22;6.0;17.0;-11.0;6.0
11319;6.95;6.0;17.0;-11.0;6.0
11329;7.123333333333333;6.0;18.0;-12.0;6.0
11339;7.21;6.0;18.0;-12.0;6.0
11349;6.993333333333333;6.0;18.0;-12.0;6.0
11359;7.22;6.0;18.0;-12.0;6.0
11369;7.046666666666667;6.0;18.0;-12.0;6.0
11379;7.066666666666666;6.0;16.0;-10.0;6.0
11389;7.156666666666666;6.0;18.0;-12.0;6.0
11399;7.056666666666667;6.0;18.0;-12.0;6.0
11409;7.05;6.0;18.0;-12.0;6.0
11419;6.973333333333334;6.0;22.0;-16.0;6.0
11429;7.206666666666667;6.0;17.0;-11.0;6.0
11439;7.036666666666667;6.0;17.0;-11.0;6.0
11449;6.873333333333333;6.0;18.0;-12.0;6.0
11459;7.14;6.0;16.0;-10.0;6.0
11469;7.286666666666667;6.0;22.0;-16.0;6.0
11479;7.013333333333334;6.0;18.0;-12.0;6.0
11489;7.033333333333333;6.0;16.0;-10.0;6.0
11499;6.993333333333333;6.0;17.0;-11.0;6.0
11509;7.1433333333333335;6.0;18.0;-12.0;6.0
11519;7.18;6.0;20.0;-14.0;6.0
11529;6.8533333333333335;6.0;18.0;-12.0;6.0
11539;7.133333333333334;6.0;17.0;-11.0;6.0
11549;7.016666666666667;6.0;16.0;-10.0;6.0
11559;7.196666666666666;6.0;18.0;-12.0;6.0
11569;7.23;6.0;21.0;-15.0;6.0
11579;7.08;6.0;21.0;-15.0;6.0
11589;7.1466666666666665;6.0;18.0;-12.0;6.0
11599;7.38;6.0;21.0;-15.0;6.0
11609;7.01;6.0;18.0;-12.0;6.0
11619;6.803333333333334;6.0;13.0;-7.0;6.0
11629;6.903333333333333;6.0;18.0;-12.0;6.0
11639;7.206666666666667;6.0;22.0;-16.0;6.0
11649;6.95;6.0;16.0;-10.0;6.0
11659;7.04;6.0;18.0;-12.0;6.0
11669;6.996666666666667;6.0;18.0;-12.0;6.0
11679;7.036666666666667;6.0;17.0;-11.0;6.0
11689;6.82;6.0;15.0;-9.0;6.0
11699;7.043333333333333;6.0;18.0;-12.0;6.0
11709;7.08;6.0;18.0;-12.0;6.0
11719;7.22;6.0;18.0;-12.0;6.0
11729;7.08;6.0;18.0;-12.0;6.0
11739;7.05;6.0;18.0;-12.0;6.0
11749;7.256666666666667;6.0;18.0;-12.0;6.0
11759;6.97;6.0;18.0;-12.0;6.0
11769;7.153333333333333;6.0;18.0;-12.0;6.0
11779;6.966666666666667;6.0;18.0;-12.0;6.0
11789;7.2;6.0;15.0;-9.0;6.0
11799;7.3;6.0;26.0;-20.0;6.0
11809;7.04;6.0;18.0;-12.0;6.0
11819;7.07;6.0;17.0;-11.0;6.0
11829;7.23;6.0;16.0;-10.0;6.0
11839;7.02;6.0;17.0;-11.0;6.0
11849;6.943333333333333;6.0;17.0;-11.0;6.0
11859;7.1866666666666665;6.0;20.0;-14.0;6.0
11869;7.333333333333333;6.0;18.0;-12.0;6.0
11879;7.023333333333333;6.0;18.0;-12.0;6.0
11889;7.31;6.0;18.0;-12.0;6.0
11899;7.11;6.0;18.0;-12.0;6.0
11909;6.84;6.0;17.0;-11.0;6.0
11919;7.05;6.0;18.0;-12.0;6.0
11929;7.16;6.0;16.0;-10.0;6.0
11939;7.033333333333333;6.0;17.0;-11.0;6.0
11949;7.24;6.0;18.0;-12.0;6.0
11959;6.9;6.0;18.0;-12.0;6.0
11969;7.33;6.0;18.0;-12.0;6.0
11979;7.1;6.0;18.0;-12.0;6.0
11989;7.193333333333333;6.0;18.0;-12.0;6.0
11999;7.07;6.0;18.0;-12.0;6.0
12009;7.03;6.0;18.0;-12.0;6.0
12019;7.0;6.0;18.0;-12.0;6.0
12029;7.14;6.0;18.0;-12.0;6.0
12039;7.17;6.0;18.0;-12.0;6.0
12049;7.01;6.0;18.0;-12.0;6.0
12059;7.216666666666667;6.0;18.0;-12.0;6.0
12069;7.243333333333333;6.0;18.0;-12.0;6.0
12079;7.056666666666667;6.0;16.0;-10.0;6.0
12089;7.253333333333333;6.0;17.0;-11.0;6.0
12099;7.336666666666667;6.0;18.0;-12.0;6.0
12109;7.1;6.0;18.0;-12.0;6.0
12119;6.973333333333334;6.0;14.0;-8.0;6.0
12129;7.19;6.0;18.0;-12.0;6.0
12139;6.843333333333334;6.0;16.0;-10.0;6.0
12149;6.87;6.0;18.0;-12.0;6.0
12159;7.283333333333333;6.0;18.0;-12.0;6.0
12169;7.26;6.0;18.0;-12.0;6.0
12179;7.083333333333333;6.0;16.0;-10.0;6.0
12189;7.233333333333333;6.0;18.0;-12.0;6.0
12199;7.336666666666667;6.0;18.0;-12.0;6.0
12209;6.863333333333333;6.0;15.0;-9.0;6.0
12219;7.206666666666667;6.0;18.0;-12.0;6.0
12229;6.9366666666666665;6.0;18.0;-12.0;6.0
12239;6.966666666666667;6.0;18.0;-12.0;6.0
12249;6.976666666666667;6.0;18.0;-12.0;6.0
12259;7.1033333333333335;6.0;18.0;-12.0;6.0
12269;7.226666666666667;6.0;18.0;-12.0;6.0
12279;7.196666666666666;6.0;18.0;-12.0;6.0
12289;7.073333333333333;6.0;18.0;-12.0;6.0
12299;7.036666666666667;6.0;20.0;-14.0;6.0
12309;7.206666666666667;6.0;18.0;-12.0;6.0
12319;6.8533333333333335;6.0;18.0;-12.0;6.0
12329;7.036666666666667;6.0;18.0;-12.0;6.0
12339;6.8933333333333335;6.0;16.0;-10.0;6.0
12349;7.066666666666666;6.0;17.0;-11.0;6.0
12359;6.913333333333333;6.0;18.0;-12.0;6.0
12369;6.89;6.0;12.0;-6.0;6.0
12379;7.526666666666666;6.0;24.0;-18.0;6.0
12389;7.056666666666667;6.0;18.0;-12.0;6.0
12399;7.083333333333333;6.0;18.0;-12.0;6.0
12409;6.84;6.0;12.0;-6.0;6.0
12419;7.27;6.0;17.0;-11.0;6.0
12429;7.06;6.0;18.0;-12.0;6.0
12439;7.076666666666667;6.0;24.0;-18.0;6.0
12449;6.783333333333333;6.0;18.0;-12.0;6.0
12459;7.086666666666667;6.0;18.0;-12.0;6.0
12469;7.133333333333334;6.0;22.0;-16.0;6.0
12479;7.293333333333333;6.0;19.0;-13.0;6.0
12489;7.223333333333334;6.0;18.0;-12.0;6.0
12499;7.16;6.0;17.0;-11.0;6.0
12509;7.013333333333334;6.0;18.0;-12.0;6.0
12519;7.26;6.0;18.0;-12.0;6.0
12529;7.223333333333334;6.0;18.0;-12.0;6.0
12539;6.98;6.0;17.0;-11.0;6.0
12549;7.086666666666667;6.0;18.0;-12.0;6.0
12559;7.083333333333333;6.0;18.0;-12.0;6.0
12569;6.946666666666666;6.0;14.0;-8.0;6.0
12579;7.05;6.0;18.0;-12.0;6.0
12589;7.033333333333333;6.0;18.0;-12.0;6.0
12599;7.273333333333333;6.0;18.0;-12.0;6.0
12609;6.996666666666667;6.0;18.0;-12.0;6.0
12619;7.026666666666666;6.0;19.0;-13.0;6.0
12629;7.133333333333334;6.0;18.0;-12.0;6.0
12639;7.086666666666667;6.0;21.0;-15.0;6.0
12649;6.953333333333333;6.0;16.0;-10.0;6.0
12659;6.943333333333333;6.0;18.0;-12.0;6.0
12669;7.173333333333333;6.0;17.0;-11.0;6.0
12679;6.983333333333333;6.0;18.0;-12.0;6.0
12689;7.196666666666666;6.0;18.0;-12.0;6.0
12699;7.09;6.0;15.0;-9.0;6.0
12709;7.046666666666667;6.0;18.0;-12.0;6.0
12719;7.236666666666666;6.0;22.0;-16.0;6.0
12729;7.0;6.0;22.0;-16.0;6.0
12739;7.16;6.0;21.0;-15.0;6.0
12749;7.0;6.0;18.0;-12.0;6.0
12759;7.13;6.0;18.0;-12.0;6.0
12769;7.116666666666666;6.0;16.0;-10.0;6.0
12779;6.83;6.0;16.0;-10.0;6.0
12789;7.05;6.0;18.0;-12.0;6.0
12799;7.28;6.0;18.0;-12.0;6.0
12809;7.023333333333333;6.0;16.0;-10.0;6.0
12819;6.793333333333333;6.0;12.0;-6.0;6.0
12829;7.0633333333333335;6.0;18.0;-12.0;6.0
12839;6.913333333333333;6.0;17.0;-11.0;6.0
12849;7.09;6.0;18.0;-12.0;6.0
12859;7.013333333333334;6.0;18.0;-12.0;6.0
12869;7.176666666666667;6.0;18.0;-12.0;6.0
12879;7.003333333333333;6.0;12.0;-6.0;6.0
12889;7.203333333333333;6.0;22.0;-16.0;6.0
12899;7.056666666666667;6.0;18.0;-12.0;6.0
12909;7.333333333333333;6.0;18.0;-12.0;6.0
12919;6.996666666666667;6.0;18.0;-12.0;6.0
12929;7.13;6.0;17.0;-11.0;6.0
12939;7.033333333333333;6.0;18.0;-12.0;6.0
12949;7.02;6.0;18.0;-12.0;6.0
12959;7.193333333333333;6.0;18.0;-12.0;6.0
12969;7.01;6.0;18.0;-12.0;6.0
12979;7.19;6.0;18.0;-12.0;6.0
12989;6.92;6.0;18.0;-12.0;6.0
12999;6.906666666666666;6.0;18.0;-12.0;6.0
13009;7.276666666666666;6.0;18.0;-12.0;6.0
13019;7.28;6.0;18.0;-12.0;6.0
13029;7.023333333333333;6.0;21.0;-15.0;6.0
13039;6.993333333333333;6.0;18.0;-12.0;6.0
13049;7.38;6.0;18.0;-12.0;6.0
13059;7.213333333333333;6.0;18.0;-12.0;6.0
13069;7.156666666666666;6.0;18.0;-12.0;6.0
13079;6.863333333333333;6.0;18.0;-12.0;6.0
13089;7.166666666666667;6.0;18.0;-12.0;6.0
13099;7.113333333333333;6.0;18.0;-12.0;6.0
13109;7.193333333333333;6.0;24.0;-18.0;6.0
13119;7.07;6.0;18.0;-12.0;6.0
13129;7.153333333333333;6.0;18.0;-12.0;6.0
13139;7.14;6.0;18.0;-12.0;6.0
13149;7.246666666666667;6.0;18.0;-12.0;6.0
13159;7.036666666666667;6.0;24.0;-18.0;6.0
13169;6.973333333333334;6.0;16.0;-10.0;6.0
13179;6.98;6.0;18.0;-12.0;6.0
13189;6.876666666666667;6.0;16.0;-10.0;6.0
13199;6.94;6.0;18.0;-12.0;6.0
13209;7.173333333333333;6.0;18.0;-12.0;6.0
13219;7.076666666666667;6.0;17.0;-11.0;6.0
13229;7.17;6.0;18.0;-12.0;6.0
13239;7.25;6.0;18.0;-12.0;6.0
13249;7.023333333333333;6.0;23.0;-17.0;6.0
13259;7.03;6.0;17.0;-11.0;6.0
13269;7.1066666666666665;6.0;18.0;-12.0;6.0
13279;7.153333333333333;6.0;18.0;-12.0;6.0
13289;6.953333333333333;6.0;16.0;-10.0;6.0
13299;7.196666666666666;6.0;18.0;-12.0;6.0
13309;6.996666666666667;6.0;16.0;-10.0;6.0
13319;6.98;6.0;20.0;-14.0;6.0
13329;6.986666666666666;6.0;16.0;-10.0;6.0
13339;7.013333333333334;6.0;17.0;-11.0;6.0
13349;7.24;6.0;18.0;-12.0;6.0
13359;7.286666666666667;6.0;18.0;-12.0;6.0
13369;7.123333333333333;6.0;18.0;-12.0;6.0
13379;7.003333333333333;6.0;16.0;-10.0;6.0
13389;7.226666666666667;6.0;18.0;-12.0;6.0
13399;6.883333333333334;6.0;17.0;-11.0;6.0
13409;7.033333333333333;6.0;16.0;-10.0;6.0
13419;7.13;6.0;17.0;-11.0;6.0
13429;7.18;6.0;18.0;-12.0;6.0
13439;7.223333333333334;6.0;16.0;-10.0;6.0
13449;7.01;6.0;18.0;-12.0;6.0
13459;7.256666666666667;6.0;18.0;-12.0;6.0
13469;7.073333333333333;6.0;18.0;-12.0;6.0
13479;6.836666666666667;6.0;15.0;-9.0;6.0
13489;7.343333333333334;6.0;23.0;-17.0;6.0
13499;7.23;6.0;21.0;-15.0;6.0
13509;7.246666666666667;6.0;18.0;-12.0;6.0
13519;7.09;6.0;18.0;-12.0;6.0
13529;7.07;6.0;17.0;-11.0;6.0
13539;7.166666666666667;6.0;18.0;-12.0;6.0
13549;7.283333333333333;6.0;18.0;-12.0;6.0
13559;7.3133333333333335;6.0;18.0;-12.0;6.0
13569;7.24;6.0;18.0;-12.0;6.0
13579;7.216666666666667;6.0;24.0;-18.0;6.0
13589;7.036666666666667;6.0;18.0;-12.0;6.0
13599;7.1433333333333335;6.0;18.0;-12.0;6.0
13609;7.293333333333333;6.0;15.0;-9.0;6.0
13619;6.97;6.0;15.0;-9.0;6.0
13629;7.18;6.0;18.0;-12.0;6.0
13639;7.22;6.0;18.0;-12.0;6.0
13649;6.973333333333334;6.0;17.0;-11.0;6.0
13659;6.98;6.0;17.0;-11.0;6.0
13669;7.08;6.0;18.0;-12.0;6.0
13679;7.13;6.0;18.0;-12.0;6.0
13689;7.133333333333334;6.0;21.0;-15.0;6.0
13699;6.9;6.0;18.0;-12.0;6.0
13709;7.026666666666666;6.0;18.0;-12.0;6.0
13719;7.21;6.0;17.0;-11.0;6.0
13729;6.593333333333334;6.0;14.0;-8.0;6.0
13739;7.133333333333334;6.0;18.0;-12.0;6.0
13749;6.8566666666666665;6.0;18.0;-12.0;6.0
13759;7.1066666666666665;6.0;22.0;-16.0;6.0
13769;7.256666666666667;6.0;17.0;-11.0;6.0
13779;7.223333333333334;6.0;18.0;-12.0;6.0
13789;7.1466666666666665;6.0;18.0;-12.0;6.0
13799;7.05;6.0;17.0;-11.0;6.0
13809;7.023333333333333;6.0;16.0;-10.0;6.0
13819;7.136666666666667;6.0;18.0;-12.0;6.0
13829;6.943333333333333;6.0;18.0;-12.0;6.0
13839;7.163333333333333;6.0;18.0;-12.0;6.0
13849;7.32;6.0;17.0;-11.0;6.0
13859;6.77;6.0;17.0;-11.0;6.0
13869;7.05;6.0;18.0;-12.0;6.0
13879;7.3966666666666665;6.0;18.0;-12.0;6.0
13889;6.916666666666667;6.0;12.0;-6.0;6.0
13899;7.27;6.0;16.0;-10.0;6.0
13909;6.963333333333333;6.0;17.0;-11.0;6.0
13919;7.016666666666667;6.0;22.0;-16.0;6.0
13929;7.27;6.0;18.0;-12.0;6.0
13939;7.15;6.0;18.0;-12.0;6.0
13949;7.02;6.0;16.0;-10.0;6.0
13959;6.96;6.0;18.0;-12.0;6.0
13969;6.996666666666667;6.0;17.0;-11.0;6.0
13979;7.38;6.0;22.0;-16.0;6.0
13989;7.383333333333334;6.0;17.0;-11.0;6.0
13999;7.473333333333334;6.0;18.0;-12.0;6.0
14009;6.92;6.0;18.0;-12.0;6.0
14019;7.08;6.0;17.0;-11.0;6.0
14029;6.933333333333334;6.0;18.0;-12.0;6.0
14039;7.06;6.0;18.0;-12.0;6.0
14049;7.233333333333333;6.0;21.0;-15.0;6.0
14059;7.246666666666667;6.0;18.0;-12.0;6.0
14069;6.93;6.0;18.0;-12.0;6.0
14079;7.133333333333334;6.0;15.0;-9.0;6.0
14089;6.9366666666666665;6.0;16.0;-10.0;6.0
14099;6.926666666666667;6.0;12.0;-6.0;6.0
14109;7.0;6.0;18.0;-12.0;6.0
14119;6.97;6.0;18.0;-12.0;6.0
14129;6.973333333333334;6.0;18.0;-12.0;6.0
14139;7.06;6.0;18.0;-12.0;6.0
14149;7.2;6.0;22.0;-16.0;6.0
14159;6.836666666666667;6.0;17.0;-11.0;6.0
14169;6.973333333333334;6.0;16.0;-10.0;6.0
14179;7.1;6.0;16.0;-10.0;6.0
14189;6.8966666666666665;6.0;17.0;-11.0;6.0
14199;6.953333333333333;6.0;18.0;-12.0;6.0
14209;6.886666666666667;6.0;14.0;-8.0;6.0
14219;7.196666666666666;6.0;18.0;-12.0;6.0
14229;7.076666666666667;6.0;20.0;-14.0;6.0
14239;6.933333333333334;6.0;18.0;-12.0;6.0
14249;7.11;6.0;18.0;-12.0;6.0
14259;7.07;6.0;17.0;-11.0;6.0
14269;7.043333333333333;6.0;18.0;-12.0;6.0
14279;7.246666666666667;6.0;24.0;-18.0;6.0
14289;6.946666666666666;6.0;17.0;-11.0;6.0
14299;7.066666666666666;6.0;17.0;-11.0;6.0
14309;7.006666666666667;6.0;18.0;-12.0;6.0
14319;7.216666666666667;6.0;18.0;-12.0;6.0
14329;7.223333333333334;6.0;20.0;-14.0;6.0
14339;7.133333333333334;6.0;18.0;-12.0;6.0
14349;7.04;6.0;18.0;-12.0;6.0
14359;7.1066666666666665;6.0;19.0;-13.0;6.0
14369;7.05;6.0;18.0;-12.0;6.0
14379;7.02;6.0;18.0;-12.0;6.0
14389;7.05;6.0;22.0;-16.0;6.0
14399;6.92;6.0;18.0;-12.0;6.0
14409;6.956666666666667;6.0;18.0;-12.0;6.0
14419;7.096666666666667;6.0;18.0;-12.0;6.0
14429;6.876666666666667;6.0;17.0;-11.0;6.0
14439;6.943333333333333;6.0;16.0;-10.0;6.0
14449;6.923333333333333;6.0;16.0;-10.0;6.0
14459;7.176666666666667;6.0;18.0;-12.0;6.0
14469;7.1066666666666665;6.0;18.0;-12.0;6.0
14479;6.9;6.0;12.0;-6.0;6.0
14489;7.423333333333333;6.0;17.0;-11.0;6.0
14499;7.04;6.0;18.0;-12.0;6.0
14509;7.086666666666667;6.0;18.0;-12.0;6.0
14519;6.99;6.0;17.0;-11.0;6.0
14529;6.99;6.0;18.0;-12.0;6.0
14539;7.16;6.0;18.0;-12.0;6.0
14549;7.043333333333333;6.0;17.0;-11.0;6.0
14559;7.1466666666666665;6.0;18.0;-12.0;6.0
14569;7.066666666666666;6.0;18.0;-12.0;6.0
14579;7.0633333333333335;6.0;15.0;-9.0;6.0
14589;7.233333333333333;6.0;18.0;-12.0;6.0
14599;7.163333333333333;6.0;18.0;-12.0;6.0
14609;7.263333333333334;6.0;16.0;-10.0;6.0
14619;7.306666666666667;6.0;18.0;-12.0;6.0
14629;7.123333333333333;6.0;19.0;-13.0;6.0
14639;7.1466666666666665;6.0;18.0;-12.0;6.0
14649;7.28;6.0;20.0;-14.0;6.0
14659;7.193333333333333;6.0;22.0;-16.0;6.0
14669;7.133333333333334;6.0;16.0;-10.0;6.0
14679;7.15;6.0;17.0;-11.0;6.0
14689;7.243333333333333;6.0;18.0;-12.0;6.0
14699;6.903333333333333;6.0;17.0;-11.0;6.0
14709;7.203333333333333;6.0;18.0;-12.0;6.0
14719;7.08;6.0;18.0;-12.0;6.0
14729;7.003333333333333;6.0;18.0;-12.0;6.0
14739;7.076666666666667;6.0;18.0;-12.0;6.0
14749;7.113333333333333;6.0;18.0;-12.0;6.0
14759;7.06;6.0;16.0;-10.0;6.0
14769;7.22;6.0;18.0;-12.0;6.0
14779;7.19;6.0;18.0;-12.0;6.0
14789;7.1033333333333335;6.0;23.0;-17.0;6.0
14799;7.0;6.0;17.0;-11.0;6.0
14809;7.13;6.0;23.0;-17.0;6.0
14819;7.333333333333333;6.0;18.0;-12.0;6.0
14829;7.236666666666666;6.0;18.0;-12.0;6.0
14839;7.223333333333334;6.0;16.0;-10.0;6.0
14849;6.966666666666667;6.0;16.0;-10.0;6.0
14859;7.056666666666667;6.0;18.0;-12.0;6.0
14869;6.956666666666667;6.0;18.0;-12.0;6.0
14879;7.153333333333333;6.0;18.0;-12.0;6.0
14889;7.076666666666667;6.0;15.0;-9.0;6.0
14899;7.0633333333333335;6.0;18.0;-12.0;6.0
14909;7.046666666666667;6.0;17.0;-11.0;6.0
14919;7.243333333333333;6.0;18.0;-12.0;6.0
14929;7.04;6.0;18.0;-12.0;6.0
14939;7.046666666666667;6.0;18.0;-12.0;6.0
14949;7.28;6.0;17.0;-11.0;6.0
14959;7.18;6.0;18.0;-12.0;6.0
14969;6.99;6.0;18.0;-12.0;6.0
14979;6.913333333333333;6.0;18.0;-12.0;6.0
14989;6.873333333333333;6.0;12.0;-6.0;6.0
14999;7.33;6.0;18.0;-12.0;6.0
