geracao;media da geracao;fitness do melhor da geracao;fitness do pior da geracao;relacao entre melhor e pior;fitness do melhor da run
Probabilidade Recombinação: 0.7
Probabilidade Mutação: 0.049999999999999996
Tipo de Selecção: Torneio
Tipo de Mutação: Simples
Tamanho População: 300
Máximo de Gerações: 15000
0;84.60333333333334;69.0;101.0;-32.0;69.0
0;76.46;65.0;91.0;-26.0;65.0
9;51.06333333333333;42.0;65.0;-23.0;42.0
19;44.2;36.0;57.0;-21.0;36.0
29;39.526666666666664;31.0;53.0;-22.0;30.0
39;35.723333333333336;26.0;52.0;-26.0;26.0
49;34.56666666666667;24.0;49.0;-25.0;24.0
59;32.31666666666667;22.0;47.0;-25.0;22.0
69;29.746666666666666;19.0;46.0;-27.0;19.0
79;30.246666666666666;19.0;44.0;-25.0;19.0
89;29.71;20.0;43.0;-23.0;19.0
99;30.066666666666666;20.0;43.0;-23.0;19.0
109;29.19333333333333;19.0;40.0;-21.0;18.0
119;28.656666666666666;17.0;42.0;-25.0;17.0
129;27.993333333333332;17.0;41.0;-24.0;16.0
139;29.066666666666666;20.0;43.0;-23.0;16.0
149;29.233333333333334;20.0;49.0;-29.0;16.0
159;29.05;18.0;43.0;-25.0;16.0
169;29.94;20.0;46.0;-26.0;16.0
179;29.816666666666666;20.0;42.0;-22.0;16.0
189;29.076666666666668;20.0;47.0;-27.0;16.0
199;29.583333333333332;20.0;45.0;-25.0;16.0
209;30.126666666666665;22.0;47.0;-25.0;16.0
219;30.863333333333333;20.0;45.0;-25.0;16.0
229;30.38;20.0;44.0;-24.0;16.0
239;30.043333333333333;18.0;45.0;-27.0;16.0
249;28.386666666666667;19.0;42.0;-23.0;16.0
259;28.5;18.0;42.0;-24.0;16.0
269;28.876666666666665;19.0;42.0;-23.0;16.0
279;28.003333333333334;18.0;42.0;-24.0;16.0
289;27.073333333333334;15.0;44.0;-29.0;15.0
299;24.59;13.0;38.0;-25.0;13.0
309;25.283333333333335;14.0;40.0;-26.0;13.0
319;24.94;12.0;40.0;-28.0;12.0
329;25.31;13.0;38.0;-25.0;12.0
339;24.72;14.0;42.0;-28.0;12.0
349;27.01;16.0;47.0;-31.0;12.0
359;27.473333333333333;17.0;42.0;-25.0;12.0
369;27.99;17.0;45.0;-28.0;12.0
379;27.546666666666667;14.0;45.0;-31.0;12.0
389;26.64666666666667;16.0;42.0;-26.0;12.0
399;26.816666666666666;15.0;42.0;-27.0;12.0
409;26.523333333333333;15.0;42.0;-27.0;12.0
419;26.816666666666666;14.0;45.0;-31.0;12.0
429;26.92;17.0;41.0;-24.0;12.0
439;26.983333333333334;15.0;47.0;-32.0;12.0
449;26.573333333333334;15.0;43.0;-28.0;12.0
459;28.23;17.0;41.0;-24.0;12.0
469;26.533333333333335;16.0;43.0;-27.0;12.0
479;25.816666666666666;12.0;40.0;-28.0;12.0
489;23.68;9.0;40.0;-31.0;9.0
499;22.293333333333333;10.0;41.0;-31.0;9.0
509;23.296666666666667;13.0;42.0;-29.0;9.0
519;25.84;13.0;45.0;-32.0;9.0
529;24.546666666666667;15.0;45.0;-30.0;9.0
539;26.346666666666668;15.0;41.0;-26.0;9.0
549;25.94333333333333;16.0;40.0;-24.0;9.0
559;23.29;12.0;42.0;-30.0;9.0
569;23.953333333333333;11.0;39.0;-28.0;9.0
579;21.64666666666667;11.0;46.0;-35.0;8.0
589;22.066666666666666;10.0;37.0;-27.0;8.0
599;23.436666666666667;12.0;37.0;-25.0;8.0
609;24.87;15.0;37.0;-22.0;8.0
619;22.923333333333332;12.0;37.0;-25.0;8.0
629;24.023333333333333;12.0;40.0;-28.0;8.0
639;24.636666666666667;14.0;41.0;-27.0;8.0
649;26.596666666666668;15.0;47.0;-32.0;8.0
659;24.83;15.0;37.0;-22.0;8.0
669;26.01;16.0;41.0;-25.0;8.0
679;24.81;14.0;40.0;-26.0;8.0
689;24.516666666666666;15.0;43.0;-28.0;8.0
699;26.49;15.0;41.0;-26.0;8.0
709;25.523333333333333;14.0;39.0;-25.0;8.0
719;23.69333333333333;11.0;38.0;-27.0;8.0
729;25.276666666666667;14.0;41.0;-27.0;8.0
739;25.126666666666665;14.0;41.0;-27.0;8.0
749;25.406666666666666;15.0;41.0;-26.0;8.0
759;24.966666666666665;13.0;41.0;-28.0;8.0
769;25.613333333333333;11.0;41.0;-30.0;8.0
779;24.446666666666665;14.0;44.0;-30.0;8.0
789;24.186666666666667;12.0;42.0;-30.0;8.0
799;24.276666666666667;12.0;39.0;-27.0;8.0
809;22.636666666666667;11.0;43.0;-32.0;8.0
819;24.276666666666667;14.0;40.0;-26.0;8.0
829;24.026666666666667;12.0;36.0;-24.0;8.0
839;23.916666666666668;14.0;37.0;-23.0;8.0
849;24.526666666666667;15.0;37.0;-22.0;8.0
859;24.013333333333332;14.0;42.0;-28.0;8.0
869;24.58;15.0;41.0;-26.0;8.0
879;26.246666666666666;16.0;40.0;-24.0;8.0
889;25.19333333333333;14.0;39.0;-25.0;8.0
899;23.37;8.0;37.0;-29.0;8.0
909;23.64666666666667;12.0;34.0;-22.0;8.0
919;21.536666666666665;10.0;35.0;-25.0;8.0
929;23.316666666666666;12.0;39.0;-27.0;8.0
939;22.936666666666667;11.0;37.0;-26.0;8.0
949;23.633333333333333;11.0;37.0;-26.0;8.0
959;24.223333333333333;13.0;40.0;-27.0;8.0
969;25.53;15.0;43.0;-28.0;8.0
979;27.14666666666667;16.0;41.0;-25.0;8.0
989;29.066666666666666;18.0;43.0;-25.0;8.0
999;25.386666666666667;12.0;46.0;-34.0;8.0
1009;25.116666666666667;14.0;43.0;-29.0;8.0
1019;23.1;11.0;43.0;-32.0;8.0
1029;23.38;12.0;39.0;-27.0;8.0
1039;25.43;12.0;47.0;-35.0;8.0
1049;25.436666666666667;14.0;43.0;-29.0;8.0
1059;27.743333333333332;15.0;45.0;-30.0;8.0
1069;27.3;18.0;42.0;-24.0;8.0
1079;26.26;16.0;43.0;-27.0;8.0
1089;25.666666666666668;16.0;45.0;-29.0;8.0
1099;25.593333333333334;15.0;43.0;-28.0;8.0
1109;25.10333333333333;13.0;38.0;-25.0;8.0
1119;23.82;13.0;37.0;-24.0;8.0
1129;24.106666666666666;13.0;36.0;-23.0;8.0
1139;25.35333333333333;13.0;39.0;-26.0;8.0
1149;24.77;15.0;38.0;-23.0;8.0
1159;25.11;13.0;44.0;-31.0;8.0
1169;25.013333333333332;15.0;44.0;-29.0;8.0
1179;22.1;10.0;36.0;-26.0;8.0
1189;23.083333333333332;12.0;43.0;-31.0;8.0
1199;22.553333333333335;11.0;36.0;-25.0;8.0
1209;20.546666666666667;12.0;33.0;-21.0;8.0
1219;20.233333333333334;9.0;38.0;-29.0;8.0
1229;21.18;10.0;36.0;-26.0;8.0
1239;23.37;11.0;39.0;-28.0;8.0
1249;19.993333333333332;8.0;34.0;-26.0;7.0
1259;21.596666666666668;8.0;39.0;-31.0;7.0
1269;22.28;14.0;38.0;-24.0;7.0
1279;20.503333333333334;9.0;38.0;-29.0;7.0
1289;21.176666666666666;10.0;39.0;-29.0;7.0
1299;23.04;9.0;39.0;-30.0;7.0
1309;22.703333333333333;12.0;40.0;-28.0;7.0
1319;22.30666666666667;9.0;39.0;-30.0;7.0
1329;19.313333333333333;6.0;38.0;-32.0;6.0
1339;20.873333333333335;10.0;36.0;-26.0;6.0
1349;21.743333333333332;10.0;36.0;-26.0;6.0
1359;21.363333333333333;9.0;34.0;-25.0;6.0
1369;23.26;11.0;39.0;-28.0;6.0
1379;23.35333333333333;12.0;40.0;-28.0;6.0
1389;23.78;10.0;39.0;-29.0;6.0
1399;21.383333333333333;11.0;36.0;-25.0;6.0
1409;22.63;11.0;40.0;-29.0;6.0
1419;22.083333333333332;11.0;42.0;-31.0;6.0
1429;24.44333333333333;12.0;40.0;-28.0;6.0
1439;26.613333333333333;15.0;39.0;-24.0;6.0
1449;23.633333333333333;11.0;36.0;-25.0;6.0
1459;23.34;10.0;40.0;-30.0;6.0
1469;23.1;10.0;40.0;-30.0;6.0
1479;22.67;12.0;38.0;-26.0;6.0
1489;23.633333333333333;10.0;38.0;-28.0;6.0
1499;23.29;12.0;38.0;-26.0;6.0
1509;23.043333333333333;10.0;36.0;-26.0;6.0
1519;23.076666666666668;12.0;44.0;-32.0;6.0
1529;24.683333333333334;13.0;42.0;-29.0;6.0
1539;24.316666666666666;12.0;40.0;-28.0;6.0
1549;25.226666666666667;12.0;38.0;-26.0;6.0
1559;22.44;9.0;38.0;-29.0;6.0
1569;24.413333333333334;14.0;42.0;-28.0;6.0
1579;23.893333333333334;12.0;40.0;-28.0;6.0
1589;24.383333333333333;14.0;40.0;-26.0;6.0
1599;23.1;11.0;36.0;-25.0;6.0
1609;23.173333333333332;11.0;37.0;-26.0;6.0
1619;19.71;7.0;38.0;-31.0;6.0
1629;23.176666666666666;8.0;36.0;-28.0;6.0
1639;22.033333333333335;12.0;37.0;-25.0;6.0
1649;21.63;11.0;38.0;-27.0;6.0
1659;24.39;11.0;39.0;-28.0;6.0
1669;22.883333333333333;11.0;38.0;-27.0;6.0
1679;23.216666666666665;11.0;43.0;-32.0;6.0
1689;21.58;8.0;43.0;-35.0;6.0
1699;22.14666666666667;11.0;40.0;-29.0;6.0
1709;23.166666666666668;11.0;40.0;-29.0;6.0
1719;24.18;14.0;39.0;-25.0;6.0
1729;24.683333333333334;13.0;39.0;-26.0;6.0
1739;25.75;16.0;46.0;-30.0;6.0
1749;24.613333333333333;15.0;39.0;-24.0;6.0
1759;25.746666666666666;14.0;44.0;-30.0;6.0
1769;24.74;13.0;39.0;-26.0;6.0
1779;22.67;12.0;37.0;-25.0;6.0
1789;20.98;9.0;37.0;-28.0;6.0
1799;23.65;10.0;43.0;-33.0;6.0
1809;22.64666666666667;9.0;36.0;-27.0;6.0
1819;21.84;8.0;39.0;-31.0;6.0
1829;21.583333333333332;11.0;38.0;-27.0;6.0
1839;21.746666666666666;8.0;39.0;-31.0;6.0
1849;22.32;12.0;38.0;-26.0;6.0
1859;21.91;9.0;40.0;-31.0;6.0
1869;21.72;9.0;37.0;-28.0;6.0
1879;20.95;8.0;42.0;-34.0;6.0
1889;21.046666666666667;8.0;37.0;-29.0;6.0
1899;21.966666666666665;8.0;39.0;-31.0;6.0
1909;22.26;11.0;37.0;-26.0;6.0
1919;23.133333333333333;11.0;40.0;-29.0;6.0
1929;23.663333333333334;13.0;43.0;-30.0;6.0
1939;24.03;12.0;38.0;-26.0;6.0
1949;23.383333333333333;13.0;39.0;-26.0;6.0
1959;24.273333333333333;12.0;37.0;-25.0;6.0
1969;24.976666666666667;11.0;37.0;-26.0;6.0
1979;23.513333333333332;12.0;37.0;-25.0;6.0
1989;21.826666666666668;11.0;36.0;-25.0;6.0
1999;23.713333333333335;12.0;42.0;-30.0;6.0
2009;24.196666666666665;12.0;37.0;-25.0;6.0
2019;25.67;15.0;42.0;-27.0;6.0
2029;26.84;15.0;44.0;-29.0;6.0
2039;29.046666666666667;18.0;43.0;-25.0;6.0
2049;27.766666666666666;18.0;42.0;-24.0;6.0
2059;27.503333333333334;17.0;42.0;-25.0;6.0
2069;25.713333333333335;15.0;41.0;-26.0;6.0
2079;25.65;15.0;40.0;-25.0;6.0
2089;26.79;17.0;43.0;-26.0;6.0
2099;26.196666666666665;16.0;41.0;-25.0;6.0
2109;26.893333333333334;16.0;39.0;-23.0;6.0
2119;28.61;18.0;44.0;-26.0;6.0
2129;28.343333333333334;18.0;42.0;-24.0;6.0
2139;29.55;19.0;44.0;-25.0;6.0
2149;28.6;18.0;43.0;-25.0;6.0
2159;27.173333333333332;16.0;45.0;-29.0;6.0
2169;27.566666666666666;17.0;42.0;-25.0;6.0
2179;29.563333333333333;17.0;43.0;-26.0;6.0
2189;28.95;18.0;47.0;-29.0;6.0
2199;27.27;17.0;42.0;-25.0;6.0
2209;27.92;16.0;40.0;-24.0;6.0
2219;27.096666666666668;17.0;39.0;-22.0;6.0
2229;27.003333333333334;17.0;40.0;-23.0;6.0
2239;27.606666666666666;18.0;42.0;-24.0;6.0
2249;27.233333333333334;16.0;43.0;-27.0;6.0
2259;25.813333333333333;17.0;43.0;-26.0;6.0
2269;25.876666666666665;15.0;43.0;-28.0;6.0
2279;27.8;16.0;41.0;-25.0;6.0
2289;26.416666666666668;14.0;43.0;-29.0;6.0
2299;26.026666666666667;13.0;42.0;-29.0;6.0
2309;25.356666666666666;16.0;43.0;-27.0;6.0
2319;27.426666666666666;17.0;40.0;-23.0;6.0
2329;25.80666666666667;14.0;40.0;-26.0;6.0
2339;27.713333333333335;13.0;44.0;-31.0;6.0
2349;26.616666666666667;17.0;39.0;-22.0;6.0
2359;26.05;15.0;46.0;-31.0;6.0
2369;27.34;18.0;43.0;-25.0;6.0
2379;26.366666666666667;15.0;42.0;-27.0;6.0
2389;26.30666666666667;17.0;42.0;-25.0;6.0
2399;28.236666666666668;19.0;42.0;-23.0;6.0
2409;29.29;17.0;44.0;-27.0;6.0
2419;28.296666666666667;19.0;45.0;-26.0;6.0
2429;27.44;17.0;39.0;-22.0;6.0
2439;24.596666666666668;13.0;43.0;-30.0;6.0
2449;24.89666666666667;11.0;45.0;-34.0;6.0
2459;25.216666666666665;15.0;40.0;-25.0;6.0
2469;27.11;15.0;40.0;-25.0;6.0
2479;27.203333333333333;17.0;43.0;-26.0;6.0
2489;28.033333333333335;17.0;42.0;-25.0;6.0
2499;27.416666666666668;17.0;41.0;-24.0;6.0
2509;26.593333333333334;15.0;42.0;-27.0;6.0
2519;24.216666666666665;14.0;45.0;-31.0;6.0
2529;25.026666666666667;14.0;41.0;-27.0;6.0
2539;27.19333333333333;15.0;44.0;-29.0;6.0
2549;27.473333333333333;15.0;43.0;-28.0;6.0
2559;26.17;17.0;41.0;-24.0;6.0
2569;28.186666666666667;17.0;41.0;-24.0;6.0
2579;28.586666666666666;18.0;43.0;-25.0;6.0
2589;27.573333333333334;16.0;45.0;-29.0;6.0
2599;26.28;16.0;40.0;-24.0;6.0
2609;27.216666666666665;18.0;40.0;-22.0;6.0
2619;27.94333333333333;16.0;50.0;-34.0;6.0
2629;25.25;13.0;40.0;-27.0;6.0
2639;26.283333333333335;15.0;39.0;-24.0;6.0
2649;26.36;15.0;39.0;-24.0;6.0
2659;25.973333333333333;15.0;39.0;-24.0;6.0
2669;26.383333333333333;13.0;42.0;-29.0;6.0
2679;25.19333333333333;13.0;41.0;-28.0;6.0
2689;21.723333333333333;10.0;34.0;-24.0;6.0
2699;22.493333333333332;10.0;40.0;-30.0;6.0
2709;23.13;9.0;41.0;-32.0;6.0
2719;22.69;13.0;36.0;-23.0;6.0
2729;21.803333333333335;10.0;36.0;-26.0;6.0
2739;23.676666666666666;13.0;37.0;-24.0;6.0
2749;21.796666666666667;12.0;37.0;-25.0;6.0
2759;22.033333333333335;9.0;38.0;-29.0;6.0
2769;21.846666666666668;10.0;39.0;-29.0;6.0
2779;22.573333333333334;10.0;38.0;-28.0;6.0
2789;21.973333333333333;9.0;42.0;-33.0;6.0
2799;21.856666666666666;11.0;40.0;-29.0;6.0
2809;24.643333333333334;13.0;41.0;-28.0;6.0
2819;26.46;14.0;43.0;-29.0;6.0
2829;24.833333333333332;14.0;41.0;-27.0;6.0
2839;24.866666666666667;15.0;44.0;-29.0;6.0
2849;25.69333333333333;15.0;43.0;-28.0;6.0
2859;26.636666666666667;15.0;41.0;-26.0;6.0
2869;23.11;13.0;38.0;-25.0;6.0
2879;24.62;12.0;39.0;-27.0;6.0
2889;23.316666666666666;13.0;37.0;-24.0;6.0
2899;25.073333333333334;15.0;38.0;-23.0;6.0
2909;26.926666666666666;17.0;42.0;-25.0;6.0
2919;26.326666666666668;16.0;40.0;-24.0;6.0
2929;27.783333333333335;18.0;47.0;-29.0;6.0
2939;27.38;16.0;42.0;-26.0;6.0
2949;29.026666666666667;17.0;44.0;-27.0;6.0
2959;27.133333333333333;16.0;43.0;-27.0;6.0
2969;26.32;14.0;42.0;-28.0;6.0
2979;26.346666666666668;16.0;41.0;-25.0;6.0
2989;25.39;14.0;41.0;-27.0;6.0
2999;24.816666666666666;13.0;39.0;-26.0;6.0
3009;26.066666666666666;16.0;41.0;-25.0;6.0
3019;26.463333333333335;13.0;43.0;-30.0;6.0
3029;26.63;14.0;44.0;-30.0;6.0
3039;23.8;12.0;39.0;-27.0;6.0
3049;22.14666666666667;11.0;38.0;-27.0;6.0
3059;22.92;10.0;37.0;-27.0;6.0
3069;22.726666666666667;11.0;38.0;-27.0;6.0
3079;23.223333333333333;9.0;39.0;-30.0;6.0
3089;22.793333333333333;12.0;43.0;-31.0;6.0
3099;23.153333333333332;10.0;39.0;-29.0;6.0
3109;22.636666666666667;10.0;39.0;-29.0;6.0
3119;25.173333333333332;14.0;42.0;-28.0;6.0
3129;23.25;12.0;39.0;-27.0;6.0
3139;25.206666666666667;14.0;40.0;-26.0;6.0
3149;24.006666666666668;13.0;39.0;-26.0;6.0
3159;23.94333333333333;12.0;39.0;-27.0;6.0
3169;21.97;10.0;38.0;-28.0;6.0
3179;22.333333333333332;10.0;40.0;-30.0;6.0
3189;23.136666666666667;12.0;42.0;-30.0;6.0
3199;25.42;15.0;40.0;-25.0;6.0
3209;23.6;14.0;36.0;-22.0;6.0
3219;25.10333333333333;13.0;39.0;-26.0;6.0
3229;25.24;13.0;43.0;-30.0;6.0
3239;25.04;14.0;39.0;-25.0;6.0
3249;26.09;15.0;43.0;-28.0;6.0
3259;26.24;15.0;40.0;-25.0;6.0
3269;24.886666666666667;14.0;39.0;-25.0;6.0
3279;26.87;15.0;43.0;-28.0;6.0
3289;25.12;14.0;38.0;-24.0;6.0
3299;23.786666666666665;13.0;41.0;-28.0;6.0
3309;24.776666666666667;13.0;41.0;-28.0;6.0
3319;23.326666666666668;14.0;35.0;-21.0;6.0
3329;24.16;14.0;42.0;-28.0;6.0
3339;25.52;15.0;40.0;-25.0;6.0
3349;25.636666666666667;16.0;41.0;-25.0;6.0
3359;27.39;14.0;42.0;-28.0;6.0
3369;24.743333333333332;13.0;40.0;-27.0;6.0
3379;24.87;13.0;39.0;-26.0;6.0
3389;24.17;12.0;44.0;-32.0;6.0
3399;21.88;12.0;36.0;-24.0;6.0
3409;22.483333333333334;10.0;36.0;-26.0;6.0
3419;25.006666666666668;12.0;41.0;-29.0;6.0
3429;24.163333333333334;12.0;39.0;-27.0;6.0
3439;24.846666666666668;14.0;41.0;-27.0;6.0
3449;23.516666666666666;12.0;39.0;-27.0;6.0
3459;22.243333333333332;11.0;38.0;-27.0;6.0
3469;24.406666666666666;12.0;41.0;-29.0;6.0
3479;21.866666666666667;10.0;38.0;-28.0;6.0
3489;21.856666666666666;10.0;35.0;-25.0;6.0
3499;25.67;13.0;42.0;-29.0;6.0
3509;25.923333333333332;14.0;45.0;-31.0;6.0
3519;28.17;16.0;43.0;-27.0;6.0
3529;25.37;13.0;39.0;-26.0;6.0
3539;24.666666666666668;10.0;42.0;-32.0;6.0
3549;20.893333333333334;10.0;34.0;-24.0;6.0
3559;22.686666666666667;10.0;40.0;-30.0;6.0
3569;22.653333333333332;11.0;38.0;-27.0;6.0
3579;22.726666666666667;9.0;41.0;-32.0;6.0
3589;22.213333333333335;10.0;38.0;-28.0;6.0
3599;23.3;11.0;38.0;-27.0;6.0
3609;25.573333333333334;14.0;40.0;-26.0;6.0
3619;26.523333333333333;14.0;41.0;-27.0;6.0
3629;24.906666666666666;13.0;40.0;-27.0;6.0
3639;24.036666666666665;11.0;44.0;-33.0;6.0
3649;25.106666666666666;14.0;46.0;-32.0;6.0
3659;25.263333333333332;13.0;43.0;-30.0;6.0
3669;24.053333333333335;9.0;39.0;-30.0;6.0
3679;22.846666666666668;12.0;37.0;-25.0;6.0
3689;21.92;10.0;38.0;-28.0;6.0
3699;22.89;12.0;41.0;-29.0;6.0
3709;22.08;8.0;43.0;-35.0;6.0
3719;22.89666666666667;9.0;39.0;-30.0;6.0
3729;21.64666666666667;10.0;38.0;-28.0;6.0
3739;24.82;14.0;42.0;-28.0;6.0
3749;25.453333333333333;11.0;41.0;-30.0;6.0
3759;20.456666666666667;10.0;42.0;-32.0;6.0
3769;21.313333333333333;7.0;40.0;-33.0;6.0
3779;22.476666666666667;9.0;36.0;-27.0;6.0
3789;20.923333333333332;7.0;37.0;-30.0;6.0
3799;19.533333333333335;6.0;39.0;-33.0;6.0
3809;20.76;9.0;40.0;-31.0;5.0
3819;21.113333333333333;11.0;37.0;-26.0;5.0
3829;23.21;13.0;36.0;-23.0;5.0
3839;23.596666666666668;12.0;39.0;-27.0;5.0
3849;23.343333333333334;13.0;38.0;-25.0;5.0
3859;25.45;14.0;38.0;-24.0;5.0
3869;24.60333333333333;14.0;38.0;-24.0;5.0
3879;24.653333333333332;13.0;38.0;-25.0;5.0
3889;24.453333333333333;13.0;37.0;-24.0;5.0
3899;23.07;10.0;37.0;-27.0;5.0
3909;22.016666666666666;11.0;36.0;-25.0;5.0
3919;22.533333333333335;11.0;42.0;-31.0;5.0
3929;23.463333333333335;11.0;40.0;-29.0;5.0
3939;22.95;10.0;44.0;-34.0;5.0
3949;21.153333333333332;10.0;40.0;-30.0;5.0
3959;21.3;7.0;38.0;-31.0;5.0
3969;21.156666666666666;11.0;36.0;-25.0;5.0
3979;21.41;9.0;40.0;-31.0;5.0
3989;22.023333333333333;11.0;39.0;-28.0;5.0
3999;21.18;9.0;39.0;-30.0;5.0
4009;21.883333333333333;10.0;38.0;-28.0;5.0
4019;24.166666666666668;15.0;37.0;-22.0;5.0
4029;22.903333333333332;11.0;43.0;-32.0;5.0
4039;21.666666666666668;10.0;37.0;-27.0;5.0
4049;22.313333333333333;12.0;38.0;-26.0;5.0
4059;22.96;11.0;39.0;-28.0;5.0
4069;22.686666666666667;11.0;38.0;-27.0;5.0
4079;22.7;12.0;35.0;-23.0;5.0
4089;24.243333333333332;13.0;42.0;-29.0;5.0
4099;25.62;14.0;38.0;-24.0;5.0
4109;23.246666666666666;12.0;40.0;-28.0;5.0
4119;22.706666666666667;10.0;36.0;-26.0;5.0
4129;20.076666666666668;9.0;33.0;-24.0;5.0
4139;22.23;10.0;34.0;-24.0;5.0
4149;23.32;11.0;36.0;-25.0;5.0
4159;21.3;10.0;34.0;-24.0;5.0
4169;20.503333333333334;10.0;34.0;-24.0;5.0
4179;21.01;10.0;36.0;-26.0;5.0
4189;21.793333333333333;10.0;35.0;-25.0;5.0
4199;22.196666666666665;10.0;35.0;-25.0;5.0
4209;24.046666666666667;10.0;39.0;-29.0;5.0
4219;24.046666666666667;11.0;39.0;-28.0;5.0
4229;23.623333333333335;10.0;37.0;-27.0;5.0
4239;23.196666666666665;9.0;35.0;-26.0;5.0
4249;20.433333333333334;7.0;40.0;-33.0;5.0
4259;20.38;8.0;37.0;-29.0;5.0
4269;20.96;8.0;38.0;-30.0;5.0
4279;22.663333333333334;10.0;38.0;-28.0;5.0
4289;23.263333333333332;13.0;37.0;-24.0;5.0
4299;24.563333333333333;12.0;37.0;-25.0;5.0
4309;24.25;12.0;37.0;-25.0;5.0
4319;24.72;13.0;42.0;-29.0;5.0
4329;24.216666666666665;14.0;38.0;-24.0;5.0
4339;23.653333333333332;11.0;36.0;-25.0;5.0
4349;24.286666666666665;11.0;37.0;-26.0;5.0
4359;24.73;12.0;38.0;-26.0;5.0
4369;25.326666666666668;14.0;40.0;-26.0;5.0
4379;25.71;16.0;40.0;-24.0;5.0
4389;24.683333333333334;13.0;43.0;-30.0;5.0
4399;24.346666666666668;13.0;43.0;-30.0;5.0
4409;24.0;14.0;40.0;-26.0;5.0
4419;24.65;15.0;39.0;-24.0;5.0
4429;24.56;12.0;50.0;-38.0;5.0
4439;26.346666666666668;14.0;39.0;-25.0;5.0
4449;27.086666666666666;16.0;43.0;-27.0;5.0
4459;25.276666666666667;14.0;37.0;-23.0;5.0
4469;23.143333333333334;9.0;38.0;-29.0;5.0
4479;25.733333333333334;15.0;39.0;-24.0;5.0
4489;25.913333333333334;15.0;39.0;-24.0;5.0
4499;25.68;12.0;45.0;-33.0;5.0
4509;23.803333333333335;10.0;37.0;-27.0;5.0
4519;24.19333333333333;14.0;37.0;-23.0;5.0
4529;26.05;15.0;42.0;-27.0;5.0
4539;26.24;14.0;41.0;-27.0;5.0
4549;24.58;13.0;38.0;-25.0;5.0
4559;24.506666666666668;14.0;41.0;-27.0;5.0
4569;26.07;16.0;40.0;-24.0;5.0
4579;25.036666666666665;16.0;40.0;-24.0;5.0
4589;27.856666666666666;15.0;40.0;-25.0;5.0
4599;25.04;12.0;38.0;-26.0;5.0
4609;24.163333333333334;10.0;40.0;-30.0;5.0
4619;22.616666666666667;10.0;41.0;-31.0;5.0
4629;21.30666666666667;9.0;35.0;-26.0;5.0
4639;19.713333333333335;9.0;37.0;-28.0;5.0
4649;22.286666666666665;10.0;35.0;-25.0;5.0
4659;21.623333333333335;9.0;36.0;-27.0;5.0
4669;22.32;10.0;39.0;-29.0;5.0
4679;19.99;9.0;36.0;-27.0;5.0
4689;21.213333333333335;8.0;37.0;-29.0;5.0
4699;21.543333333333333;8.0;39.0;-31.0;5.0
4709;20.933333333333334;9.0;36.0;-27.0;5.0
4719;22.793333333333333;12.0;39.0;-27.0;5.0
4729;24.573333333333334;13.0;39.0;-26.0;5.0
4739;24.583333333333332;14.0;41.0;-27.0;5.0
4749;26.74;15.0;39.0;-24.0;5.0
4759;25.656666666666666;14.0;38.0;-24.0;5.0
4769;24.253333333333334;11.0;37.0;-26.0;5.0
4779;24.283333333333335;12.0;48.0;-36.0;5.0
4789;23.123333333333335;12.0;44.0;-32.0;5.0
4799;21.416666666666668;10.0;35.0;-25.0;5.0
4809;21.883333333333333;11.0;41.0;-30.0;5.0
4819;22.553333333333335;11.0;38.0;-27.0;5.0
4829;23.85333333333333;12.0;38.0;-26.0;5.0
4839;22.31;11.0;40.0;-29.0;5.0
4849;21.336666666666666;10.0;37.0;-27.0;5.0
4859;21.47;9.0;38.0;-29.0;5.0
4869;21.893333333333334;11.0;38.0;-27.0;5.0
4879;20.343333333333334;10.0;32.0;-22.0;5.0
4889;20.69333333333333;9.0;37.0;-28.0;5.0
4899;21.956666666666667;12.0;37.0;-25.0;5.0
4909;21.033333333333335;10.0;40.0;-30.0;5.0
4919;23.39666666666667;11.0;38.0;-27.0;5.0
4929;22.2;9.0;36.0;-27.0;5.0
4939;21.86;10.0;37.0;-27.0;5.0
4949;23.773333333333333;12.0;39.0;-27.0;5.0
4959;23.0;10.0;36.0;-26.0;5.0
4969;24.283333333333335;14.0;38.0;-24.0;5.0
4979;23.856666666666666;12.0;44.0;-32.0;5.0
4989;23.96;12.0;44.0;-32.0;5.0
4999;23.39666666666667;11.0;40.0;-29.0;5.0
5009;24.166666666666668;12.0;39.0;-27.0;5.0
5019;24.17;14.0;40.0;-26.0;5.0
5029;25.126666666666665;13.0;40.0;-27.0;5.0
5039;24.196666666666665;14.0;41.0;-27.0;5.0
5049;26.376666666666665;15.0;43.0;-28.0;5.0
5059;27.446666666666665;18.0;40.0;-22.0;5.0
5069;25.753333333333334;16.0;42.0;-26.0;5.0
5079;24.583333333333332;13.0;39.0;-26.0;5.0
5089;24.776666666666667;14.0;40.0;-26.0;5.0
5099;24.733333333333334;12.0;39.0;-27.0;5.0
5109;24.283333333333335;13.0;37.0;-24.0;5.0
5119;25.83;14.0;42.0;-28.0;5.0
5129;25.116666666666667;12.0;42.0;-30.0;5.0
5139;26.096666666666668;15.0;38.0;-23.0;5.0
5149;25.223333333333333;15.0;40.0;-25.0;5.0
5159;26.08;15.0;44.0;-29.0;5.0
5169;25.39666666666667;12.0;41.0;-29.0;5.0
5179;26.066666666666666;17.0;43.0;-26.0;5.0
5189;26.153333333333332;16.0;48.0;-32.0;5.0
5199;26.47;14.0;42.0;-28.0;5.0
5209;24.223333333333333;13.0;39.0;-26.0;5.0
5219;27.313333333333333;17.0;42.0;-25.0;5.0
5229;26.62;15.0;44.0;-29.0;5.0
5239;27.09;16.0;43.0;-27.0;5.0
5249;27.53;16.0;44.0;-28.0;5.0
5259;25.323333333333334;13.0;45.0;-32.0;5.0
5269;23.833333333333332;14.0;39.0;-25.0;5.0
5279;24.513333333333332;14.0;43.0;-29.0;5.0
5289;25.52;16.0;39.0;-23.0;5.0
5299;28.563333333333333;18.0;44.0;-26.0;5.0
5309;26.966666666666665;16.0;42.0;-26.0;5.0
5319;25.86;16.0;39.0;-23.0;5.0
5329;25.96;17.0;37.0;-20.0;5.0
5339;27.11;16.0;44.0;-28.0;5.0
5349;27.533333333333335;18.0;45.0;-27.0;5.0
5359;26.756666666666668;15.0;42.0;-27.0;5.0
5369;26.316666666666666;16.0;43.0;-27.0;5.0
5379;28.223333333333333;17.0;45.0;-28.0;5.0
5389;27.02;17.0;42.0;-25.0;5.0
5399;25.296666666666667;12.0;40.0;-28.0;5.0
5409;24.65;13.0;41.0;-28.0;5.0
5419;26.216666666666665;15.0;46.0;-31.0;5.0
5429;25.713333333333335;15.0;38.0;-23.0;5.0
5439;26.453333333333333;16.0;41.0;-25.0;5.0
5449;25.903333333333332;15.0;39.0;-24.0;5.0
5459;25.973333333333333;16.0;42.0;-26.0;5.0
5469;27.406666666666666;16.0;42.0;-26.0;5.0
5479;24.643333333333334;13.0;44.0;-31.0;5.0
5489;24.586666666666666;13.0;41.0;-28.0;5.0
5499;26.263333333333332;14.0;43.0;-29.0;5.0
5509;26.753333333333334;16.0;41.0;-25.0;5.0
5519;26.5;17.0;40.0;-23.0;5.0
5529;25.9;16.0;43.0;-27.0;5.0
5539;27.223333333333333;14.0;39.0;-25.0;5.0
5549;26.52;16.0;41.0;-25.0;5.0
5559;28.18;16.0;40.0;-24.0;5.0
5569;26.45;16.0;42.0;-26.0;5.0
5579;26.963333333333335;15.0;41.0;-26.0;5.0
5589;26.633333333333333;14.0;42.0;-28.0;5.0
5599;26.606666666666666;17.0;43.0;-26.0;5.0
5609;27.813333333333333;18.0;41.0;-23.0;5.0
5619;26.94333333333333;16.0;40.0;-24.0;5.0
5629;26.203333333333333;15.0;41.0;-26.0;5.0
5639;25.91;14.0;41.0;-27.0;5.0
5649;24.946666666666665;14.0;38.0;-24.0;5.0
5659;26.0;16.0;42.0;-26.0;5.0
5669;24.286666666666665;15.0;36.0;-21.0;5.0
5679;26.333333333333332;15.0;38.0;-23.0;5.0
5689;26.133333333333333;13.0;41.0;-28.0;5.0
5699;24.153333333333332;15.0;37.0;-22.0;5.0
5709;26.03;13.0;43.0;-30.0;5.0
5719;26.7;17.0;45.0;-28.0;5.0
5729;29.39;19.0;46.0;-27.0;5.0
5739;27.933333333333334;19.0;45.0;-26.0;5.0
5749;28.133333333333333;17.0;45.0;-28.0;5.0
5759;28.606666666666666;17.0;42.0;-25.0;5.0
5769;27.42;18.0;42.0;-24.0;5.0
5779;27.513333333333332;16.0;40.0;-24.0;5.0
5789;29.39666666666667;19.0;45.0;-26.0;5.0
5799;26.96;16.0;40.0;-24.0;5.0
5809;24.94333333333333;13.0;41.0;-28.0;5.0
5819;23.04;10.0;37.0;-27.0;5.0
5829;22.483333333333334;8.0;38.0;-30.0;5.0
5839;20.796666666666667;9.0;38.0;-29.0;5.0
5849;21.866666666666667;10.0;39.0;-29.0;5.0
5859;23.85333333333333;12.0;39.0;-27.0;5.0
5869;23.803333333333335;13.0;38.0;-25.0;5.0
5879;25.66;13.0;39.0;-26.0;5.0
5889;24.8;14.0;41.0;-27.0;5.0
5899;22.866666666666667;11.0;35.0;-24.0;5.0
5909;23.016666666666666;13.0;37.0;-24.0;5.0
5919;26.113333333333333;16.0;44.0;-28.0;5.0
5929;26.386666666666667;15.0;43.0;-28.0;5.0
5939;23.706666666666667;12.0;38.0;-26.0;5.0
5949;25.55;14.0;44.0;-30.0;5.0
5959;25.05666666666667;12.0;43.0;-31.0;5.0
5969;24.363333333333333;13.0;39.0;-26.0;5.0
5979;26.256666666666668;16.0;40.0;-24.0;5.0
5989;25.123333333333335;15.0;41.0;-26.0;5.0
5999;23.133333333333333;11.0;37.0;-26.0;5.0
6009;22.39;10.0;36.0;-26.0;5.0
6019;22.68;11.0;44.0;-33.0;5.0
6029;22.083333333333332;11.0;35.0;-24.0;5.0
6039;23.55;12.0;44.0;-32.0;5.0
6049;26.383333333333333;15.0;41.0;-26.0;5.0
6059;26.906666666666666;17.0;45.0;-28.0;5.0
6069;25.813333333333333;15.0;41.0;-26.0;5.0
6079;25.82;15.0;42.0;-27.0;5.0
6089;26.58;13.0;41.0;-28.0;5.0
6099;26.13;15.0;40.0;-25.0;5.0
6109;24.34;10.0;44.0;-34.0;5.0
6119;23.05;12.0;39.0;-27.0;5.0
6129;23.98;13.0;40.0;-27.0;5.0
6139;22.83;13.0;39.0;-26.0;5.0
6149;25.1;15.0;37.0;-22.0;5.0
6159;26.476666666666667;16.0;40.0;-24.0;5.0
6169;26.486666666666668;14.0;49.0;-35.0;5.0
6179;26.453333333333333;15.0;43.0;-28.0;5.0
6189;25.386666666666667;14.0;42.0;-28.0;5.0
6199;25.756666666666668;15.0;43.0;-28.0;5.0
6209;26.5;15.0;40.0;-25.0;5.0
6219;28.83;17.0;48.0;-31.0;5.0
6229;27.18;17.0;42.0;-25.0;5.0
6239;27.023333333333333;16.0;44.0;-28.0;5.0
6249;28.906666666666666;18.0;42.0;-24.0;5.0
6259;29.19;19.0;43.0;-24.0;5.0
6269;29.56;19.0;44.0;-25.0;5.0
6279;30.283333333333335;20.0;48.0;-28.0;5.0
6289;29.39666666666667;19.0;42.0;-23.0;5.0
6299;29.543333333333333;16.0;43.0;-27.0;5.0
6309;28.13;19.0;45.0;-26.0;5.0
6319;27.9;17.0;41.0;-24.0;5.0
6329;28.163333333333334;18.0;40.0;-22.0;5.0
6339;28.976666666666667;18.0;43.0;-25.0;5.0
6349;26.67;15.0;43.0;-28.0;5.0
6359;24.716666666666665;14.0;43.0;-29.0;5.0
6369;25.063333333333333;13.0;37.0;-24.0;5.0
6379;25.656666666666666;12.0;40.0;-28.0;5.0
6389;23.546666666666667;11.0;41.0;-30.0;5.0
6399;25.106666666666666;14.0;44.0;-30.0;5.0
6409;24.263333333333332;12.0;41.0;-29.0;5.0
6419;25.836666666666666;16.0;39.0;-23.0;5.0
6429;27.163333333333334;15.0;44.0;-29.0;5.0
6439;28.04;18.0;46.0;-28.0;5.0
6449;29.363333333333333;18.0;43.0;-25.0;5.0
6459;27.433333333333334;18.0;46.0;-28.0;5.0
6469;27.826666666666668;17.0;42.0;-25.0;5.0
6479;28.38;17.0;40.0;-23.0;5.0
6489;28.236666666666668;17.0;44.0;-27.0;5.0
6499;27.85;18.0;40.0;-22.0;5.0
6509;27.963333333333335;18.0;42.0;-24.0;5.0
6519;27.6;14.0;48.0;-34.0;5.0
6529;24.66;13.0;41.0;-28.0;5.0
6539;25.246666666666666;15.0;38.0;-23.0;5.0
6549;26.99;14.0;41.0;-27.0;5.0
6559;25.26;13.0;39.0;-26.0;5.0
6569;26.466666666666665;17.0;39.0;-22.0;5.0
6579;27.263333333333332;16.0;41.0;-25.0;5.0
6589;26.26;16.0;43.0;-27.0;5.0
6599;23.986666666666668;10.0;40.0;-30.0;5.0
6609;22.916666666666668;11.0;43.0;-32.0;5.0
6619;22.69333333333333;11.0;37.0;-26.0;5.0
6629;24.523333333333333;12.0;37.0;-25.0;5.0
6639;24.653333333333332;13.0;41.0;-28.0;5.0
6649;25.766666666666666;16.0;40.0;-24.0;5.0
6659;26.206666666666667;16.0;39.0;-23.0;5.0
6669;26.843333333333334;17.0;38.0;-21.0;5.0
6679;27.626666666666665;17.0;42.0;-25.0;5.0
6689;27.403333333333332;17.0;42.0;-25.0;5.0
6699;28.206666666666667;18.0;44.0;-26.0;5.0
6709;29.136666666666667;17.0;42.0;-25.0;5.0
6719;27.366666666666667;16.0;41.0;-25.0;5.0
6729;27.4;17.0;45.0;-28.0;5.0
6739;26.963333333333335;16.0;45.0;-29.0;5.0
6749;26.74;15.0;44.0;-29.0;5.0
6759;28.10333333333333;17.0;44.0;-27.0;5.0
6769;26.063333333333333;15.0;40.0;-25.0;5.0
6779;27.49;18.0;42.0;-24.0;5.0
6789;27.60333333333333;16.0;48.0;-32.0;5.0
6799;27.19333333333333;16.0;39.0;-23.0;5.0
6809;27.3;17.0;41.0;-24.0;5.0
6819;26.263333333333332;15.0;39.0;-24.0;5.0
6829;27.186666666666667;16.0;44.0;-28.0;5.0
6839;27.18;17.0;41.0;-24.0;5.0
6849;26.8;17.0;42.0;-25.0;5.0
6859;26.863333333333333;16.0;41.0;-25.0;5.0
6869;27.593333333333334;16.0;44.0;-28.0;5.0
6879;27.536666666666665;17.0;45.0;-28.0;5.0
6889;26.933333333333334;16.0;40.0;-24.0;5.0
6899;27.62;17.0;44.0;-27.0;5.0
6909;26.933333333333334;15.0;48.0;-33.0;5.0
6919;25.543333333333333;13.0;39.0;-26.0;5.0
6929;26.256666666666668;15.0;41.0;-26.0;5.0
6939;24.45;13.0;37.0;-24.0;5.0
6949;25.01;15.0;38.0;-23.0;5.0
6959;23.293333333333333;12.0;35.0;-23.0;5.0
6969;25.93;14.0;39.0;-25.0;5.0
6979;26.723333333333333;16.0;40.0;-24.0;5.0
6989;25.063333333333333;14.0;38.0;-24.0;5.0
6999;25.506666666666668;14.0;42.0;-28.0;5.0
7009;23.386666666666667;14.0;38.0;-24.0;5.0
7019;25.05;14.0;39.0;-25.0;5.0
7029;25.493333333333332;14.0;38.0;-24.0;5.0
7039;24.81;14.0;39.0;-25.0;5.0
7049;27.57;16.0;46.0;-30.0;5.0
7059;26.063333333333333;15.0;40.0;-25.0;5.0
7069;26.173333333333332;16.0;44.0;-28.0;5.0
7079;25.373333333333335;15.0;44.0;-29.0;5.0
7089;26.276666666666667;15.0;42.0;-27.0;5.0
7099;25.15;13.0;40.0;-27.0;5.0
7109;24.72;14.0;39.0;-25.0;5.0
7119;22.39;13.0;39.0;-26.0;5.0
7129;22.87;12.0;36.0;-24.0;5.0
7139;23.203333333333333;12.0;37.0;-25.0;5.0
7149;24.12;12.0;40.0;-28.0;5.0
7159;24.53;13.0;41.0;-28.0;5.0
7169;25.16;15.0;48.0;-33.0;5.0
7179;25.386666666666667;14.0;37.0;-23.0;5.0
7189;27.466666666666665;15.0;41.0;-26.0;5.0
7199;24.7;15.0;38.0;-23.0;5.0
7209;24.94;14.0;37.0;-23.0;5.0
7219;26.65;15.0;41.0;-26.0;5.0
7229;25.82;16.0;42.0;-26.0;5.0
7239;27.156666666666666;15.0;46.0;-31.0;5.0
7249;26.996666666666666;16.0;41.0;-25.0;5.0
7259;27.043333333333333;17.0;44.0;-27.0;5.0
7269;27.86;17.0;48.0;-31.0;5.0
7279;27.76;18.0;39.0;-21.0;5.0
7289;26.633333333333333;14.0;50.0;-36.0;5.0
7299;24.49;14.0;44.0;-30.0;5.0
7309;24.133333333333333;13.0;38.0;-25.0;5.0
7319;23.033333333333335;12.0;41.0;-29.0;5.0
7329;22.29;11.0;41.0;-30.0;5.0
7339;22.956666666666667;12.0;38.0;-26.0;5.0
7349;23.05;11.0;37.0;-26.0;5.0
7359;24.94;13.0;41.0;-28.0;5.0
7369;26.42;12.0;41.0;-29.0;5.0
7379;23.553333333333335;13.0;42.0;-29.0;5.0
7389;24.08;12.0;46.0;-34.0;5.0
7399;23.963333333333335;13.0;39.0;-26.0;5.0
7409;25.18;12.0;41.0;-29.0;5.0
7419;23.133333333333333;13.0;39.0;-26.0;5.0
7429;25.16;13.0;48.0;-35.0;5.0
7439;24.91;15.0;38.0;-23.0;5.0
7449;22.69;10.0;41.0;-31.0;5.0
7459;22.1;10.0;37.0;-27.0;5.0
7469;22.22;10.0;36.0;-26.0;5.0
7479;22.613333333333333;11.0;43.0;-32.0;5.0
7489;23.886666666666667;12.0;42.0;-30.0;5.0
7499;23.793333333333333;14.0;41.0;-27.0;5.0
7509;22.14666666666667;10.0;36.0;-26.0;5.0
7519;23.04;10.0;38.0;-28.0;5.0
7529;22.096666666666668;11.0;38.0;-27.0;5.0
7539;21.883333333333333;10.0;40.0;-30.0;5.0
7549;22.463333333333335;10.0;38.0;-28.0;5.0
7559;22.36;10.0;37.0;-27.0;5.0
7569;23.163333333333334;12.0;37.0;-25.0;5.0
7579;23.503333333333334;11.0;40.0;-29.0;5.0
7589;23.29;13.0;37.0;-24.0;5.0
7599;24.456666666666667;13.0;45.0;-32.0;5.0
7609;24.006666666666668;11.0;41.0;-30.0;5.0
7619;27.45;15.0;46.0;-31.0;5.0
7629;26.933333333333334;14.0;42.0;-28.0;5.0
7639;25.053333333333335;12.0;38.0;-26.0;5.0
7649;25.586666666666666;15.0;43.0;-28.0;5.0
7659;24.683333333333334;13.0;41.0;-28.0;5.0
7669;24.76;13.0;38.0;-25.0;5.0
7679;24.713333333333335;13.0;40.0;-27.0;5.0
7689;26.786666666666665;15.0;46.0;-31.0;5.0
7699;27.13;18.0;46.0;-28.0;5.0
7709;28.64666666666667;18.0;42.0;-24.0;5.0
7719;30.45;20.0;45.0;-25.0;5.0
7729;29.006666666666668;19.0;42.0;-23.0;5.0
7739;28.303333333333335;19.0;45.0;-26.0;5.0
7749;25.843333333333334;15.0;44.0;-29.0;5.0
7759;23.94;11.0;38.0;-27.0;5.0
7769;22.573333333333334;10.0;43.0;-33.0;5.0
7779;23.486666666666668;10.0;40.0;-30.0;5.0
7789;22.246666666666666;10.0;37.0;-27.0;5.0
7799;23.803333333333335;13.0;37.0;-24.0;5.0
7809;23.71;12.0;39.0;-27.0;5.0
7819;24.426666666666666;14.0;39.0;-25.0;5.0
7829;23.036666666666665;12.0;38.0;-26.0;5.0
7839;25.106666666666666;14.0;39.0;-25.0;5.0
7849;25.816666666666666;14.0;39.0;-25.0;5.0
7859;22.933333333333334;11.0;36.0;-25.0;5.0
7869;25.296666666666667;14.0;53.0;-39.0;5.0
7879;25.166666666666668;13.0;40.0;-27.0;5.0
7889;26.296666666666667;17.0;40.0;-23.0;5.0
7899;26.606666666666666;15.0;41.0;-26.0;5.0
7909;27.14666666666667;16.0;44.0;-28.0;5.0
7919;26.483333333333334;15.0;41.0;-26.0;5.0
7929;26.44;14.0;42.0;-28.0;5.0
7939;22.406666666666666;10.0;40.0;-30.0;5.0
7949;23.166666666666668;13.0;43.0;-30.0;5.0
7959;23.726666666666667;12.0;38.0;-26.0;5.0
7969;24.69;14.0;40.0;-26.0;5.0
7979;24.586666666666666;11.0;41.0;-30.0;5.0
7989;21.406666666666666;8.0;39.0;-31.0;5.0
7999;23.123333333333335;14.0;42.0;-28.0;5.0
8009;23.673333333333332;14.0;41.0;-27.0;5.0
8019;25.263333333333332;13.0;45.0;-32.0;5.0
8029;24.356666666666666;13.0;41.0;-28.0;5.0
8039;27.203333333333333;17.0;47.0;-30.0;5.0
8049;26.123333333333335;15.0;44.0;-29.0;5.0
8059;25.72;13.0;38.0;-25.0;5.0
8069;27.043333333333333;16.0;42.0;-26.0;5.0
8079;28.39;17.0;42.0;-25.0;5.0
8089;27.913333333333334;16.0;45.0;-29.0;5.0
8099;26.956666666666667;17.0;43.0;-26.0;5.0
8109;28.07;17.0;42.0;-25.0;5.0
8119;26.516666666666666;16.0;43.0;-27.0;5.0
8129;26.95;17.0;39.0;-22.0;5.0
8139;27.866666666666667;16.0;42.0;-26.0;5.0
8149;26.0;17.0;40.0;-23.0;5.0
8159;26.456666666666667;16.0;42.0;-26.0;5.0
8169;28.42;16.0;48.0;-32.0;5.0
8179;27.616666666666667;16.0;41.0;-25.0;5.0
8189;27.94;17.0;40.0;-23.0;5.0
8199;25.046666666666667;14.0;40.0;-26.0;5.0
8209;27.53;15.0;43.0;-28.0;5.0
8219;26.126666666666665;14.0;38.0;-24.0;5.0
8229;26.936666666666667;15.0;44.0;-29.0;5.0
8239;24.44333333333333;13.0;41.0;-28.0;5.0
8249;24.636666666666667;15.0;38.0;-23.0;5.0
8259;26.83;16.0;42.0;-26.0;5.0
8269;25.60333333333333;13.0;42.0;-29.0;5.0
8279;25.573333333333334;15.0;42.0;-27.0;5.0
8289;26.68;15.0;42.0;-27.0;5.0
8299;26.91;14.0;41.0;-27.0;5.0
8309;26.986666666666668;16.0;42.0;-26.0;5.0
8319;27.633333333333333;16.0;47.0;-31.0;5.0
8329;26.36;13.0;44.0;-31.0;5.0
8339;23.833333333333332;10.0;37.0;-27.0;5.0
8349;24.16;14.0;38.0;-24.0;5.0
8359;25.366666666666667;14.0;40.0;-26.0;5.0
8369;23.356666666666666;14.0;38.0;-24.0;5.0
8379;23.653333333333332;12.0;39.0;-27.0;5.0
8389;24.656666666666666;13.0;40.0;-27.0;5.0
8399;21.32;12.0;34.0;-22.0;5.0
8409;23.12;13.0;38.0;-25.0;5.0
8419;25.23;14.0;44.0;-30.0;5.0
8429;25.316666666666666;14.0;39.0;-25.0;5.0
8439;26.256666666666668;14.0;41.0;-27.0;5.0
8449;23.923333333333332;14.0;38.0;-24.0;5.0
8459;23.473333333333333;11.0;40.0;-29.0;5.0
8469;24.973333333333333;14.0;38.0;-24.0;5.0
8479;24.356666666666666;14.0;39.0;-25.0;5.0
8489;24.543333333333333;13.0;44.0;-31.0;5.0
8499;24.35;12.0;38.0;-26.0;5.0
8509;23.59;13.0;41.0;-28.0;5.0
8519;23.206666666666667;12.0;37.0;-25.0;5.0
8529;23.323333333333334;11.0;37.0;-26.0;5.0
8539;25.173333333333332;13.0;39.0;-26.0;5.0
8549;23.543333333333333;12.0;41.0;-29.0;5.0
8559;22.256666666666668;8.0;36.0;-28.0;5.0
8569;22.56;11.0;41.0;-30.0;5.0
8579;25.316666666666666;14.0;38.0;-24.0;5.0
8589;25.513333333333332;15.0;40.0;-25.0;5.0
8599;24.14;12.0;40.0;-28.0;5.0
8609;24.416666666666668;12.0;40.0;-28.0;5.0
8619;23.573333333333334;12.0;40.0;-28.0;5.0
8629;24.64666666666667;13.0;41.0;-28.0;5.0
8639;24.37;13.0;37.0;-24.0;5.0
8649;24.716666666666665;14.0;44.0;-30.0;5.0
8659;24.233333333333334;13.0;40.0;-27.0;5.0
8669;25.456666666666667;13.0;40.0;-27.0;5.0
8679;22.553333333333335;10.0;37.0;-27.0;5.0
8689;23.01;11.0;39.0;-28.0;5.0
8699;24.636666666666667;13.0;38.0;-25.0;5.0
8709;22.783333333333335;9.0;37.0;-28.0;5.0
8719;21.683333333333334;11.0;41.0;-30.0;5.0
8729;21.8;9.0;37.0;-28.0;5.0
8739;22.133333333333333;10.0;38.0;-28.0;5.0
8749;23.016666666666666;12.0;40.0;-28.0;5.0
8759;21.513333333333332;10.0;37.0;-27.0;5.0
8769;22.81;11.0;41.0;-30.0;5.0
8779;22.613333333333333;12.0;38.0;-26.0;5.0
8789;22.576666666666668;11.0;39.0;-28.0;5.0
8799;23.546666666666667;12.0;38.0;-26.0;5.0
8809;23.903333333333332;13.0;37.0;-24.0;5.0
8819;24.793333333333333;13.0;44.0;-31.0;5.0
8829;25.683333333333334;14.0;39.0;-25.0;5.0
8839;23.32;11.0;37.0;-26.0;5.0
8849;25.286666666666665;14.0;40.0;-26.0;5.0
8859;25.33;15.0;41.0;-26.0;5.0
8869;28.053333333333335;17.0;47.0;-30.0;5.0
8879;26.906666666666666;15.0;42.0;-27.0;5.0
8889;26.87;15.0;43.0;-28.0;5.0
8899;26.386666666666667;13.0;40.0;-27.0;5.0
8909;26.883333333333333;16.0;44.0;-28.0;5.0
8919;25.736666666666668;14.0;41.0;-27.0;5.0
8929;26.453333333333333;15.0;42.0;-27.0;5.0
8939;27.883333333333333;18.0;41.0;-23.0;5.0
8949;27.106666666666666;16.0;40.0;-24.0;5.0
8959;28.35333333333333;18.0;39.0;-21.0;5.0
8969;27.233333333333334;17.0;44.0;-27.0;5.0
8979;27.293333333333333;14.0;41.0;-27.0;5.0
8989;25.21;14.0;42.0;-28.0;5.0
8999;26.013333333333332;16.0;41.0;-25.0;5.0
9009;24.326666666666668;13.0;37.0;-24.0;5.0
9019;24.32;13.0;43.0;-30.0;5.0
9029;25.176666666666666;14.0;42.0;-28.0;5.0
9039;24.07;11.0;38.0;-27.0;5.0
9049;24.746666666666666;13.0;38.0;-25.0;5.0
9059;24.486666666666668;13.0;47.0;-34.0;5.0
9069;24.516666666666666;11.0;40.0;-29.0;5.0
9079;23.463333333333335;11.0;38.0;-27.0;5.0
9089;22.62;11.0;39.0;-28.0;5.0
9099;25.273333333333333;14.0;41.0;-27.0;5.0
9109;25.403333333333332;13.0;41.0;-28.0;5.0
9119;25.626666666666665;15.0;42.0;-27.0;5.0
9129;25.393333333333334;14.0;41.0;-27.0;5.0
9139;25.076666666666668;14.0;38.0;-24.0;5.0
9149;27.626666666666665;16.0;45.0;-29.0;5.0
9159;26.23;14.0;39.0;-25.0;5.0
9169;23.69333333333333;12.0;39.0;-27.0;5.0
9179;24.023333333333333;13.0;39.0;-26.0;5.0
9189;24.52;13.0;44.0;-31.0;5.0
9199;24.4;13.0;43.0;-30.0;5.0
9209;24.76;15.0;45.0;-30.0;5.0
9219;25.946666666666665;17.0;46.0;-29.0;5.0
9229;25.766666666666666;13.0;40.0;-27.0;5.0
9239;24.03;11.0;43.0;-32.0;5.0
9249;23.56;11.0;41.0;-30.0;5.0
9259;21.59;10.0;36.0;-26.0;5.0
9269;23.85;11.0;36.0;-25.0;5.0
9279;22.16;11.0;39.0;-28.0;5.0
9289;22.92;11.0;37.0;-26.0;5.0
9299;21.876666666666665;10.0;39.0;-29.0;5.0
9309;21.736666666666668;10.0;41.0;-31.0;5.0
9319;22.666666666666668;12.0;40.0;-28.0;5.0
9329;24.95;14.0;40.0;-26.0;5.0
9339;25.143333333333334;13.0;41.0;-28.0;5.0
9349;26.45;13.0;44.0;-31.0;5.0
9359;24.366666666666667;13.0;40.0;-27.0;5.0
9369;23.75;11.0;38.0;-27.0;5.0
9379;24.393333333333334;14.0;41.0;-27.0;5.0
9389;22.92;9.0;37.0;-28.0;5.0
9399;21.596666666666668;9.0;35.0;-26.0;5.0
9409;22.273333333333333;11.0;38.0;-27.0;5.0
9419;19.686666666666667;6.0;36.0;-30.0;4.0
9429;18.876666666666665;7.0;38.0;-31.0;4.0
9439;18.796666666666667;2.0;41.0;-39.0;2.0
9449;19.14;5.0;40.0;-35.0;2.0
9459;20.093333333333334;5.0;36.0;-31.0;2.0
9469;20.043333333333333;9.0;36.0;-27.0;2.0
9479;22.246666666666666;10.0;41.0;-31.0;2.0
9489;21.123333333333335;8.0;37.0;-29.0;2.0
9499;20.59;5.0;37.0;-32.0;2.0
9509;20.143333333333334;5.0;39.0;-34.0;2.0
9519;19.336666666666666;9.0;39.0;-30.0;2.0
9529;18.863333333333333;2.0;36.0;-34.0;2.0
9539;17.946666666666665;6.0;33.0;-27.0;2.0
9549;17.836666666666666;5.0;34.0;-29.0;2.0
9559;19.81;9.0;36.0;-27.0;2.0
9569;22.033333333333335;9.0;37.0;-28.0;2.0
9579;22.15;12.0;38.0;-26.0;2.0
9589;22.67;12.0;38.0;-26.0;2.0
9599;23.73;13.0;38.0;-25.0;2.0
9609;23.803333333333335;11.0;40.0;-29.0;2.0
9619;21.83;12.0;38.0;-26.0;2.0
9629;21.793333333333333;10.0;33.0;-23.0;2.0
9639;20.986666666666668;8.0;38.0;-30.0;2.0
9649;21.52;11.0;37.0;-26.0;2.0
9659;21.88;9.0;38.0;-29.0;2.0
9669;21.53;9.0;36.0;-27.0;2.0
9679;20.64666666666667;8.0;36.0;-28.0;2.0
9689;21.523333333333333;10.0;44.0;-34.0;2.0
9699;21.52;10.0;42.0;-32.0;2.0
9709;23.196666666666665;10.0;39.0;-29.0;2.0
9719;23.87;12.0;42.0;-30.0;2.0
9729;24.316666666666666;12.0;42.0;-30.0;2.0
9739;23.623333333333335;12.0;39.0;-27.0;2.0
9749;22.836666666666666;9.0;43.0;-34.0;2.0
9759;22.623333333333335;10.0;38.0;-28.0;2.0
9769;23.563333333333333;13.0;37.0;-24.0;2.0
9779;25.253333333333334;12.0;40.0;-28.0;2.0
9789;23.986666666666668;12.0;40.0;-28.0;2.0
9799;22.343333333333334;11.0;37.0;-26.0;2.0
9809;21.326666666666668;8.0;35.0;-27.0;2.0
9819;23.36;12.0;37.0;-25.0;2.0
9829;26.56;14.0;42.0;-28.0;2.0
9839;22.836666666666666;10.0;40.0;-30.0;2.0
9849;21.286666666666665;9.0;38.0;-29.0;2.0
9859;21.163333333333334;12.0;38.0;-26.0;2.0
9869;22.953333333333333;12.0;38.0;-26.0;2.0
9879;21.093333333333334;10.0;36.0;-26.0;2.0
9889;21.576666666666668;6.0;39.0;-33.0;2.0
9899;21.21;9.0;36.0;-27.0;2.0
9909;22.39666666666667;9.0;37.0;-28.0;2.0
9919;22.153333333333332;9.0;36.0;-27.0;2.0
9929;22.733333333333334;10.0;37.0;-27.0;2.0
9939;21.206666666666667;10.0;35.0;-25.0;2.0
9949;20.1;7.0;37.0;-30.0;2.0
9959;22.41;11.0;40.0;-29.0;2.0
9969;22.496666666666666;10.0;37.0;-27.0;2.0
9979;21.956666666666667;9.0;39.0;-30.0;2.0
9989;21.333333333333332;9.0;39.0;-30.0;2.0
9999;22.37;10.0;38.0;-28.0;2.0
10009;20.186666666666667;7.0;34.0;-27.0;2.0
10019;21.423333333333332;10.0;40.0;-30.0;2.0
10029;22.72;7.0;39.0;-32.0;2.0
10039;22.493333333333332;13.0;38.0;-25.0;2.0
10049;21.356666666666666;7.0;42.0;-35.0;2.0
10059;21.10333333333333;8.0;41.0;-33.0;2.0
10069;19.01;6.0;36.0;-30.0;2.0
10079;19.406666666666666;7.0;36.0;-29.0;2.0
10089;19.736666666666668;6.0;37.0;-31.0;2.0
10099;20.906666666666666;9.0;35.0;-26.0;2.0
10109;20.57;9.0;33.0;-24.0;2.0
10119;23.243333333333332;9.0;36.0;-27.0;2.0
10129;23.866666666666667;12.0;39.0;-27.0;2.0
10139;26.113333333333333;16.0;41.0;-25.0;2.0
10149;22.283333333333335;8.0;45.0;-37.0;2.0
10159;21.256666666666668;6.0;35.0;-29.0;2.0
10169;19.356666666666666;9.0;37.0;-28.0;2.0
10179;21.066666666666666;9.0;41.0;-32.0;2.0
10189;21.533333333333335;10.0;34.0;-24.0;2.0
10199;22.406666666666666;11.0;35.0;-24.0;2.0
10209;23.796666666666667;8.0;43.0;-35.0;2.0
10219;21.62;8.0;37.0;-29.0;2.0
10229;19.73;9.0;40.0;-31.0;2.0
10239;21.913333333333334;11.0;35.0;-24.0;2.0
10249;22.216666666666665;10.0;39.0;-29.0;2.0
10259;19.4;8.0;41.0;-33.0;2.0
10269;21.246666666666666;10.0;33.0;-23.0;2.0
10279;21.856666666666666;10.0;35.0;-25.0;2.0
10289;21.426666666666666;10.0;35.0;-25.0;2.0
10299;21.486666666666668;9.0;39.0;-30.0;2.0
10309;22.53;11.0;39.0;-28.0;2.0
10319;24.21;12.0;43.0;-31.0;2.0
10329;23.656666666666666;12.0;38.0;-26.0;2.0
10339;24.61;13.0;38.0;-25.0;2.0
10349;23.35;10.0;39.0;-29.0;2.0
10359;22.836666666666666;11.0;35.0;-24.0;2.0
10369;23.27;11.0;38.0;-27.0;2.0
10379;23.073333333333334;12.0;37.0;-25.0;2.0
10389;24.233333333333334;13.0;39.0;-26.0;2.0
10399;25.24;14.0;40.0;-26.0;2.0
10409;25.523333333333333;16.0;37.0;-21.0;2.0
10419;25.723333333333333;12.0;49.0;-37.0;2.0
10429;25.78;14.0;44.0;-30.0;2.0
10439;27.2;15.0;39.0;-24.0;2.0
10449;27.43;18.0;45.0;-27.0;2.0
10459;29.42;18.0;42.0;-24.0;2.0
10469;27.723333333333333;15.0;42.0;-27.0;2.0
10479;24.926666666666666;12.0;41.0;-29.0;2.0
10489;24.413333333333334;14.0;41.0;-27.0;2.0
10499;26.313333333333333;15.0;41.0;-26.0;2.0
10509;26.07;16.0;42.0;-26.0;2.0
10519;26.036666666666665;14.0;42.0;-28.0;2.0
10529;25.91;14.0;39.0;-25.0;2.0
10539;25.563333333333333;15.0;43.0;-28.0;2.0
10549;25.263333333333332;16.0;40.0;-24.0;2.0
10559;27.25;14.0;43.0;-29.0;2.0
10569;25.416666666666668;12.0;38.0;-26.0;2.0
10579;25.703333333333333;14.0;40.0;-26.0;2.0
10589;24.85333333333333;13.0;44.0;-31.0;2.0
10599;25.423333333333332;15.0;39.0;-24.0;2.0
10609;25.316666666666666;13.0;43.0;-30.0;2.0
10619;24.213333333333335;13.0;37.0;-24.0;2.0
10629;23.786666666666665;14.0;45.0;-31.0;2.0
10639;24.82;13.0;39.0;-26.0;2.0
10649;24.513333333333332;14.0;40.0;-26.0;2.0
10659;26.3;14.0;42.0;-28.0;2.0
10669;25.213333333333335;15.0;42.0;-27.0;2.0
10679;26.19;16.0;41.0;-25.0;2.0
10689;26.783333333333335;16.0;41.0;-25.0;2.0
10699;26.06;16.0;41.0;-25.0;2.0
10709;26.576666666666668;15.0;44.0;-29.0;2.0
10719;23.963333333333335;11.0;38.0;-27.0;2.0
10729;23.18;12.0;41.0;-29.0;2.0
10739;23.52;11.0;38.0;-27.0;2.0
10749;24.69333333333333;13.0;46.0;-33.0;2.0
10759;24.91;14.0;40.0;-26.0;2.0
10769;23.273333333333333;13.0;39.0;-26.0;2.0
10779;25.343333333333334;14.0;37.0;-23.0;2.0
10789;26.976666666666667;15.0;41.0;-26.0;2.0
10799;24.446666666666665;13.0;39.0;-26.0;2.0
10809;25.676666666666666;14.0;40.0;-26.0;2.0
10819;22.72;12.0;45.0;-33.0;2.0
10829;23.52;11.0;37.0;-26.0;2.0
10839;23.44333333333333;12.0;44.0;-32.0;2.0
10849;24.94333333333333;12.0;38.0;-26.0;2.0
10859;24.363333333333333;12.0;43.0;-31.0;2.0
10869;23.566666666666666;12.0;42.0;-30.0;2.0
10879;22.32;9.0;40.0;-31.0;2.0
10889;22.80666666666667;11.0;37.0;-26.0;2.0
10899;20.94333333333333;10.0;42.0;-32.0;2.0
10909;21.79;9.0;39.0;-30.0;2.0
10919;20.30666666666667;9.0;37.0;-28.0;2.0
10929;21.833333333333332;10.0;40.0;-30.0;2.0
10939;24.39666666666667;12.0;42.0;-30.0;2.0
10949;23.786666666666665;11.0;42.0;-31.0;2.0
10959;20.726666666666667;10.0;34.0;-24.0;2.0
10969;20.243333333333332;9.0;34.0;-25.0;2.0
10979;19.963333333333335;8.0;38.0;-30.0;2.0
10989;22.883333333333333;13.0;52.0;-39.0;2.0
10999;23.14666666666667;10.0;38.0;-28.0;2.0
11009;23.726666666666667;12.0;39.0;-27.0;2.0
11019;22.533333333333335;10.0;41.0;-31.0;2.0
11029;24.046666666666667;11.0;39.0;-28.0;2.0
11039;20.953333333333333;8.0;35.0;-27.0;2.0
11049;22.18;9.0;36.0;-27.0;2.0
11059;20.53;9.0;35.0;-26.0;2.0
11069;19.803333333333335;7.0;35.0;-28.0;2.0
11079;20.856666666666666;10.0;38.0;-28.0;2.0
11089;21.276666666666667;9.0;35.0;-26.0;2.0
11099;23.826666666666668;13.0;43.0;-30.0;2.0
11109;23.163333333333334;12.0;41.0;-29.0;2.0
11119;25.17;14.0;40.0;-26.0;2.0
11129;27.236666666666668;16.0;44.0;-28.0;2.0
11139;27.036666666666665;17.0;48.0;-31.0;2.0
11149;26.753333333333334;14.0;40.0;-26.0;2.0
11159;24.72;12.0;44.0;-32.0;2.0
11169;27.01;16.0;41.0;-25.0;2.0
11179;26.886666666666667;14.0;41.0;-27.0;2.0
11189;25.626666666666665;13.0;43.0;-30.0;2.0
11199;26.363333333333333;15.0;43.0;-28.0;2.0
11209;26.886666666666667;14.0;41.0;-27.0;2.0
11219;25.053333333333335;14.0;43.0;-29.0;2.0
11229;25.113333333333333;13.0;39.0;-26.0;2.0
11239;24.923333333333332;15.0;40.0;-25.0;2.0
11249;25.133333333333333;15.0;42.0;-27.0;2.0
11259;25.703333333333333;12.0;39.0;-27.0;2.0
11269;22.39;9.0;37.0;-28.0;2.0
11279;23.22;12.0;38.0;-26.0;2.0
11289;21.98;10.0;38.0;-28.0;2.0
11299;21.166666666666668;11.0;36.0;-25.0;2.0
11309;23.553333333333335;11.0;37.0;-26.0;2.0
11319;25.18;13.0;47.0;-34.0;2.0
11329;24.623333333333335;12.0;40.0;-28.0;2.0
11339;25.526666666666667;16.0;40.0;-24.0;2.0
11349;26.986666666666668;16.0;42.0;-26.0;2.0
11359;25.713333333333335;13.0;45.0;-32.0;2.0
11369;24.793333333333333;13.0;38.0;-25.0;2.0
11379;25.066666666666666;14.0;42.0;-28.0;2.0
11389;24.656666666666666;13.0;39.0;-26.0;2.0
11399;25.55;15.0;44.0;-29.0;2.0
11409;27.713333333333335;16.0;41.0;-25.0;2.0
11419;26.69;16.0;41.0;-25.0;2.0
11429;25.413333333333334;13.0;42.0;-29.0;2.0
11439;25.68;16.0;40.0;-24.0;2.0
11449;26.12;15.0;43.0;-28.0;2.0
11459;24.643333333333334;14.0;38.0;-24.0;2.0
11469;24.80666666666667;13.0;47.0;-34.0;2.0
11479;26.63;15.0;44.0;-29.0;2.0
11489;27.1;17.0;43.0;-26.0;2.0
11499;26.566666666666666;16.0;41.0;-25.0;2.0
11509;25.326666666666668;14.0;40.0;-26.0;2.0
11519;26.55666666666667;15.0;46.0;-31.0;2.0
11529;25.453333333333333;14.0;39.0;-25.0;2.0
11539;25.963333333333335;13.0;42.0;-29.0;2.0
11549;25.886666666666667;13.0;41.0;-28.0;2.0
11559;22.356666666666666;11.0;40.0;-29.0;2.0
11569;23.52;12.0;36.0;-24.0;2.0
11579;24.723333333333333;12.0;41.0;-29.0;2.0
11589;24.55;10.0;39.0;-29.0;2.0
11599;25.59;14.0;42.0;-28.0;2.0
11609;26.003333333333334;15.0;45.0;-30.0;2.0
11619;25.363333333333333;13.0;37.0;-24.0;2.0
11629;28.413333333333334;18.0;44.0;-26.0;2.0
11639;27.116666666666667;14.0;44.0;-30.0;2.0
11649;24.706666666666667;14.0;42.0;-28.0;2.0
11659;24.37;13.0;45.0;-32.0;2.0
11669;24.25;12.0;38.0;-26.0;2.0
11679;26.46;16.0;40.0;-24.0;2.0
11689;26.156666666666666;17.0;39.0;-22.0;2.0
11699;27.526666666666667;15.0;44.0;-29.0;2.0
11709;25.64;14.0;41.0;-27.0;2.0
11719;26.433333333333334;16.0;40.0;-24.0;2.0
11729;26.703333333333333;15.0;43.0;-28.0;2.0
11739;25.613333333333333;15.0;38.0;-23.0;2.0
11749;26.56;15.0;42.0;-27.0;2.0
11759;27.55;17.0;42.0;-25.0;2.0
11769;26.163333333333334;14.0;43.0;-29.0;2.0
11779;26.043333333333333;16.0;45.0;-29.0;2.0
11789;26.03;15.0;42.0;-27.0;2.0
11799;27.886666666666667;17.0;43.0;-26.0;2.0
11809;25.536666666666665;16.0;38.0;-22.0;2.0
11819;27.716666666666665;16.0;43.0;-27.0;2.0
11829;28.94333333333333;18.0;45.0;-27.0;2.0
11839;28.063333333333333;16.0;43.0;-27.0;2.0
11849;26.283333333333335;15.0;40.0;-25.0;2.0
11859;26.416666666666668;13.0;41.0;-28.0;2.0
11869;25.766666666666666;15.0;42.0;-27.0;2.0
11879;25.623333333333335;15.0;41.0;-26.0;2.0
11889;25.566666666666666;15.0;44.0;-29.0;2.0
11899;26.19333333333333;15.0;43.0;-28.0;2.0
11909;26.89;18.0;42.0;-24.0;2.0
11919;27.053333333333335;17.0;41.0;-24.0;2.0
11929;28.183333333333334;17.0;42.0;-25.0;2.0
11939;26.086666666666666;15.0;40.0;-25.0;2.0
11949;26.48;15.0;41.0;-26.0;2.0
11959;25.873333333333335;15.0;40.0;-25.0;2.0
11969;26.616666666666667;16.0;41.0;-25.0;2.0
11979;28.01;17.0;43.0;-26.0;2.0
11989;27.176666666666666;14.0;44.0;-30.0;2.0
11999;25.29;13.0;40.0;-27.0;2.0
12009;24.36;13.0;40.0;-27.0;2.0
12019;25.186666666666667;12.0;42.0;-30.0;2.0
12029;24.2;14.0;39.0;-25.0;2.0
12039;26.256666666666668;16.0;38.0;-22.0;2.0
12049;25.35;14.0;41.0;-27.0;2.0
12059;24.333333333333332;14.0;38.0;-24.0;2.0
12069;25.266666666666666;14.0;43.0;-29.0;2.0
12079;25.55666666666667;14.0;39.0;-25.0;2.0
12089;25.14666666666667;15.0;40.0;-25.0;2.0
12099;25.68;15.0;44.0;-29.0;2.0
12109;25.51;11.0;39.0;-28.0;2.0
12119;24.64;13.0;46.0;-33.0;2.0
12129;26.08;14.0;42.0;-28.0;2.0
12139;25.39;15.0;40.0;-25.0;2.0
12149;25.253333333333334;14.0;44.0;-30.0;2.0
12159;26.006666666666668;15.0;42.0;-27.0;2.0
12169;25.513333333333332;16.0;39.0;-23.0;2.0
12179;25.39;15.0;38.0;-23.0;2.0
12189;24.583333333333332;15.0;39.0;-24.0;2.0
12199;23.72;14.0;38.0;-24.0;2.0
12209;25.55666666666667;14.0;42.0;-28.0;2.0
12219;24.846666666666668;15.0;39.0;-24.0;2.0
12229;24.486666666666668;13.0;44.0;-31.0;2.0
12239;25.42;13.0;41.0;-28.0;2.0
12249;24.953333333333333;15.0;40.0;-25.0;2.0
12259;27.766666666666666;17.0;45.0;-28.0;2.0
12269;25.643333333333334;14.0;42.0;-28.0;2.0
12279;25.463333333333335;13.0;40.0;-27.0;2.0
12289;24.77;13.0;40.0;-27.0;2.0
12299;24.163333333333334;11.0;44.0;-33.0;2.0
12309;23.293333333333333;11.0;38.0;-27.0;2.0
12319;22.843333333333334;12.0;37.0;-25.0;2.0
12329;20.006666666666668;8.0;34.0;-26.0;2.0
12339;20.893333333333334;9.0;35.0;-26.0;2.0
12349;24.423333333333332;13.0;39.0;-26.0;2.0
12359;23.17;11.0;37.0;-26.0;2.0
12369;25.153333333333332;15.0;41.0;-26.0;2.0
12379;26.133333333333333;13.0;40.0;-27.0;2.0
12389;24.49;15.0;40.0;-25.0;2.0
12399;26.106666666666666;15.0;43.0;-28.0;2.0
12409;25.613333333333333;14.0;41.0;-27.0;2.0
12419;25.666666666666668;14.0;41.0;-27.0;2.0
12429;24.87;13.0;41.0;-28.0;2.0
12439;23.816666666666666;13.0;38.0;-25.0;2.0
12449;25.43;13.0;41.0;-28.0;2.0
12459;26.4;16.0;48.0;-32.0;2.0
12469;28.4;18.0;47.0;-29.0;2.0
12479;26.71;15.0;43.0;-28.0;2.0
12489;28.006666666666668;19.0;43.0;-24.0;2.0
12499;26.82;14.0;40.0;-26.0;2.0
12509;25.63;16.0;39.0;-23.0;2.0
12519;27.463333333333335;16.0;40.0;-24.0;2.0
12529;28.506666666666668;19.0;44.0;-25.0;2.0
12539;27.083333333333332;15.0;43.0;-28.0;2.0
12549;26.3;16.0;47.0;-31.0;2.0
12559;25.91;14.0;46.0;-32.0;2.0
12569;24.593333333333334;15.0;42.0;-27.0;2.0
12579;25.33;14.0;40.0;-26.0;2.0
12589;25.016666666666666;15.0;46.0;-31.0;2.0
12599;24.846666666666668;14.0;39.0;-25.0;2.0
12609;23.246666666666666;12.0;36.0;-24.0;2.0
12619;22.053333333333335;9.0;36.0;-27.0;2.0
12629;21.84;9.0;36.0;-27.0;2.0
12639;23.043333333333333;11.0;41.0;-30.0;2.0
12649;21.706666666666667;11.0;38.0;-27.0;2.0
12659;21.616666666666667;10.0;37.0;-27.0;2.0
12669;22.36;9.0;39.0;-30.0;2.0
12679;22.96;12.0;39.0;-27.0;2.0
12689;23.43;10.0;41.0;-31.0;2.0
12699;25.936666666666667;17.0;42.0;-25.0;2.0
12709;27.45;16.0;41.0;-25.0;2.0
12719;27.883333333333333;16.0;42.0;-26.0;2.0
12729;25.906666666666666;15.0;45.0;-30.0;2.0
12739;24.42;13.0;37.0;-24.0;2.0
12749;24.213333333333335;13.0;39.0;-26.0;2.0
12759;24.213333333333335;14.0;44.0;-30.0;2.0
12769;23.256666666666668;9.0;38.0;-29.0;2.0
12779;23.356666666666666;12.0;39.0;-27.0;2.0
12789;22.82;9.0;36.0;-27.0;2.0
12799;21.97;10.0;38.0;-28.0;2.0
12809;20.94;8.0;36.0;-28.0;2.0
12819;20.80666666666667;9.0;35.0;-26.0;2.0
12829;21.346666666666668;9.0;35.0;-26.0;2.0
12839;20.88;6.0;41.0;-35.0;2.0
12849;19.713333333333335;8.0;38.0;-30.0;2.0
12859;21.723333333333333;9.0;35.0;-26.0;2.0
12869;21.58;9.0;41.0;-32.0;2.0
12879;22.57;11.0;40.0;-29.0;2.0
12889;23.926666666666666;9.0;41.0;-32.0;2.0
12899;22.616666666666667;12.0;38.0;-26.0;2.0
12909;23.446666666666665;12.0;37.0;-25.0;2.0
12919;24.343333333333334;13.0;39.0;-26.0;2.0
12929;23.99;13.0;39.0;-26.0;2.0
12939;23.66;13.0;40.0;-27.0;2.0
12949;22.28;9.0;34.0;-25.0;2.0
12959;23.566666666666666;13.0;44.0;-31.0;2.0
12969;22.05666666666667;11.0;41.0;-30.0;2.0
12979;22.223333333333333;10.0;39.0;-29.0;2.0
12989;22.913333333333334;10.0;36.0;-26.0;2.0
12999;23.253333333333334;12.0;37.0;-25.0;2.0
13009;24.75;13.0;37.0;-24.0;2.0
13019;25.706666666666667;14.0;39.0;-25.0;2.0
13029;25.7;14.0;39.0;-25.0;2.0
13039;24.68;12.0;41.0;-29.0;2.0
13049;25.4;15.0;46.0;-31.0;2.0
13059;23.833333333333332;13.0;37.0;-24.0;2.0
13069;25.486666666666668;15.0;41.0;-26.0;2.0
13079;25.043333333333333;13.0;39.0;-26.0;2.0
13089;26.8;16.0;44.0;-28.0;2.0
13099;27.723333333333333;19.0;47.0;-28.0;2.0
13109;28.55666666666667;19.0;43.0;-24.0;2.0
13119;29.993333333333332;19.0;44.0;-25.0;2.0
13129;29.46;17.0;41.0;-24.0;2.0
13139;28.74;19.0;43.0;-24.0;2.0
13149;27.59;17.0;38.0;-21.0;2.0
13159;28.56;18.0;41.0;-23.0;2.0
13169;30.15;20.0;44.0;-24.0;2.0
13179;29.776666666666667;19.0;46.0;-27.0;2.0
13189;30.42;22.0;45.0;-23.0;2.0
13199;29.493333333333332;19.0;48.0;-29.0;2.0
13209;26.56;14.0;42.0;-28.0;2.0
13219;24.2;12.0;37.0;-25.0;2.0
13229;24.19333333333333;14.0;40.0;-26.0;2.0
13239;26.503333333333334;16.0;49.0;-33.0;2.0
13249;27.05666666666667;16.0;40.0;-24.0;2.0
13259;26.753333333333334;14.0;42.0;-28.0;2.0
13269;25.263333333333332;15.0;39.0;-24.0;2.0
13279;25.4;14.0;42.0;-28.0;2.0
13289;24.166666666666668;15.0;38.0;-23.0;2.0
13299;26.626666666666665;17.0;43.0;-26.0;2.0
13309;26.346666666666668;15.0;41.0;-26.0;2.0
13319;25.74;14.0;44.0;-30.0;2.0
13329;26.82;16.0;42.0;-26.0;2.0
13339;24.95;15.0;44.0;-29.0;2.0
13349;26.296666666666667;15.0;41.0;-26.0;2.0
13359;25.62;17.0;41.0;-24.0;2.0
13369;26.89;15.0;46.0;-31.0;2.0
13379;27.77;16.0;46.0;-30.0;2.0
13389;26.09;16.0;44.0;-28.0;2.0
13399;26.906666666666666;15.0;39.0;-24.0;2.0
13409;25.80666666666667;15.0;43.0;-28.0;2.0
13419;27.653333333333332;17.0;46.0;-29.0;2.0
13429;26.59;16.0;42.0;-26.0;2.0
13439;28.13;18.0;41.0;-23.0;2.0
13449;29.006666666666668;19.0;46.0;-27.0;2.0
13459;28.106666666666666;18.0;44.0;-26.0;2.0
13469;28.39666666666667;17.0;43.0;-26.0;2.0
13479;27.753333333333334;17.0;42.0;-25.0;2.0
13489;27.526666666666667;16.0;44.0;-28.0;2.0
13499;26.796666666666667;15.0;41.0;-26.0;2.0
13509;26.57;16.0;41.0;-25.0;2.0
13519;25.303333333333335;14.0;42.0;-28.0;2.0
13529;25.733333333333334;14.0;40.0;-26.0;2.0
13539;23.786666666666665;11.0;42.0;-31.0;2.0
13549;23.27;12.0;37.0;-25.0;2.0
13559;23.976666666666667;14.0;38.0;-24.0;2.0
13569;23.713333333333335;11.0;37.0;-26.0;2.0
13579;24.323333333333334;13.0;39.0;-26.0;2.0
13589;22.176666666666666;10.0;38.0;-28.0;2.0
13599;20.356666666666666;10.0;36.0;-26.0;2.0
13609;21.99;11.0;37.0;-26.0;2.0
13619;25.12;14.0;43.0;-29.0;2.0
13629;23.32;10.0;39.0;-29.0;2.0
13639;21.746666666666666;10.0;36.0;-26.0;2.0
13649;21.74;10.0;36.0;-26.0;2.0
13659;20.566666666666666;8.0;35.0;-27.0;2.0
13669;20.93;8.0;39.0;-31.0;2.0
13679;20.863333333333333;8.0;37.0;-29.0;2.0
13689;21.53;10.0;35.0;-25.0;2.0
13699;21.293333333333333;7.0;37.0;-30.0;2.0
13709;19.666666666666668;8.0;33.0;-25.0;2.0
13719;21.843333333333334;9.0;46.0;-37.0;2.0
13729;22.273333333333333;10.0;38.0;-28.0;2.0
13739;22.58;10.0;38.0;-28.0;2.0
13749;21.946666666666665;10.0;35.0;-25.0;2.0
13759;23.143333333333334;12.0;39.0;-27.0;2.0
13769;24.16;12.0;42.0;-30.0;2.0
13779;24.176666666666666;12.0;40.0;-28.0;2.0
13789;24.553333333333335;12.0;39.0;-27.0;2.0
13799;23.073333333333334;12.0;40.0;-28.0;2.0
13809;24.246666666666666;12.0;47.0;-35.0;2.0
13819;23.1;13.0;38.0;-25.0;2.0
13829;23.623333333333335;11.0;41.0;-30.0;2.0
13839;22.123333333333335;9.0;35.0;-26.0;2.0
13849;22.003333333333334;9.0;36.0;-27.0;2.0
13859;22.78;10.0;39.0;-29.0;2.0
13869;21.06;9.0;35.0;-26.0;2.0
13879;22.446666666666665;11.0;38.0;-27.0;2.0
13889;23.036666666666665;13.0;38.0;-25.0;2.0
13899;24.546666666666667;13.0;41.0;-28.0;2.0
13909;24.816666666666666;15.0;41.0;-26.0;2.0
13919;25.936666666666667;9.0;44.0;-35.0;2.0
13929;21.8;8.0;36.0;-28.0;2.0
13939;20.203333333333333;8.0;34.0;-26.0;2.0
13949;22.033333333333335;10.0;39.0;-29.0;2.0
13959;24.14666666666667;13.0;39.0;-26.0;2.0
13969;22.783333333333335;11.0;38.0;-27.0;2.0
13979;22.153333333333332;9.0;37.0;-28.0;2.0
13989;19.796666666666667;6.0;37.0;-31.0;2.0
13999;20.39666666666667;11.0;35.0;-24.0;2.0
14009;21.79;8.0;39.0;-31.0;2.0
14019;22.65;11.0;42.0;-31.0;2.0
14029;22.48;11.0;32.0;-21.0;2.0
14039;23.866666666666667;12.0;39.0;-27.0;2.0
14049;23.926666666666666;12.0;38.0;-26.0;2.0
14059;22.77;9.0;45.0;-36.0;2.0
14069;23.136666666666667;11.0;38.0;-27.0;2.0
14079;24.083333333333332;13.0;42.0;-29.0;2.0
14089;25.383333333333333;15.0;39.0;-24.0;2.0
14099;27.37;17.0;45.0;-28.0;2.0
14109;28.483333333333334;18.0;39.0;-21.0;2.0
14119;24.41;13.0;38.0;-25.0;2.0
14129;22.12;9.0;37.0;-28.0;2.0
14139;23.803333333333335;12.0;43.0;-31.0;2.0
14149;24.89666666666667;12.0;40.0;-28.0;2.0
14159;25.793333333333333;13.0;39.0;-26.0;2.0
14169;22.846666666666668;10.0;40.0;-30.0;2.0
14179;20.743333333333332;9.0;35.0;-26.0;2.0
14189;21.71;10.0;37.0;-27.0;2.0
14199;21.56;7.0;34.0;-27.0;2.0
14209;22.586666666666666;9.0;40.0;-31.0;2.0
14219;22.413333333333334;8.0;38.0;-30.0;2.0
14229;23.253333333333334;10.0;39.0;-29.0;2.0
14239;22.9;9.0;39.0;-30.0;2.0
14249;20.033333333333335;8.0;35.0;-27.0;2.0
14259;21.263333333333332;8.0;35.0;-27.0;2.0
14269;23.123333333333335;8.0;37.0;-29.0;2.0
14279;23.463333333333335;11.0;37.0;-26.0;2.0
14289;24.183333333333334;13.0;38.0;-25.0;2.0
14299;24.26;13.0;37.0;-24.0;2.0
14309;25.153333333333332;16.0;42.0;-26.0;2.0
14319;26.88;15.0;42.0;-27.0;2.0
14329;26.44;15.0;45.0;-30.0;2.0
14339;25.143333333333334;15.0;42.0;-27.0;2.0
14349;25.13;14.0;38.0;-24.0;2.0
14359;26.14666666666667;16.0;42.0;-26.0;2.0
14369;26.37;17.0;40.0;-23.0;2.0
14379;27.25;15.0;41.0;-26.0;2.0
14389;25.83;16.0;40.0;-24.0;2.0
14399;25.25;14.0;42.0;-28.0;2.0
14409;25.153333333333332;15.0;39.0;-24.0;2.0
14419;26.123333333333335;14.0;44.0;-30.0;2.0
14429;25.946666666666665;15.0;42.0;-27.0;2.0
14439;25.66;14.0;38.0;-24.0;2.0
14449;23.94;12.0;36.0;-24.0;2.0
14459;25.776666666666667;14.0;43.0;-29.0;2.0
14469;25.816666666666666;15.0;38.0;-23.0;2.0
14479;24.683333333333334;13.0;40.0;-27.0;2.0
14489;23.803333333333335;12.0;44.0;-32.0;2.0
14499;23.753333333333334;11.0;39.0;-28.0;2.0
14509;23.64;14.0;38.0;-24.0;2.0
14519;26.586666666666666;16.0;40.0;-24.0;2.0
14529;25.58;14.0;40.0;-26.0;2.0
14539;25.03;15.0;39.0;-24.0;2.0
14549;25.54;15.0;42.0;-27.0;2.0
14559;25.506666666666668;12.0;44.0;-32.0;2.0
14569;24.51;12.0;41.0;-29.0;2.0
14579;26.173333333333332;15.0;40.0;-25.0;2.0
14589;27.526666666666667;18.0;45.0;-27.0;2.0
14599;26.96;16.0;41.0;-25.0;2.0
14609;27.383333333333333;16.0;40.0;-24.0;2.0
14619;28.046666666666667;19.0;43.0;-24.0;2.0
14629;25.03;14.0;46.0;-32.0;2.0
14639;26.516666666666666;15.0;44.0;-29.0;2.0
14649;26.983333333333334;16.0;42.0;-26.0;2.0
14659;27.533333333333335;18.0;42.0;-24.0;2.0
14669;27.656666666666666;17.0;41.0;-24.0;2.0
14679;26.293333333333333;16.0;41.0;-25.0;2.0
14689;26.766666666666666;17.0;42.0;-25.0;2.0
14699;26.003333333333334;14.0;43.0;-29.0;2.0
14709;24.776666666666667;11.0;42.0;-31.0;2.0
14719;25.72;14.0;46.0;-32.0;2.0
14729;25.253333333333334;12.0;40.0;-28.0;2.0
14739;23.826666666666668;14.0;36.0;-22.0;2.0
14749;24.61;13.0;42.0;-29.0;2.0
14759;26.606666666666666;15.0;41.0;-26.0;2.0
14769;24.846666666666668;12.0;40.0;-28.0;2.0
14779;24.036666666666665;13.0;41.0;-28.0;2.0
14789;21.926666666666666;10.0;39.0;-29.0;2.0
14799;25.576666666666668;12.0;39.0;-27.0;2.0
14809;23.98;12.0;36.0;-24.0;2.0
14819;24.033333333333335;13.0;38.0;-25.0;2.0
14829;24.363333333333333;11.0;39.0;-28.0;2.0
14839;23.643333333333334;12.0;40.0;-28.0;2.0
14849;24.673333333333332;14.0;44.0;-30.0;2.0
14859;25.906666666666666;14.0;41.0;-27.0;2.0
14869;25.536666666666665;13.0;40.0;-27.0;2.0
14879;25.253333333333334;13.0;40.0;-27.0;2.0
14889;24.573333333333334;11.0;36.0;-25.0;2.0
14899;24.466666666666665;14.0;41.0;-27.0;2.0
14909;24.223333333333333;15.0;37.0;-22.0;2.0
14919;24.716666666666665;13.0;39.0;-26.0;2.0
14929;24.53;11.0;42.0;-31.0;2.0
14939;24.283333333333335;13.0;41.0;-28.0;2.0
14949;24.15;11.0;48.0;-37.0;2.0
14959;26.22;16.0;40.0;-24.0;2.0
14969;27.183333333333334;18.0;42.0;-24.0;2.0
14979;24.263333333333332;13.0;39.0;-26.0;2.0
14989;24.516666666666666;15.0;40.0;-25.0;2.0
14999;26.436666666666667;14.0;42.0;-28.0;2.0
