geracao;media da geracao;fitness do melhor da geracao;fitness do pior da geracao;relacao entre melhor e pior;fitness do melhor da run
Probabilidade Recombinação: 0.7
Probabilidade Mutação: 0.049999999999999996
Tipo de Selecção: Torneio
Tipo de Mutação: Troca de Genes
Tamanho População: 300
Máximo de Gerações: 15000
0;84.60333333333334;69.0;101.0;-32.0;69.0
0;75.51;64.0;88.0;-24.0;64.0
9;51.08;47.0;58.0;-11.0;47.0
19;37.346666666666664;36.0;46.0;-10.0;36.0
29;31.64;30.0;39.0;-9.0;30.0
39;28.656666666666666;26.0;36.0;-10.0;26.0
49;25.736666666666668;25.0;33.0;-8.0;25.0
59;24.796666666666667;24.0;40.0;-16.0;24.0
69;24.74;23.0;35.0;-12.0;23.0
79;23.763333333333332;23.0;32.0;-9.0;23.0
89;22.77;22.0;35.0;-13.0;22.0
99;22.923333333333332;22.0;33.0;-11.0;22.0
109;21.716666666666665;21.0;29.0;-8.0;21.0
119;20.85;20.0;28.0;-8.0;20.0
129;20.64;20.0;30.0;-10.0;20.0
139;19.49;18.0;27.0;-9.0;18.0
149;18.80666666666667;17.0;30.0;-13.0;17.0
159;16.836666666666666;16.0;28.0;-12.0;16.0
169;16.94;16.0;27.0;-11.0;16.0
179;16.926666666666666;16.0;27.0;-11.0;16.0
189;16.863333333333333;16.0;25.0;-9.0;16.0
199;16.013333333333332;15.0;27.0;-12.0;15.0
209;15.886666666666667;15.0;25.0;-10.0;15.0
219;15.83;15.0;25.0;-10.0;15.0
229;14.0;13.0;24.0;-11.0;13.0
239;11.093333333333334;10.0;22.0;-12.0;10.0
249;10.856666666666667;10.0;18.0;-8.0;10.0
259;9.436666666666667;7.0;20.0;-13.0;7.0
269;8.166666666666666;7.0;25.0;-18.0;7.0
279;8.0;7.0;19.0;-12.0;7.0
289;8.026666666666667;7.0;23.0;-16.0;7.0
299;8.02;7.0;17.0;-10.0;7.0
309;7.986666666666666;7.0;16.0;-9.0;7.0
319;8.02;7.0;17.0;-10.0;7.0
329;8.103333333333333;7.0;19.0;-12.0;7.0
339;8.206666666666667;7.0;18.0;-11.0;7.0
349;7.933333333333334;7.0;18.0;-11.0;7.0
359;8.003333333333334;7.0;17.0;-10.0;7.0
369;8.006666666666666;7.0;20.0;-13.0;7.0
379;8.01;7.0;17.0;-10.0;7.0
389;8.06;7.0;19.0;-12.0;7.0
399;8.083333333333334;7.0;17.0;-10.0;7.0
409;7.866666666666666;7.0;16.0;-9.0;7.0
419;7.8133333333333335;7.0;17.0;-10.0;7.0
429;8.023333333333333;7.0;19.0;-12.0;7.0
439;8.056666666666667;7.0;23.0;-16.0;7.0
449;8.293333333333333;7.0;18.0;-11.0;7.0
459;8.203333333333333;7.0;19.0;-12.0;7.0
469;7.886666666666667;7.0;19.0;-12.0;7.0
479;8.116666666666667;7.0;19.0;-12.0;7.0
489;8.146666666666667;7.0;19.0;-12.0;7.0
499;7.86;7.0;19.0;-12.0;7.0
509;8.016666666666667;7.0;19.0;-12.0;7.0
519;8.076666666666666;7.0;19.0;-12.0;7.0
529;8.03;7.0;19.0;-12.0;7.0
539;7.8966666666666665;7.0;18.0;-11.0;7.0
549;8.06;7.0;19.0;-12.0;7.0
559;8.086666666666666;7.0;19.0;-12.0;7.0
569;8.103333333333333;7.0;23.0;-16.0;7.0
579;7.906666666666666;7.0;18.0;-11.0;7.0
589;8.263333333333334;7.0;17.0;-10.0;7.0
599;8.27;7.0;19.0;-12.0;7.0
609;8.133333333333333;7.0;23.0;-16.0;7.0
619;8.126666666666667;7.0;23.0;-16.0;7.0
629;8.25;7.0;19.0;-12.0;7.0
639;8.03;7.0;19.0;-12.0;7.0
649;8.136666666666667;7.0;19.0;-12.0;7.0
659;7.843333333333334;7.0;17.0;-10.0;7.0
669;8.17;7.0;19.0;-12.0;7.0
679;7.76;7.0;17.0;-10.0;7.0
689;8.246666666666666;7.0;19.0;-12.0;7.0
699;8.016666666666667;7.0;19.0;-12.0;7.0
709;8.19;7.0;19.0;-12.0;7.0
719;7.8;7.0;17.0;-10.0;7.0
729;7.996666666666667;7.0;19.0;-12.0;7.0
739;8.266666666666667;7.0;17.0;-10.0;7.0
749;8.113333333333333;7.0;18.0;-11.0;7.0
759;8.096666666666666;7.0;18.0;-11.0;7.0
769;7.95;7.0;18.0;-11.0;7.0
779;7.973333333333334;7.0;19.0;-12.0;7.0
789;8.31;7.0;18.0;-11.0;7.0
799;8.043333333333333;7.0;18.0;-11.0;7.0
809;7.986666666666666;7.0;17.0;-10.0;7.0
819;7.973333333333334;7.0;18.0;-11.0;7.0
829;7.956666666666667;7.0;19.0;-12.0;7.0
839;8.036666666666667;7.0;19.0;-12.0;7.0
849;8.33;7.0;17.0;-10.0;7.0
859;7.99;7.0;17.0;-10.0;7.0
869;8.01;7.0;25.0;-18.0;7.0
879;8.19;7.0;19.0;-12.0;7.0
889;7.8966666666666665;7.0;17.0;-10.0;7.0
899;8.176666666666666;7.0;17.0;-10.0;7.0
909;8.116666666666667;7.0;18.0;-11.0;7.0
919;8.126666666666667;7.0;18.0;-11.0;7.0
929;7.996666666666667;7.0;19.0;-12.0;7.0
939;8.27;7.0;17.0;-10.0;7.0
949;8.136666666666667;7.0;18.0;-11.0;7.0
959;7.046666666666667;6.0;18.0;-12.0;6.0
969;6.983333333333333;6.0;22.0;-16.0;6.0
979;7.02;6.0;20.0;-14.0;6.0
989;6.953333333333333;6.0;18.0;-12.0;6.0
999;6.926666666666667;6.0;18.0;-12.0;6.0
1009;7.006666666666667;6.0;17.0;-11.0;6.0
1019;7.013333333333334;6.0;16.0;-10.0;6.0
1029;7.08;6.0;18.0;-12.0;6.0
1039;7.026666666666666;6.0;17.0;-11.0;6.0
1049;6.966666666666667;6.0;17.0;-11.0;6.0
1059;7.156666666666666;6.0;17.0;-11.0;6.0
1069;7.173333333333333;6.0;18.0;-12.0;6.0
1079;6.976666666666667;6.0;20.0;-14.0;6.0
1089;6.87;6.0;16.0;-10.0;6.0
1099;7.066666666666666;6.0;16.0;-10.0;6.0
1109;6.986666666666666;6.0;18.0;-12.0;6.0
1119;7.123333333333333;6.0;18.0;-12.0;6.0
1129;7.163333333333333;6.0;18.0;-12.0;6.0
1139;7.016666666666667;6.0;18.0;-12.0;6.0
1149;6.873333333333333;6.0;17.0;-11.0;6.0
1159;7.096666666666667;6.0;17.0;-11.0;6.0
1169;6.866666666666666;6.0;17.0;-11.0;6.0
1179;7.13;6.0;22.0;-16.0;6.0
1189;6.973333333333334;6.0;21.0;-15.0;6.0
1199;7.076666666666667;6.0;16.0;-10.0;6.0
1209;7.193333333333333;6.0;18.0;-12.0;6.0
1219;6.966666666666667;6.0;15.0;-9.0;6.0
1229;7.293333333333333;6.0;24.0;-18.0;6.0
1239;6.94;6.0;17.0;-11.0;6.0
1249;6.963333333333333;6.0;18.0;-12.0;6.0
1259;7.18;6.0;23.0;-17.0;6.0
1269;7.133333333333334;6.0;17.0;-11.0;6.0
1279;7.093333333333334;6.0;17.0;-11.0;6.0
1289;7.1;6.0;18.0;-12.0;6.0
1299;6.776666666666666;6.0;23.0;-17.0;6.0
1309;6.8966666666666665;6.0;18.0;-12.0;6.0
1319;7.09;6.0;18.0;-12.0;6.0
1329;6.963333333333333;6.0;18.0;-12.0;6.0
1339;7.023333333333333;6.0;16.0;-10.0;6.0
1349;7.123333333333333;6.0;17.0;-11.0;6.0
1359;7.28;6.0;18.0;-12.0;6.0
1369;7.07;6.0;16.0;-10.0;6.0
1379;7.046666666666667;6.0;18.0;-12.0;6.0
1389;7.23;6.0;18.0;-12.0;6.0
1399;6.996666666666667;6.0;18.0;-12.0;6.0
1409;7.13;6.0;16.0;-10.0;6.0
1419;7.32;6.0;18.0;-12.0;6.0
1429;7.183333333333334;6.0;18.0;-12.0;6.0
1439;6.996666666666667;6.0;18.0;-12.0;6.0
1449;7.083333333333333;6.0;18.0;-12.0;6.0
1459;7.036666666666667;6.0;18.0;-12.0;6.0
1469;6.843333333333334;6.0;18.0;-12.0;6.0
1479;7.17;6.0;18.0;-12.0;6.0
1489;7.293333333333333;6.0;20.0;-14.0;6.0
1499;6.886666666666667;6.0;15.0;-9.0;6.0
1509;7.07;6.0;18.0;-12.0;6.0
1519;6.973333333333334;6.0;18.0;-12.0;6.0
1529;7.04;6.0;17.0;-11.0;6.0
1539;7.046666666666667;6.0;18.0;-12.0;6.0
1549;7.1866666666666665;6.0;16.0;-10.0;6.0
1559;7.29;6.0;18.0;-12.0;6.0
1569;6.956666666666667;6.0;17.0;-11.0;6.0
1579;6.973333333333334;6.0;18.0;-12.0;6.0
1589;7.2;6.0;18.0;-12.0;6.0
1599;7.036666666666667;6.0;16.0;-10.0;6.0
1609;7.286666666666667;6.0;18.0;-12.0;6.0
1619;7.286666666666667;6.0;20.0;-14.0;6.0
1629;7.166666666666667;6.0;19.0;-13.0;6.0
1639;6.993333333333333;6.0;19.0;-13.0;6.0
1649;7.013333333333334;6.0;18.0;-12.0;6.0
1659;6.963333333333333;6.0;17.0;-11.0;6.0
1669;7.166666666666667;6.0;18.0;-12.0;6.0
1679;7.12;6.0;18.0;-12.0;6.0
1689;7.23;6.0;18.0;-12.0;6.0
1699;6.99;6.0;18.0;-12.0;6.0
1709;7.166666666666667;6.0;21.0;-15.0;6.0
1719;6.946666666666666;6.0;22.0;-16.0;6.0
1729;7.1466666666666665;6.0;22.0;-16.0;6.0
1739;6.963333333333333;6.0;16.0;-10.0;6.0
1749;6.876666666666667;6.0;18.0;-12.0;6.0
1759;7.253333333333333;6.0;16.0;-10.0;6.0
1769;7.04;6.0;18.0;-12.0;6.0
1779;7.173333333333333;6.0;18.0;-12.0;6.0
1789;7.166666666666667;6.0;18.0;-12.0;6.0
1799;7.013333333333334;6.0;18.0;-12.0;6.0
1809;7.2;6.0;18.0;-12.0;6.0
1819;7.046666666666667;6.0;16.0;-10.0;6.0
1829;6.956666666666667;6.0;17.0;-11.0;6.0
1839;7.19;6.0;18.0;-12.0;6.0
1849;7.206666666666667;6.0;18.0;-12.0;6.0
1859;7.2;6.0;18.0;-12.0;6.0
1869;6.98;6.0;17.0;-11.0;6.0
1879;7.123333333333333;6.0;22.0;-16.0;6.0
1889;6.933333333333334;6.0;17.0;-11.0;6.0
1899;7.233333333333333;6.0;16.0;-10.0;6.0
1909;6.8933333333333335;6.0;22.0;-16.0;6.0
1919;7.1466666666666665;6.0;24.0;-18.0;6.0
1929;7.3;6.0;16.0;-10.0;6.0
1939;7.33;6.0;18.0;-12.0;6.0
1949;7.18;6.0;18.0;-12.0;6.0
1959;7.0;6.0;18.0;-12.0;6.0
1969;7.216666666666667;6.0;18.0;-12.0;6.0
1979;6.9;6.0;22.0;-16.0;6.0
1989;7.213333333333333;6.0;17.0;-11.0;6.0
1999;7.156666666666666;6.0;19.0;-13.0;6.0
2009;6.733333333333333;6.0;18.0;-12.0;6.0
2019;7.216666666666667;6.0;17.0;-11.0;6.0
2029;6.913333333333333;6.0;18.0;-12.0;6.0
2039;7.276666666666666;6.0;18.0;-12.0;6.0
2049;7.116666666666666;6.0;17.0;-11.0;6.0
2059;6.93;6.0;17.0;-11.0;6.0
2069;7.046666666666667;6.0;16.0;-10.0;6.0
2079;7.24;6.0;18.0;-12.0;6.0
2089;7.13;6.0;18.0;-12.0;6.0
2099;6.93;6.0;18.0;-12.0;6.0
2109;7.113333333333333;6.0;18.0;-12.0;6.0
2119;7.013333333333334;6.0;18.0;-12.0;6.0
2129;7.056666666666667;6.0;18.0;-12.0;6.0
2139;6.966666666666667;6.0;18.0;-12.0;6.0
2149;7.1033333333333335;6.0;19.0;-13.0;6.0
2159;6.826666666666667;6.0;18.0;-12.0;6.0
2169;7.096666666666667;6.0;20.0;-14.0;6.0
2179;6.94;6.0;18.0;-12.0;6.0
2189;7.126666666666667;6.0;22.0;-16.0;6.0
2199;7.073333333333333;6.0;23.0;-17.0;6.0
2209;6.976666666666667;6.0;17.0;-11.0;6.0
2219;7.0;6.0;18.0;-12.0;6.0
2229;7.466666666666667;6.0;23.0;-17.0;6.0
2239;6.983333333333333;6.0;18.0;-12.0;6.0
2249;6.97;6.0;18.0;-12.0;6.0
2259;7.123333333333333;6.0;18.0;-12.0;6.0
2269;6.976666666666667;6.0;24.0;-18.0;6.0
2279;7.136666666666667;6.0;18.0;-12.0;6.0
2289;7.266666666666667;6.0;18.0;-12.0;6.0
2299;6.99;6.0;18.0;-12.0;6.0
2309;7.23;6.0;18.0;-12.0;6.0
2319;7.15;6.0;17.0;-11.0;6.0
2329;6.963333333333333;6.0;16.0;-10.0;6.0
2339;7.18;6.0;17.0;-11.0;6.0
2349;7.086666666666667;6.0;16.0;-10.0;6.0
2359;7.276666666666666;6.0;18.0;-12.0;6.0
2369;7.13;6.0;21.0;-15.0;6.0
2379;6.926666666666667;6.0;17.0;-11.0;6.0
2389;7.193333333333333;6.0;18.0;-12.0;6.0
2399;7.166666666666667;6.0;19.0;-13.0;6.0
2409;6.98;6.0;18.0;-12.0;6.0
2419;6.846666666666667;6.0;16.0;-10.0;6.0
2429;7.166666666666667;6.0;18.0;-12.0;6.0
2439;7.006666666666667;6.0;18.0;-12.0;6.0
2449;7.183333333333334;6.0;23.0;-17.0;6.0
2459;7.076666666666667;6.0;17.0;-11.0;6.0
2469;7.123333333333333;6.0;18.0;-12.0;6.0
2479;7.073333333333333;6.0;18.0;-12.0;6.0
2489;7.083333333333333;6.0;18.0;-12.0;6.0
2499;7.05;6.0;18.0;-12.0;6.0
2509;7.126666666666667;6.0;18.0;-12.0;6.0
2519;7.26;6.0;18.0;-12.0;6.0
2529;6.956666666666667;6.0;20.0;-14.0;6.0
2539;7.076666666666667;6.0;16.0;-10.0;6.0
2549;7.01;6.0;17.0;-11.0;6.0
2559;7.116666666666666;6.0;24.0;-18.0;6.0
2569;7.206666666666667;6.0;18.0;-12.0;6.0
2579;6.943333333333333;6.0;18.0;-12.0;6.0
2589;7.006666666666667;6.0;17.0;-11.0;6.0
2599;6.956666666666667;6.0;17.0;-11.0;6.0
2609;6.953333333333333;6.0;18.0;-12.0;6.0
2619;7.023333333333333;6.0;18.0;-12.0;6.0
2629;6.8966666666666665;6.0;17.0;-11.0;6.0
2639;7.036666666666667;6.0;18.0;-12.0;6.0
2649;7.276666666666666;6.0;17.0;-11.0;6.0
2659;7.096666666666667;6.0;18.0;-12.0;6.0
2669;7.013333333333334;6.0;16.0;-10.0;6.0
2679;7.046666666666667;6.0;16.0;-10.0;6.0
2689;7.18;6.0;17.0;-11.0;6.0
2699;6.96;6.0;17.0;-11.0;6.0
2709;7.126666666666667;6.0;18.0;-12.0;6.0
2719;6.8966666666666665;6.0;12.0;-6.0;6.0
2729;7.1466666666666665;6.0;18.0;-12.0;6.0
2739;7.1;6.0;17.0;-11.0;6.0
2749;7.226666666666667;6.0;18.0;-12.0;6.0
2759;7.29;6.0;23.0;-17.0;6.0
2769;7.083333333333333;6.0;18.0;-12.0;6.0
2779;7.006666666666667;6.0;16.0;-10.0;6.0
2789;6.956666666666667;6.0;17.0;-11.0;6.0
2799;7.076666666666667;6.0;18.0;-12.0;6.0
2809;6.956666666666667;6.0;16.0;-10.0;6.0
2819;7.28;6.0;21.0;-15.0;6.0
2829;7.11;6.0;17.0;-11.0;6.0
2839;7.113333333333333;6.0;16.0;-10.0;6.0
2849;7.083333333333333;6.0;19.0;-13.0;6.0
2859;7.0;6.0;17.0;-11.0;6.0
2869;6.843333333333334;6.0;18.0;-12.0;6.0
2879;7.29;6.0;16.0;-10.0;6.0
2889;7.11;6.0;18.0;-12.0;6.0
2899;6.826666666666667;6.0;16.0;-10.0;6.0
2909;7.33;6.0;20.0;-14.0;6.0
2919;7.3566666666666665;6.0;24.0;-18.0;6.0
2929;7.246666666666667;6.0;18.0;-12.0;6.0
2939;7.093333333333334;6.0;18.0;-12.0;6.0
2949;6.923333333333333;6.0;18.0;-12.0;6.0
2959;7.053333333333334;6.0;16.0;-10.0;6.0
2969;7.026666666666666;6.0;17.0;-11.0;6.0
2979;7.006666666666667;6.0;18.0;-12.0;6.0
2989;7.123333333333333;6.0;17.0;-11.0;6.0
2999;7.196666666666666;6.0;17.0;-11.0;6.0
3009;6.953333333333333;6.0;18.0;-12.0;6.0
3019;6.933333333333334;6.0;15.0;-9.0;6.0
3029;6.99;6.0;18.0;-12.0;6.0
3039;7.086666666666667;6.0;18.0;-12.0;6.0
3049;7.206666666666667;6.0;20.0;-14.0;6.0
3059;7.183333333333334;6.0;20.0;-14.0;6.0
3069;7.153333333333333;6.0;18.0;-12.0;6.0
3079;7.08;6.0;20.0;-14.0;6.0
3089;7.263333333333334;6.0;21.0;-15.0;6.0
3099;7.16;6.0;17.0;-11.0;6.0
3109;7.096666666666667;6.0;18.0;-12.0;6.0
3119;7.04;6.0;18.0;-12.0;6.0
3129;7.07;6.0;18.0;-12.0;6.0
3139;7.14;6.0;21.0;-15.0;6.0
3149;6.886666666666667;6.0;16.0;-10.0;6.0
3159;6.91;6.0;15.0;-9.0;6.0
3169;7.16;6.0;16.0;-10.0;6.0
3179;6.89;6.0;18.0;-12.0;6.0
3189;7.3133333333333335;6.0;18.0;-12.0;6.0
3199;6.9;6.0;15.0;-9.0;6.0
3209;7.14;6.0;18.0;-12.0;6.0
3219;7.243333333333333;6.0;21.0;-15.0;6.0
3229;7.043333333333333;6.0;15.0;-9.0;6.0
3239;7.203333333333333;6.0;18.0;-12.0;6.0
3249;7.17;6.0;18.0;-12.0;6.0
3259;7.203333333333333;6.0;18.0;-12.0;6.0
3269;7.1866666666666665;6.0;17.0;-11.0;6.0
3279;7.176666666666667;6.0;18.0;-12.0;6.0
3289;7.176666666666667;6.0;21.0;-15.0;6.0
3299;7.1;6.0;17.0;-11.0;6.0
3309;7.19;6.0;20.0;-14.0;6.0
3319;7.153333333333333;6.0;19.0;-13.0;6.0
3329;7.0;6.0;15.0;-9.0;6.0
3339;7.163333333333333;6.0;17.0;-11.0;6.0
3349;7.263333333333334;6.0;18.0;-12.0;6.0
3359;7.06;6.0;18.0;-12.0;6.0
3369;7.303333333333334;6.0;18.0;-12.0;6.0
3379;7.226666666666667;6.0;18.0;-12.0;6.0
3389;7.03;6.0;18.0;-12.0;6.0
3399;7.2;6.0;18.0;-12.0;6.0
3409;6.99;6.0;17.0;-11.0;6.0
3419;7.136666666666667;6.0;18.0;-12.0;6.0
3429;7.256666666666667;6.0;18.0;-12.0;6.0
3439;7.166666666666667;6.0;18.0;-12.0;6.0
3449;7.093333333333334;6.0;18.0;-12.0;6.0
3459;7.276666666666666;6.0;18.0;-12.0;6.0
3469;6.9366666666666665;6.0;18.0;-12.0;6.0
3479;7.096666666666667;6.0;18.0;-12.0;6.0
3489;7.123333333333333;6.0;16.0;-10.0;6.0
3499;7.123333333333333;6.0;18.0;-12.0;6.0
3509;7.203333333333333;6.0;18.0;-12.0;6.0
3519;7.17;6.0;23.0;-17.0;6.0
3529;7.276666666666666;6.0;23.0;-17.0;6.0
3539;6.956666666666667;6.0;16.0;-10.0;6.0
3549;7.02;6.0;17.0;-11.0;6.0
3559;7.253333333333333;6.0;17.0;-11.0;6.0
3569;7.263333333333334;6.0;18.0;-12.0;6.0
3579;7.1033333333333335;6.0;17.0;-11.0;6.0
3589;7.123333333333333;6.0;18.0;-12.0;6.0
3599;7.243333333333333;6.0;16.0;-10.0;6.0
3609;7.14;6.0;22.0;-16.0;6.0
3619;6.916666666666667;6.0;16.0;-10.0;6.0
3629;7.126666666666667;6.0;18.0;-12.0;6.0
3639;7.0633333333333335;6.0;18.0;-12.0;6.0
3649;7.08;6.0;18.0;-12.0;6.0
3659;6.98;6.0;18.0;-12.0;6.0
3669;7.09;6.0;17.0;-11.0;6.0
3679;7.123333333333333;6.0;18.0;-12.0;6.0
3689;7.216666666666667;6.0;15.0;-9.0;6.0
3699;6.8933333333333335;6.0;18.0;-12.0;6.0
3709;7.14;6.0;18.0;-12.0;6.0
3719;7.0633333333333335;6.0;18.0;-12.0;6.0
3729;7.046666666666667;6.0;19.0;-13.0;6.0
3739;6.956666666666667;6.0;18.0;-12.0;6.0
3749;7.193333333333333;6.0;18.0;-12.0;6.0
3759;7.1866666666666665;6.0;17.0;-11.0;6.0
3769;7.306666666666667;6.0;18.0;-12.0;6.0
3779;7.113333333333333;6.0;18.0;-12.0;6.0
3789;7.193333333333333;6.0;21.0;-15.0;6.0
3799;6.99;6.0;17.0;-11.0;6.0
3809;6.96;6.0;14.0;-8.0;6.0
3819;7.426666666666667;6.0;18.0;-12.0;6.0
3829;7.286666666666667;6.0;22.0;-16.0;6.0
3839;6.933333333333334;6.0;16.0;-10.0;6.0
3849;6.98;6.0;16.0;-10.0;6.0
3859;6.976666666666667;6.0;17.0;-11.0;6.0
3869;6.993333333333333;6.0;16.0;-10.0;6.0
3879;7.14;6.0;18.0;-12.0;6.0
3889;7.133333333333334;6.0;18.0;-12.0;6.0
3899;7.256666666666667;6.0;17.0;-11.0;6.0
3909;7.183333333333334;6.0;18.0;-12.0;6.0
3919;6.993333333333333;6.0;16.0;-10.0;6.0
3929;6.98;6.0;18.0;-12.0;6.0
3939;6.94;6.0;18.0;-12.0;6.0
3949;7.176666666666667;6.0;18.0;-12.0;6.0
3959;6.986666666666666;6.0;20.0;-14.0;6.0
3969;7.0;6.0;16.0;-10.0;6.0
3979;7.07;6.0;17.0;-11.0;6.0
3989;7.093333333333334;6.0;22.0;-16.0;6.0
3999;7.053333333333334;6.0;18.0;-12.0;6.0
4009;7.136666666666667;6.0;18.0;-12.0;6.0
4019;7.22;6.0;18.0;-12.0;6.0
4029;7.406666666666666;6.0;18.0;-12.0;6.0
4039;6.973333333333334;6.0;18.0;-12.0;6.0
4049;6.84;6.0;18.0;-12.0;6.0
4059;7.0633333333333335;6.0;18.0;-12.0;6.0
4069;7.02;6.0;18.0;-12.0;6.0
4079;7.31;6.0;18.0;-12.0;6.0
4089;6.916666666666667;6.0;18.0;-12.0;6.0
4099;6.743333333333333;6.0;21.0;-15.0;6.0
4109;7.156666666666666;6.0;18.0;-12.0;6.0
4119;7.116666666666666;6.0;18.0;-12.0;6.0
4129;7.153333333333333;6.0;18.0;-12.0;6.0
4139;6.923333333333333;6.0;18.0;-12.0;6.0
4149;7.026666666666666;6.0;18.0;-12.0;6.0
4159;7.076666666666667;6.0;18.0;-12.0;6.0
4169;7.1433333333333335;6.0;23.0;-17.0;6.0
4179;7.013333333333334;6.0;17.0;-11.0;6.0
4189;6.953333333333333;6.0;18.0;-12.0;6.0
4199;7.226666666666667;6.0;17.0;-11.0;6.0
4209;6.99;6.0;17.0;-11.0;6.0
4219;7.223333333333334;6.0;18.0;-12.0;6.0
4229;7.04;6.0;16.0;-10.0;6.0
4239;7.136666666666667;6.0;18.0;-12.0;6.0
4249;7.256666666666667;6.0;18.0;-12.0;6.0
4259;7.09;6.0;20.0;-14.0;6.0
4269;7.163333333333333;6.0;16.0;-10.0;6.0
4279;7.076666666666667;6.0;20.0;-14.0;6.0
4289;7.02;6.0;18.0;-12.0;6.0
4299;6.976666666666667;6.0;17.0;-11.0;6.0
4309;7.19;6.0;17.0;-11.0;6.0
4319;7.073333333333333;6.0;18.0;-12.0;6.0
4329;6.823333333333333;6.0;17.0;-11.0;6.0
4339;7.0633333333333335;6.0;17.0;-11.0;6.0
4349;7.206666666666667;6.0;18.0;-12.0;6.0
4359;7.04;6.0;16.0;-10.0;6.0
4369;7.036666666666667;6.0;18.0;-12.0;6.0
4379;7.02;6.0;16.0;-10.0;6.0
4389;6.92;6.0;17.0;-11.0;6.0
4399;7.11;6.0;20.0;-14.0;6.0
4409;7.116666666666666;6.0;18.0;-12.0;6.0
4419;6.96;6.0;20.0;-14.0;6.0
4429;7.043333333333333;6.0;17.0;-11.0;6.0
4439;7.336666666666667;6.0;18.0;-12.0;6.0
4449;7.17;6.0;18.0;-12.0;6.0
4459;7.053333333333334;6.0;18.0;-12.0;6.0
4469;6.87;6.0;18.0;-12.0;6.0
4479;7.093333333333334;6.0;18.0;-12.0;6.0
4489;6.953333333333333;6.0;18.0;-12.0;6.0
4499;7.3566666666666665;6.0;18.0;-12.0;6.0
4509;6.96;6.0;18.0;-12.0;6.0
4519;7.066666666666666;6.0;18.0;-12.0;6.0
4529;7.05;6.0;16.0;-10.0;6.0
4539;7.263333333333334;6.0;19.0;-13.0;6.0
4549;7.24;6.0;20.0;-14.0;6.0
4559;7.053333333333334;6.0;18.0;-12.0;6.0
4569;7.173333333333333;6.0;23.0;-17.0;6.0
4579;6.993333333333333;6.0;17.0;-11.0;6.0
4589;7.27;6.0;18.0;-12.0;6.0
4599;6.98;6.0;17.0;-11.0;6.0
4609;6.996666666666667;6.0;18.0;-12.0;6.0
4619;6.91;6.0;16.0;-10.0;6.0
4629;7.15;6.0;18.0;-12.0;6.0
4639;7.126666666666667;6.0;18.0;-12.0;6.0
4649;7.1866666666666665;6.0;18.0;-12.0;6.0
4659;6.95;6.0;16.0;-10.0;6.0
4669;7.026666666666666;6.0;16.0;-10.0;6.0
4679;7.323333333333333;6.0;18.0;-12.0;6.0
4689;7.33;6.0;18.0;-12.0;6.0
4699;6.866666666666666;6.0;18.0;-12.0;6.0
4709;7.04;6.0;18.0;-12.0;6.0
4719;7.013333333333334;6.0;17.0;-11.0;6.0
4729;7.066666666666666;6.0;18.0;-12.0;6.0
4739;6.903333333333333;6.0;18.0;-12.0;6.0
4749;7.076666666666667;6.0;19.0;-13.0;6.0
4759;7.1033333333333335;6.0;18.0;-12.0;6.0
4769;7.34;6.0;21.0;-15.0;6.0
4779;7.126666666666667;6.0;18.0;-12.0;6.0
4789;7.07;6.0;18.0;-12.0;6.0
4799;7.136666666666667;6.0;18.0;-12.0;6.0
4809;7.076666666666667;6.0;18.0;-12.0;6.0
4819;7.11;6.0;18.0;-12.0;6.0
4829;7.05;6.0;18.0;-12.0;6.0
4839;6.816666666666666;6.0;18.0;-12.0;6.0
4849;7.016666666666667;6.0;16.0;-10.0;6.0
4859;7.116666666666666;6.0;22.0;-16.0;6.0
4869;6.9366666666666665;6.0;18.0;-12.0;6.0
4879;6.8533333333333335;6.0;18.0;-12.0;6.0
4889;6.99;6.0;18.0;-12.0;6.0
4899;7.003333333333333;6.0;18.0;-12.0;6.0
4909;7.21;6.0;18.0;-12.0;6.0
4919;6.963333333333333;6.0;16.0;-10.0;6.0
4929;6.87;6.0;16.0;-10.0;6.0
4939;7.156666666666666;6.0;18.0;-12.0;6.0
4949;6.94;6.0;18.0;-12.0;6.0
4959;6.95;6.0;19.0;-13.0;6.0
4969;7.06;6.0;18.0;-12.0;6.0
4979;6.866666666666666;6.0;15.0;-9.0;6.0
4989;7.036666666666667;6.0;18.0;-12.0;6.0
4999;7.1433333333333335;6.0;18.0;-12.0;6.0
5009;7.083333333333333;6.0;18.0;-12.0;6.0
5019;6.83;6.0;16.0;-10.0;6.0
5029;6.83;6.0;18.0;-12.0;6.0
5039;7.1433333333333335;6.0;23.0;-17.0;6.0
5049;7.123333333333333;6.0;21.0;-15.0;6.0
5059;6.8966666666666665;6.0;17.0;-11.0;6.0
5069;6.92;6.0;16.0;-10.0;6.0
5079;6.996666666666667;6.0;16.0;-10.0;6.0
5089;7.053333333333334;6.0;17.0;-11.0;6.0
5099;7.136666666666667;6.0;18.0;-12.0;6.0
5109;7.05;6.0;16.0;-10.0;6.0
5119;7.2;6.0;19.0;-13.0;6.0
5129;6.963333333333333;6.0;16.0;-10.0;6.0
5139;7.176666666666667;6.0;14.0;-8.0;6.0
5149;7.153333333333333;6.0;17.0;-11.0;6.0
5159;7.266666666666667;6.0;18.0;-12.0;6.0
5169;7.04;6.0;18.0;-12.0;6.0
5179;6.89;6.0;15.0;-9.0;6.0
5189;6.963333333333333;6.0;22.0;-16.0;6.0
5199;7.01;6.0;17.0;-11.0;6.0
5209;7.263333333333334;6.0;18.0;-12.0;6.0
5219;6.923333333333333;6.0;17.0;-11.0;6.0
5229;7.11;6.0;18.0;-12.0;6.0
5239;7.043333333333333;6.0;22.0;-16.0;6.0
5249;6.97;6.0;18.0;-12.0;6.0
5259;7.06;6.0;19.0;-13.0;6.0
5269;7.223333333333334;6.0;18.0;-12.0;6.0
5279;7.17;6.0;18.0;-12.0;6.0
5289;7.1866666666666665;6.0;21.0;-15.0;6.0
5299;7.033333333333333;6.0;23.0;-17.0;6.0
5309;7.38;6.0;18.0;-12.0;6.0
5319;7.156666666666666;6.0;16.0;-10.0;6.0
5329;6.846666666666667;6.0;18.0;-12.0;6.0
5339;7.2;6.0;18.0;-12.0;6.0
5349;7.196666666666666;6.0;18.0;-12.0;6.0
5359;7.0;6.0;18.0;-12.0;6.0
5369;7.303333333333334;6.0;21.0;-15.0;6.0
5379;6.98;6.0;18.0;-12.0;6.0
5389;7.273333333333333;6.0;18.0;-12.0;6.0
5399;7.03;6.0;16.0;-10.0;6.0
5409;7.01;6.0;18.0;-12.0;6.0
5419;6.9;6.0;16.0;-10.0;6.0
5429;7.3;6.0;16.0;-10.0;6.0
5439;7.3566666666666665;6.0;18.0;-12.0;6.0
5449;7.206666666666667;6.0;18.0;-12.0;6.0
5459;7.153333333333333;6.0;18.0;-12.0;6.0
5469;7.1466666666666665;6.0;17.0;-11.0;6.0
5479;7.07;6.0;18.0;-12.0;6.0
5489;7.01;6.0;18.0;-12.0;6.0
5499;7.0633333333333335;6.0;18.0;-12.0;6.0
5509;6.99;6.0;16.0;-10.0;6.0
5519;7.073333333333333;6.0;18.0;-12.0;6.0
5529;7.056666666666667;6.0;18.0;-12.0;6.0
5539;7.003333333333333;6.0;18.0;-12.0;6.0
5549;7.21;6.0;18.0;-12.0;6.0
5559;6.886666666666667;6.0;20.0;-14.0;6.0
5569;7.336666666666667;6.0;18.0;-12.0;6.0
5579;7.1033333333333335;6.0;18.0;-12.0;6.0
5589;7.303333333333334;6.0;18.0;-12.0;6.0
5599;7.21;6.0;15.0;-9.0;6.0
5609;7.016666666666667;6.0;18.0;-12.0;6.0
5619;7.09;6.0;15.0;-9.0;6.0
5629;7.02;6.0;18.0;-12.0;6.0
5639;6.85;6.0;18.0;-12.0;6.0
5649;7.113333333333333;6.0;16.0;-10.0;6.0
5659;7.236666666666666;6.0;17.0;-11.0;6.0
5669;7.27;6.0;18.0;-12.0;6.0
5679;6.9;6.0;15.0;-9.0;6.0
5689;7.156666666666666;6.0;19.0;-13.0;6.0
5699;6.883333333333334;6.0;17.0;-11.0;6.0
5709;7.22;6.0;20.0;-14.0;6.0
5719;6.8;6.0;18.0;-12.0;6.0
5729;7.203333333333333;6.0;18.0;-12.0;6.0
5739;7.193333333333333;6.0;16.0;-10.0;6.0
5749;6.953333333333333;6.0;18.0;-12.0;6.0
5759;7.153333333333333;6.0;18.0;-12.0;6.0
5769;7.056666666666667;6.0;22.0;-16.0;6.0
5779;7.0633333333333335;6.0;21.0;-15.0;6.0
5789;7.086666666666667;6.0;18.0;-12.0;6.0
5799;7.346666666666667;6.0;18.0;-12.0;6.0
5809;7.283333333333333;6.0;18.0;-12.0;6.0
5819;7.25;6.0;18.0;-12.0;6.0
5829;7.216666666666667;6.0;16.0;-10.0;6.0
5839;7.13;6.0;18.0;-12.0;6.0
5849;7.216666666666667;6.0;17.0;-11.0;6.0
5859;7.276666666666666;6.0;15.0;-9.0;6.0
5869;7.093333333333334;6.0;17.0;-11.0;6.0
5879;6.983333333333333;6.0;18.0;-12.0;6.0
5889;6.886666666666667;6.0;17.0;-11.0;6.0
5899;7.26;6.0;18.0;-12.0;6.0
5909;7.15;6.0;18.0;-12.0;6.0
5919;7.14;6.0;16.0;-10.0;6.0
5929;7.206666666666667;6.0;23.0;-17.0;6.0
5939;7.036666666666667;6.0;18.0;-12.0;6.0
5949;7.036666666666667;6.0;15.0;-9.0;6.0
5959;7.073333333333333;6.0;17.0;-11.0;6.0
5969;7.06;6.0;18.0;-12.0;6.0
5979;6.99;6.0;18.0;-12.0;6.0
5989;6.85;6.0;23.0;-17.0;6.0
5999;7.19;6.0;18.0;-12.0;6.0
6009;6.773333333333333;6.0;15.0;-9.0;6.0
6019;6.836666666666667;6.0;18.0;-12.0;6.0
6029;6.946666666666666;6.0;18.0;-12.0;6.0
6039;7.133333333333334;6.0;16.0;-10.0;6.0
6049;7.123333333333333;6.0;18.0;-12.0;6.0
6059;7.14;6.0;18.0;-12.0;6.0
6069;7.2;6.0;18.0;-12.0;6.0
6079;7.26;6.0;18.0;-12.0;6.0
6089;7.0;6.0;17.0;-11.0;6.0
6099;7.4;6.0;18.0;-12.0;6.0
6109;7.226666666666667;6.0;16.0;-10.0;6.0
6119;7.003333333333333;6.0;18.0;-12.0;6.0
6129;6.903333333333333;6.0;18.0;-12.0;6.0
6139;6.916666666666667;6.0;18.0;-12.0;6.0
6149;7.253333333333333;6.0;20.0;-14.0;6.0
6159;7.056666666666667;6.0;18.0;-12.0;6.0
6169;6.816666666666666;6.0;21.0;-15.0;6.0
6179;7.133333333333334;6.0;18.0;-12.0;6.0
6189;7.206666666666667;6.0;18.0;-12.0;6.0
6199;6.88;6.0;15.0;-9.0;6.0
6209;6.993333333333333;6.0;17.0;-11.0;6.0
6219;7.05;6.0;18.0;-12.0;6.0
6229;7.013333333333334;6.0;18.0;-12.0;6.0
6239;7.136666666666667;6.0;17.0;-11.0;6.0
6249;7.08;6.0;18.0;-12.0;6.0
6259;6.953333333333333;6.0;18.0;-12.0;6.0
6269;7.26;6.0;18.0;-12.0;6.0
6279;7.453333333333333;6.0;28.0;-22.0;6.0
6289;7.373333333333333;6.0;18.0;-12.0;6.0
6299;7.033333333333333;6.0;18.0;-12.0;6.0
6309;7.233333333333333;6.0;18.0;-12.0;6.0
6319;4.24;3.0;15.0;-12.0;3.0
6329;4.246666666666667;3.0;16.0;-13.0;3.0
6339;4.086666666666667;3.0;16.0;-13.0;3.0
6349;4.09;3.0;21.0;-18.0;3.0
6359;3.8933333333333335;3.0;15.0;-12.0;3.0
6369;4.213333333333333;3.0;12.0;-9.0;3.0
6379;4.273333333333333;3.0;15.0;-12.0;3.0
6389;4.133333333333334;3.0;15.0;-12.0;3.0
6399;3.94;3.0;13.0;-10.0;3.0
6409;3.9833333333333334;3.0;13.0;-10.0;3.0
6419;4.05;3.0;15.0;-12.0;3.0
6429;4.41;3.0;19.0;-16.0;3.0
6439;4.03;3.0;15.0;-12.0;3.0
6449;4.1866666666666665;3.0;15.0;-12.0;3.0
6459;3.7;3.0;15.0;-12.0;3.0
6469;3.9633333333333334;3.0;15.0;-12.0;3.0
6479;3.9566666666666666;3.0;15.0;-12.0;3.0
6489;4.126666666666667;3.0;15.0;-12.0;3.0
6499;4.1;3.0;15.0;-12.0;3.0
6509;4.1433333333333335;3.0;15.0;-12.0;3.0
6519;4.046666666666667;3.0;15.0;-12.0;3.0
6529;4.196666666666666;3.0;14.0;-11.0;3.0
6539;4.383333333333334;3.0;15.0;-12.0;3.0
6549;4.08;3.0;20.0;-17.0;3.0
6559;3.9266666666666667;3.0;15.0;-12.0;3.0
6569;3.9166666666666665;3.0;15.0;-12.0;3.0
6579;4.173333333333333;3.0;15.0;-12.0;3.0
6589;4.223333333333334;3.0;14.0;-11.0;3.0
6599;4.153333333333333;3.0;15.0;-12.0;3.0
6609;4.213333333333333;3.0;15.0;-12.0;3.0
6619;4.296666666666667;3.0;19.0;-16.0;3.0
6629;4.046666666666667;3.0;20.0;-17.0;3.0
6639;4.076666666666667;3.0;15.0;-12.0;3.0
6649;4.126666666666667;3.0;16.0;-13.0;3.0
6659;4.193333333333333;3.0;15.0;-12.0;3.0
6669;3.98;3.0;12.0;-9.0;3.0
6679;4.403333333333333;3.0;16.0;-13.0;3.0
6689;4.153333333333333;3.0;15.0;-12.0;3.0
6699;4.16;3.0;14.0;-11.0;3.0
6709;4.206666666666667;3.0;15.0;-12.0;3.0
6719;3.97;3.0;13.0;-10.0;3.0
6729;4.03;3.0;20.0;-17.0;3.0
6739;3.9966666666666666;3.0;18.0;-15.0;3.0
6749;4.373333333333333;3.0;15.0;-12.0;3.0
6759;4.173333333333333;3.0;14.0;-11.0;3.0
6769;4.1066666666666665;3.0;15.0;-12.0;3.0
6779;4.123333333333333;3.0;14.0;-11.0;3.0
6789;4.003333333333333;3.0;21.0;-18.0;3.0
6799;4.053333333333334;3.0;14.0;-11.0;3.0
6809;4.453333333333333;3.0;14.0;-11.0;3.0
6819;4.41;3.0;19.0;-16.0;3.0
6829;4.14;3.0;15.0;-12.0;3.0
6839;4.286666666666667;3.0;15.0;-12.0;3.0
6849;4.12;3.0;14.0;-11.0;3.0
6859;4.073333333333333;3.0;15.0;-12.0;3.0
6869;3.9966666666666666;3.0;13.0;-10.0;3.0
6879;4.176666666666667;3.0;15.0;-12.0;3.0
6889;4.043333333333333;3.0;15.0;-12.0;3.0
6899;4.163333333333333;3.0;15.0;-12.0;3.0
6909;4.176666666666667;3.0;15.0;-12.0;3.0
6919;3.9366666666666665;3.0;15.0;-12.0;3.0
6929;4.413333333333333;3.0;15.0;-12.0;3.0
6939;4.493333333333333;3.0;15.0;-12.0;3.0
6949;4.123333333333333;3.0;15.0;-12.0;3.0
6959;4.24;3.0;15.0;-12.0;3.0
6969;4.11;3.0;15.0;-12.0;3.0
6979;4.196666666666666;3.0;15.0;-12.0;3.0
6989;4.09;3.0;15.0;-12.0;3.0
6999;4.176666666666667;3.0;15.0;-12.0;3.0
7009;4.473333333333334;3.0;15.0;-12.0;3.0
7019;4.133333333333334;3.0;15.0;-12.0;3.0
7029;3.99;3.0;15.0;-12.0;3.0
7039;4.163333333333333;3.0;14.0;-11.0;3.0
7049;4.053333333333334;3.0;14.0;-11.0;3.0
7059;4.25;3.0;15.0;-12.0;3.0
7069;4.14;3.0;15.0;-12.0;3.0
7079;4.156666666666666;3.0;15.0;-12.0;3.0
7089;4.08;3.0;15.0;-12.0;3.0
7099;4.323333333333333;3.0;14.0;-11.0;3.0
7109;4.24;3.0;13.0;-10.0;3.0
7119;4.293333333333333;3.0;19.0;-16.0;3.0
7129;4.026666666666666;3.0;12.0;-9.0;3.0
7139;4.29;3.0;18.0;-15.0;3.0
7149;4.026666666666666;3.0;15.0;-12.0;3.0
7159;4.306666666666667;3.0;15.0;-12.0;3.0
7169;4.246666666666667;3.0;15.0;-12.0;3.0
7179;4.09;3.0;15.0;-12.0;3.0
7189;3.9366666666666665;3.0;15.0;-12.0;3.0
7199;4.18;3.0;15.0;-12.0;3.0
7209;3.9566666666666666;3.0;13.0;-10.0;3.0
7219;4.216666666666667;3.0;16.0;-13.0;3.0
7229;4.27;3.0;18.0;-15.0;3.0
7239;4.1466666666666665;3.0;15.0;-12.0;3.0
7249;3.9966666666666666;3.0;15.0;-12.0;3.0
7259;3.9166666666666665;3.0;15.0;-12.0;3.0
7269;4.3566666666666665;3.0;15.0;-12.0;3.0
7279;4.35;3.0;15.0;-12.0;3.0
7289;4.336666666666667;3.0;15.0;-12.0;3.0
7299;4.196666666666666;3.0;15.0;-12.0;3.0
7309;4.093333333333334;3.0;15.0;-12.0;3.0
7319;3.8333333333333335;3.0;15.0;-12.0;3.0
7329;4.243333333333333;3.0;15.0;-12.0;3.0
7339;4.24;3.0;15.0;-12.0;3.0
7349;4.136666666666667;3.0;15.0;-12.0;3.0
7359;4.02;3.0;15.0;-12.0;3.0
7369;4.016666666666667;3.0;15.0;-12.0;3.0
7379;4.133333333333334;3.0;15.0;-12.0;3.0
7389;4.026666666666666;3.0;15.0;-12.0;3.0
7399;4.296666666666667;3.0;15.0;-12.0;3.0
7409;4.193333333333333;3.0;15.0;-12.0;3.0
7419;4.273333333333333;3.0;18.0;-15.0;3.0
7429;4.07;3.0;15.0;-12.0;3.0
7439;4.036666666666667;3.0;15.0;-12.0;3.0
7449;4.223333333333334;3.0;15.0;-12.0;3.0
7459;3.9;3.0;15.0;-12.0;3.0
7469;4.293333333333333;3.0;16.0;-13.0;3.0
7479;4.21;3.0;15.0;-12.0;3.0
7489;4.036666666666667;3.0;15.0;-12.0;3.0
7499;4.05;3.0;15.0;-12.0;3.0
7509;4.286666666666667;3.0;18.0;-15.0;3.0
7519;4.093333333333334;3.0;15.0;-12.0;3.0
7529;4.116666666666666;3.0;14.0;-11.0;3.0
7539;4.17;3.0;15.0;-12.0;3.0
7549;4.18;3.0;15.0;-12.0;3.0
7559;3.986666666666667;3.0;15.0;-12.0;3.0
7569;4.076666666666667;3.0;20.0;-17.0;3.0
7579;4.06;3.0;17.0;-14.0;3.0
7589;4.166666666666667;3.0;15.0;-12.0;3.0
7599;4.033333333333333;3.0;15.0;-12.0;3.0
7609;4.273333333333333;3.0;15.0;-12.0;3.0
7619;4.376666666666667;3.0;15.0;-12.0;3.0
7629;4.126666666666667;3.0;16.0;-13.0;3.0
7639;4.4;3.0;17.0;-14.0;3.0
7649;4.133333333333334;3.0;15.0;-12.0;3.0
7659;4.166666666666667;3.0;13.0;-10.0;3.0
7669;4.273333333333333;3.0;14.0;-11.0;3.0
7679;4.29;3.0;15.0;-12.0;3.0
7689;4.193333333333333;3.0;18.0;-15.0;3.0
7699;4.1433333333333335;3.0;15.0;-12.0;3.0
7709;4.323333333333333;3.0;15.0;-12.0;3.0
7719;4.06;3.0;15.0;-12.0;3.0
7729;3.8766666666666665;3.0;14.0;-11.0;3.0
7739;4.07;3.0;15.0;-12.0;3.0
7749;4.17;3.0;15.0;-12.0;3.0
7759;4.386666666666667;3.0;15.0;-12.0;3.0
7769;4.09;3.0;15.0;-12.0;3.0
7779;4.3533333333333335;3.0;15.0;-12.0;3.0
7789;4.113333333333333;3.0;14.0;-11.0;3.0
7799;4.23;3.0;15.0;-12.0;3.0
7809;4.073333333333333;3.0;15.0;-12.0;3.0
7819;4.176666666666667;3.0;15.0;-12.0;3.0
7829;4.086666666666667;3.0;15.0;-12.0;3.0
7839;4.213333333333333;3.0;16.0;-13.0;3.0
7849;4.136666666666667;3.0;15.0;-12.0;3.0
7859;3.9466666666666668;3.0;14.0;-11.0;3.0
7869;4.0633333333333335;3.0;15.0;-12.0;3.0
7879;4.003333333333333;3.0;14.0;-11.0;3.0
7889;4.256666666666667;3.0;15.0;-12.0;3.0
7899;4.07;3.0;15.0;-12.0;3.0
7909;4.166666666666667;3.0;17.0;-14.0;3.0
7919;4.056666666666667;3.0;15.0;-12.0;3.0
7929;4.02;3.0;12.0;-9.0;3.0
7939;4.16;3.0;15.0;-12.0;3.0
7949;4.136666666666667;3.0;19.0;-16.0;3.0
7959;4.21;3.0;15.0;-12.0;3.0
7969;3.966666666666667;3.0;13.0;-10.0;3.0
7979;3.9566666666666666;3.0;15.0;-12.0;3.0
7989;4.21;3.0;15.0;-12.0;3.0
7999;4.18;3.0;15.0;-12.0;3.0
8009;3.8666666666666667;3.0;15.0;-12.0;3.0
8019;4.07;3.0;15.0;-12.0;3.0
8029;4.25;3.0;18.0;-15.0;3.0
8039;4.16;3.0;15.0;-12.0;3.0
8049;4.123333333333333;3.0;13.0;-10.0;3.0
8059;4.156666666666666;3.0;15.0;-12.0;3.0
8069;3.9433333333333334;3.0;15.0;-12.0;3.0
8079;4.18;3.0;15.0;-12.0;3.0
8089;4.323333333333333;3.0;15.0;-12.0;3.0
8099;4.17;3.0;20.0;-17.0;3.0
8109;4.183333333333334;3.0;15.0;-12.0;3.0
8119;4.3533333333333335;3.0;15.0;-12.0;3.0
8129;4.26;3.0;15.0;-12.0;3.0
8139;4.43;3.0;15.0;-12.0;3.0
8149;3.9433333333333334;3.0;15.0;-12.0;3.0
8159;3.9833333333333334;3.0;14.0;-11.0;3.0
8169;4.19;3.0;15.0;-12.0;3.0
8179;4.17;3.0;21.0;-18.0;3.0
8189;4.223333333333334;3.0;15.0;-12.0;3.0
8199;4.133333333333334;3.0;15.0;-12.0;3.0
8209;4.076666666666667;3.0;15.0;-12.0;3.0
8219;4.3933333333333335;3.0;17.0;-14.0;3.0
8229;4.113333333333333;3.0;15.0;-12.0;3.0
8239;4.123333333333333;3.0;14.0;-11.0;3.0
8249;4.12;3.0;15.0;-12.0;3.0
8259;3.953333333333333;3.0;14.0;-11.0;3.0
8269;4.256666666666667;3.0;13.0;-10.0;3.0
8279;4.343333333333334;3.0;13.0;-10.0;3.0
8289;4.023333333333333;3.0;13.0;-10.0;3.0
8299;4.153333333333333;3.0;13.0;-10.0;3.0
8309;4.3;3.0;15.0;-12.0;3.0
8319;4.09;3.0;15.0;-12.0;3.0
8329;3.98;3.0;15.0;-12.0;3.0
8339;4.16;3.0;15.0;-12.0;3.0
8349;4.123333333333333;3.0;15.0;-12.0;3.0
8359;4.096666666666667;3.0;15.0;-12.0;3.0
8369;3.973333333333333;3.0;15.0;-12.0;3.0
8379;4.203333333333333;3.0;14.0;-11.0;3.0
8389;4.056666666666667;3.0;15.0;-12.0;3.0
8399;4.24;3.0;15.0;-12.0;3.0
8409;4.093333333333334;3.0;15.0;-12.0;3.0
8419;3.9966666666666666;3.0;15.0;-12.0;3.0
8429;4.156666666666666;3.0;14.0;-11.0;3.0
8439;4.09;3.0;13.0;-10.0;3.0
8449;4.266666666666667;3.0;15.0;-12.0;3.0
8459;3.9466666666666668;3.0;12.0;-9.0;3.0
8469;4.213333333333333;3.0;15.0;-12.0;3.0
8479;3.98;3.0;15.0;-12.0;3.0
8489;3.9466666666666668;3.0;15.0;-12.0;3.0
8499;4.003333333333333;3.0;15.0;-12.0;3.0
8509;4.253333333333333;3.0;12.0;-9.0;3.0
8519;4.383333333333334;3.0;19.0;-16.0;3.0
8529;4.33;3.0;15.0;-12.0;3.0
8539;4.233333333333333;3.0;15.0;-12.0;3.0
8549;4.136666666666667;3.0;15.0;-12.0;3.0
8559;3.94;3.0;18.0;-15.0;3.0
8569;4.116666666666666;3.0;15.0;-12.0;3.0
8579;4.023333333333333;3.0;15.0;-12.0;3.0
8589;4.263333333333334;3.0;16.0;-13.0;3.0
8599;4.203333333333333;3.0;15.0;-12.0;3.0
8609;3.95;3.0;13.0;-10.0;3.0
8619;3.8966666666666665;3.0;15.0;-12.0;3.0
8629;4.07;3.0;15.0;-12.0;3.0
8639;4.026666666666666;3.0;21.0;-18.0;3.0
8649;4.04;3.0;19.0;-16.0;3.0
8659;4.066666666666666;3.0;15.0;-12.0;3.0
8669;4.216666666666667;3.0;17.0;-14.0;3.0
8679;4.306666666666667;3.0;15.0;-12.0;3.0
8689;4.226666666666667;3.0;14.0;-11.0;3.0
8699;4.296666666666667;3.0;14.0;-11.0;3.0
8709;4.1866666666666665;3.0;20.0;-17.0;3.0
8719;4.01;3.0;17.0;-14.0;3.0
8729;3.9133333333333336;3.0;14.0;-11.0;3.0
8739;4.256666666666667;3.0;15.0;-12.0;3.0
8749;4.03;3.0;15.0;-12.0;3.0
8759;3.9966666666666666;3.0;14.0;-11.0;3.0
8769;4.1066666666666665;3.0;14.0;-11.0;3.0
8779;4.006666666666667;3.0;15.0;-12.0;3.0
8789;4.1033333333333335;3.0;15.0;-12.0;3.0
8799;4.096666666666667;3.0;14.0;-11.0;3.0
8809;4.113333333333333;3.0;12.0;-9.0;3.0
8819;4.153333333333333;3.0;15.0;-12.0;3.0
8829;4.13;3.0;15.0;-12.0;3.0
8839;4.576666666666667;3.0;15.0;-12.0;3.0
8849;4.303333333333334;3.0;15.0;-12.0;3.0
8859;4.193333333333333;3.0;13.0;-10.0;3.0
8869;3.75;3.0;15.0;-12.0;3.0
8879;4.03;3.0;15.0;-12.0;3.0
8889;4.056666666666667;3.0;15.0;-12.0;3.0
8899;4.193333333333333;3.0;15.0;-12.0;3.0
8909;4.046666666666667;3.0;13.0;-10.0;3.0
8919;3.9766666666666666;3.0;13.0;-10.0;3.0
8929;4.263333333333334;3.0;20.0;-17.0;3.0
8939;3.9;3.0;15.0;-12.0;3.0
8949;4.236666666666666;3.0;15.0;-12.0;3.0
8959;3.8266666666666667;3.0;15.0;-12.0;3.0
8969;4.056666666666667;3.0;15.0;-12.0;3.0
8979;4.196666666666666;3.0;15.0;-12.0;3.0
8989;4.22;3.0;15.0;-12.0;3.0
8999;4.15;3.0;15.0;-12.0;3.0
9009;4.43;3.0;21.0;-18.0;3.0
9019;3.97;3.0;13.0;-10.0;3.0
9029;4.243333333333333;3.0;14.0;-11.0;3.0
9039;4.043333333333333;3.0;14.0;-11.0;3.0
9049;4.326666666666667;3.0;14.0;-11.0;3.0
9059;4.02;3.0;15.0;-12.0;3.0
9069;3.933333333333333;3.0;17.0;-14.0;3.0
9079;4.0;3.0;15.0;-12.0;3.0
9089;3.723333333333333;3.0;12.0;-9.0;3.0
9099;4.1033333333333335;3.0;15.0;-12.0;3.0
9109;3.9033333333333333;3.0;14.0;-11.0;3.0
9119;4.016666666666667;3.0;12.0;-9.0;3.0
9129;4.31;3.0;14.0;-11.0;3.0
9139;4.316666666666666;3.0;15.0;-12.0;3.0
9149;3.84;3.0;17.0;-14.0;3.0
9159;3.91;3.0;15.0;-12.0;3.0
9169;4.03;3.0;14.0;-11.0;3.0
9179;4.04;3.0;15.0;-12.0;3.0
9189;4.253333333333333;3.0;15.0;-12.0;3.0
9199;4.04;3.0;15.0;-12.0;3.0
9209;4.086666666666667;3.0;15.0;-12.0;3.0
9219;4.0;3.0;15.0;-12.0;3.0
9229;4.14;3.0;15.0;-12.0;3.0
9239;4.226666666666667;3.0;13.0;-10.0;3.0
9249;4.306666666666667;3.0;15.0;-12.0;3.0
9259;4.066666666666666;3.0;15.0;-12.0;3.0
9269;4.04;3.0;15.0;-12.0;3.0
9279;4.213333333333333;3.0;15.0;-12.0;3.0
9289;4.28;3.0;19.0;-16.0;3.0
9299;3.99;3.0;15.0;-12.0;3.0
9309;4.1433333333333335;3.0;14.0;-11.0;3.0
9319;4.03;3.0;16.0;-13.0;3.0
9329;4.066666666666666;3.0;15.0;-12.0;3.0
9339;4.18;3.0;13.0;-10.0;3.0
9349;4.296666666666667;3.0;15.0;-12.0;3.0
9359;4.016666666666667;3.0;14.0;-11.0;3.0
9369;4.1033333333333335;3.0;15.0;-12.0;3.0
9379;3.83;3.0;14.0;-11.0;3.0
9389;4.25;3.0;15.0;-12.0;3.0
9399;4.216666666666667;3.0;15.0;-12.0;3.0
9409;4.233333333333333;3.0;15.0;-12.0;3.0
9419;4.246666666666667;3.0;15.0;-12.0;3.0
9429;4.283333333333333;3.0;15.0;-12.0;3.0
9439;4.1;3.0;15.0;-12.0;3.0
9449;4.243333333333333;3.0;15.0;-12.0;3.0
9459;3.8866666666666667;3.0;15.0;-12.0;3.0
9469;4.31;3.0;15.0;-12.0;3.0
9479;3.9566666666666666;3.0;14.0;-11.0;3.0
9489;4.073333333333333;3.0;15.0;-12.0;3.0
9499;4.066666666666666;3.0;13.0;-10.0;3.0
9509;4.14;3.0;14.0;-11.0;3.0
9519;3.8966666666666665;3.0;15.0;-12.0;3.0
9529;4.203333333333333;3.0;14.0;-11.0;3.0
9539;4.286666666666667;3.0;13.0;-10.0;3.0
9549;4.22;3.0;15.0;-12.0;3.0
9559;4.133333333333334;3.0;15.0;-12.0;3.0
9569;4.18;3.0;14.0;-11.0;3.0
9579;3.9233333333333333;3.0;17.0;-14.0;3.0
9589;4.226666666666667;3.0;15.0;-12.0;3.0
9599;4.253333333333333;3.0;15.0;-12.0;3.0
9609;4.166666666666667;3.0;16.0;-13.0;3.0
9619;4.1;3.0;13.0;-10.0;3.0
9629;4.116666666666666;3.0;13.0;-10.0;3.0
9639;4.183333333333334;3.0;14.0;-11.0;3.0
9649;4.05;3.0;15.0;-12.0;3.0
9659;4.276666666666666;3.0;21.0;-18.0;3.0
9669;3.953333333333333;3.0;11.0;-8.0;3.0
9679;3.966666666666667;3.0;15.0;-12.0;3.0
9689;4.316666666666666;3.0;14.0;-11.0;3.0
9699;4.193333333333333;3.0;15.0;-12.0;3.0
9709;4.086666666666667;3.0;19.0;-16.0;3.0
9719;4.173333333333333;3.0;14.0;-11.0;3.0
9729;4.01;3.0;21.0;-18.0;3.0
9739;4.003333333333333;3.0;13.0;-10.0;3.0
9749;4.2;3.0;15.0;-12.0;3.0
9759;3.986666666666667;3.0;15.0;-12.0;3.0
9769;3.9833333333333334;3.0;15.0;-12.0;3.0
9779;4.04;3.0;15.0;-12.0;3.0
9789;4.1866666666666665;3.0;13.0;-10.0;3.0
9799;4.443333333333333;3.0;15.0;-12.0;3.0
9809;4.116666666666666;3.0;15.0;-12.0;3.0
9819;4.096666666666667;3.0;15.0;-12.0;3.0
9829;4.28;3.0;15.0;-12.0;3.0
9839;3.9633333333333334;3.0;10.0;-7.0;3.0
9849;4.1;3.0;15.0;-12.0;3.0
9859;4.14;3.0;15.0;-12.0;3.0
9869;4.156666666666666;3.0;15.0;-12.0;3.0
9879;4.296666666666667;3.0;15.0;-12.0;3.0
9889;3.986666666666667;3.0;15.0;-12.0;3.0
9899;4.293333333333333;3.0;18.0;-15.0;3.0
9909;4.0633333333333335;3.0;16.0;-13.0;3.0
9919;3.9766666666666666;3.0;15.0;-12.0;3.0
9929;4.126666666666667;3.0;15.0;-12.0;3.0
9939;4.08;3.0;21.0;-18.0;3.0
9949;4.09;3.0;14.0;-11.0;3.0
9959;4.1466666666666665;3.0;15.0;-12.0;3.0
9969;4.34;3.0;21.0;-18.0;3.0
9979;4.536666666666667;3.0;15.0;-12.0;3.0
9989;3.94;3.0;14.0;-11.0;3.0
9999;4.163333333333333;3.0;15.0;-12.0;3.0
10009;3.9633333333333334;3.0;14.0;-11.0;3.0
10019;3.86;3.0;15.0;-12.0;3.0
10029;3.9166666666666665;3.0;15.0;-12.0;3.0
10039;3.8766666666666665;3.0;14.0;-11.0;3.0
10049;4.25;3.0;15.0;-12.0;3.0
10059;4.133333333333334;3.0;15.0;-12.0;3.0
10069;4.083333333333333;3.0;14.0;-11.0;3.0
10079;4.246666666666667;3.0;15.0;-12.0;3.0
10089;4.093333333333334;3.0;14.0;-11.0;3.0
10099;4.156666666666666;3.0;14.0;-11.0;3.0
10109;4.12;3.0;15.0;-12.0;3.0
10119;4.04;3.0;15.0;-12.0;3.0
10129;3.99;3.0;21.0;-18.0;3.0
10139;4.08;3.0;15.0;-12.0;3.0
10149;4.066666666666666;3.0;15.0;-12.0;3.0
10159;4.166666666666667;3.0;15.0;-12.0;3.0
10169;4.226666666666667;3.0;15.0;-12.0;3.0
10179;4.096666666666667;3.0;15.0;-12.0;3.0
10189;4.206666666666667;3.0;15.0;-12.0;3.0
10199;4.156666666666666;3.0;15.0;-12.0;3.0
10209;4.1466666666666665;3.0;13.0;-10.0;3.0
10219;3.9966666666666666;3.0;15.0;-12.0;3.0
10229;4.013333333333334;3.0;14.0;-11.0;3.0
10239;4.113333333333333;3.0;15.0;-12.0;3.0
10249;4.336666666666667;3.0;15.0;-12.0;3.0
10259;4.193333333333333;3.0;15.0;-12.0;3.0
10269;4.16;3.0;21.0;-18.0;3.0
10279;4.053333333333334;3.0;15.0;-12.0;3.0
10289;4.09;3.0;14.0;-11.0;3.0
10299;4.443333333333333;3.0;15.0;-12.0;3.0
10309;4.34;3.0;15.0;-12.0;3.0
10319;4.093333333333334;3.0;15.0;-12.0;3.0
10329;3.9566666666666666;3.0;14.0;-11.0;3.0
10339;4.14;3.0;14.0;-11.0;3.0
10349;3.9633333333333334;3.0;14.0;-11.0;3.0
10359;3.97;3.0;15.0;-12.0;3.0
10369;4.216666666666667;3.0;21.0;-18.0;3.0
10379;4.2;3.0;15.0;-12.0;3.0
10389;4.113333333333333;3.0;15.0;-12.0;3.0
10399;4.193333333333333;3.0;15.0;-12.0;3.0
10409;4.3966666666666665;3.0;15.0;-12.0;3.0
10419;4.196666666666666;3.0;15.0;-12.0;3.0
10429;4.333333333333333;3.0;15.0;-12.0;3.0
10439;4.046666666666667;3.0;15.0;-12.0;3.0
10449;4.156666666666666;3.0;15.0;-12.0;3.0
10459;4.256666666666667;3.0;17.0;-14.0;3.0
10469;4.066666666666666;3.0;19.0;-16.0;3.0
10479;4.216666666666667;3.0;17.0;-14.0;3.0
10489;3.973333333333333;3.0;15.0;-12.0;3.0
10499;4.3533333333333335;3.0;15.0;-12.0;3.0
10509;4.296666666666667;3.0;15.0;-12.0;3.0
10519;4.133333333333334;3.0;19.0;-16.0;3.0
10529;4.113333333333333;3.0;18.0;-15.0;3.0
10539;4.05;3.0;14.0;-11.0;3.0
10549;4.233333333333333;3.0;15.0;-12.0;3.0
10559;4.076666666666667;3.0;17.0;-14.0;3.0
10569;4.246666666666667;3.0;19.0;-16.0;3.0
10579;4.223333333333334;3.0;15.0;-12.0;3.0
10589;4.39;3.0;14.0;-11.0;3.0
10599;4.203333333333333;3.0;15.0;-12.0;3.0
10609;4.1033333333333335;3.0;15.0;-12.0;3.0
10619;4.116666666666666;3.0;20.0;-17.0;3.0
10629;4.01;3.0;12.0;-9.0;3.0
10639;4.3933333333333335;3.0;15.0;-12.0;3.0
10649;4.053333333333334;3.0;15.0;-12.0;3.0
10659;4.493333333333333;3.0;15.0;-12.0;3.0
10669;4.1;3.0;17.0;-14.0;3.0
10679;4.1866666666666665;3.0;15.0;-12.0;3.0
10689;4.416666666666667;3.0;15.0;-12.0;3.0
10699;4.41;3.0;21.0;-18.0;3.0
10709;4.1066666666666665;3.0;17.0;-14.0;3.0
10719;4.056666666666667;3.0;14.0;-11.0;3.0
10729;4.016666666666667;3.0;17.0;-14.0;3.0
10739;3.966666666666667;3.0;15.0;-12.0;3.0
10749;4.18;3.0;19.0;-16.0;3.0
10759;4.1066666666666665;3.0;15.0;-12.0;3.0
10769;3.8433333333333333;3.0;20.0;-17.0;3.0
10779;4.1433333333333335;3.0;13.0;-10.0;3.0
10789;4.01;3.0;13.0;-10.0;3.0
10799;4.08;3.0;13.0;-10.0;3.0
10809;4.316666666666666;3.0;17.0;-14.0;3.0
10819;4.133333333333334;3.0;15.0;-12.0;3.0
10829;4.2;3.0;15.0;-12.0;3.0
10839;3.9433333333333334;3.0;9.0;-6.0;3.0
10849;3.993333333333333;3.0;15.0;-12.0;3.0
10859;4.413333333333333;3.0;15.0;-12.0;3.0
10869;4.193333333333333;3.0;21.0;-18.0;3.0
10879;3.9466666666666668;3.0;14.0;-11.0;3.0
10889;4.046666666666667;3.0;15.0;-12.0;3.0
10899;3.93;3.0;14.0;-11.0;3.0
10909;4.3;3.0;15.0;-12.0;3.0
10919;3.8733333333333335;3.0;13.0;-10.0;3.0
10929;4.123333333333333;3.0;13.0;-10.0;3.0
10939;4.19;3.0;15.0;-12.0;3.0
10949;3.9833333333333334;3.0;15.0;-12.0;3.0
10959;4.12;3.0;15.0;-12.0;3.0
10969;4.016666666666667;3.0;13.0;-10.0;3.0
10979;3.7;3.0;14.0;-11.0;3.0
10989;3.98;3.0;15.0;-12.0;3.0
10999;4.056666666666667;3.0;15.0;-12.0;3.0
11009;4.04;3.0;17.0;-14.0;3.0
11019;4.046666666666667;3.0;13.0;-10.0;3.0
11029;4.13;3.0;20.0;-17.0;3.0
11039;4.156666666666666;3.0;15.0;-12.0;3.0
11049;4.14;3.0;15.0;-12.0;3.0
11059;4.11;3.0;18.0;-15.0;3.0
11069;4.1033333333333335;3.0;15.0;-12.0;3.0
11079;4.18;3.0;15.0;-12.0;3.0
11089;4.22;3.0;15.0;-12.0;3.0
11099;4.156666666666666;3.0;17.0;-14.0;3.0
11109;3.9433333333333334;3.0;12.0;-9.0;3.0
11119;4.093333333333334;3.0;15.0;-12.0;3.0
11129;4.153333333333333;3.0;13.0;-10.0;3.0
11139;4.346666666666667;3.0;15.0;-12.0;3.0
11149;3.8933333333333335;3.0;15.0;-12.0;3.0
11159;4.026666666666666;3.0;15.0;-12.0;3.0
11169;4.25;3.0;15.0;-12.0;3.0
11179;4.133333333333334;3.0;15.0;-12.0;3.0
11189;4.013333333333334;3.0;13.0;-10.0;3.0
11199;4.16;3.0;15.0;-12.0;3.0
11209;4.183333333333334;3.0;15.0;-12.0;3.0
11219;4.09;3.0;15.0;-12.0;3.0
11229;4.193333333333333;3.0;14.0;-11.0;3.0
11239;4.23;3.0;15.0;-12.0;3.0
11249;4.296666666666667;3.0;15.0;-12.0;3.0
11259;3.8933333333333335;3.0;14.0;-11.0;3.0
11269;4.173333333333333;3.0;21.0;-18.0;3.0
11279;4.156666666666666;3.0;15.0;-12.0;3.0
11289;3.9766666666666666;3.0;11.0;-8.0;3.0
11299;4.123333333333333;3.0;14.0;-11.0;3.0
11309;3.8933333333333335;3.0;14.0;-11.0;3.0
11319;3.9766666666666666;3.0;13.0;-10.0;3.0
11329;4.14;3.0;15.0;-12.0;3.0
11339;4.206666666666667;3.0;13.0;-10.0;3.0
11349;4.093333333333334;3.0;15.0;-12.0;3.0
11359;4.363333333333333;3.0;14.0;-11.0;3.0
11369;4.116666666666666;3.0;14.0;-11.0;3.0
11379;4.08;3.0;15.0;-12.0;3.0
11389;4.243333333333333;3.0;15.0;-12.0;3.0
11399;3.92;3.0;15.0;-12.0;3.0
11409;4.11;3.0;15.0;-12.0;3.0
11419;4.253333333333333;3.0;15.0;-12.0;3.0
11429;4.3566666666666665;3.0;15.0;-12.0;3.0
11439;4.14;3.0;14.0;-11.0;3.0
11449;4.38;3.0;19.0;-16.0;3.0
11459;4.026666666666666;3.0;15.0;-12.0;3.0
11469;4.173333333333333;3.0;15.0;-12.0;3.0
11479;4.283333333333333;3.0;19.0;-16.0;3.0
11489;4.1433333333333335;3.0;15.0;-12.0;3.0
11499;4.27;3.0;16.0;-13.0;3.0
11509;4.1033333333333335;3.0;18.0;-15.0;3.0
11519;4.01;3.0;15.0;-12.0;3.0
11529;4.0;3.0;15.0;-12.0;3.0
11539;4.123333333333333;3.0;13.0;-10.0;3.0
11549;4.1866666666666665;3.0;15.0;-12.0;3.0
11559;4.203333333333333;3.0;15.0;-12.0;3.0
11569;4.123333333333333;3.0;15.0;-12.0;3.0
11579;4.156666666666666;3.0;15.0;-12.0;3.0
11589;4.293333333333333;3.0;15.0;-12.0;3.0
11599;4.04;3.0;13.0;-10.0;3.0
11609;4.253333333333333;3.0;15.0;-12.0;3.0
11619;4.336666666666667;3.0;21.0;-18.0;3.0
11629;4.23;3.0;15.0;-12.0;3.0
11639;4.066666666666666;3.0;14.0;-11.0;3.0
11649;4.056666666666667;3.0;15.0;-12.0;3.0
11659;4.023333333333333;3.0;14.0;-11.0;3.0
11669;4.33;3.0;15.0;-12.0;3.0
11679;3.8666666666666667;3.0;14.0;-11.0;3.0
11689;3.8033333333333332;3.0;15.0;-12.0;3.0
11699;4.133333333333334;3.0;13.0;-10.0;3.0
11709;4.1466666666666665;3.0;15.0;-12.0;3.0
11719;4.04;3.0;14.0;-11.0;3.0
11729;4.18;3.0;15.0;-12.0;3.0
11739;4.233333333333333;3.0;19.0;-16.0;3.0
11749;4.05;3.0;15.0;-12.0;3.0
11759;4.053333333333334;3.0;15.0;-12.0;3.0
11769;3.85;3.0;15.0;-12.0;3.0
11779;4.076666666666667;3.0;21.0;-18.0;3.0
11789;3.92;3.0;13.0;-10.0;3.0
11799;3.993333333333333;3.0;15.0;-12.0;3.0
11809;4.26;3.0;17.0;-14.0;3.0
11819;4.07;3.0;12.0;-9.0;3.0
11829;4.013333333333334;3.0;16.0;-13.0;3.0
11839;4.34;3.0;17.0;-14.0;3.0
11849;4.33;3.0;15.0;-12.0;3.0
11859;3.99;3.0;15.0;-12.0;3.0
11869;4.176666666666667;3.0;15.0;-12.0;3.0
11879;4.033333333333333;3.0;15.0;-12.0;3.0
11889;4.126666666666667;3.0;15.0;-12.0;3.0
11899;3.8433333333333333;3.0;15.0;-12.0;3.0
11909;4.4;3.0;15.0;-12.0;3.0
11919;4.3966666666666665;3.0;19.0;-16.0;3.0
11929;4.303333333333334;3.0;18.0;-15.0;3.0
11939;4.196666666666666;3.0;15.0;-12.0;3.0
11949;4.226666666666667;3.0;20.0;-17.0;3.0
11959;4.1433333333333335;3.0;15.0;-12.0;3.0
11969;4.133333333333334;3.0;16.0;-13.0;3.0
11979;4.15;3.0;15.0;-12.0;3.0
11989;3.88;3.0;14.0;-11.0;3.0
11999;4.17;3.0;15.0;-12.0;3.0
12009;4.136666666666667;3.0;15.0;-12.0;3.0
12019;4.1466666666666665;3.0;18.0;-15.0;3.0
12029;4.22;3.0;17.0;-14.0;3.0
12039;3.9633333333333334;3.0;13.0;-10.0;3.0
12049;4.016666666666667;3.0;15.0;-12.0;3.0
12059;4.226666666666667;3.0;15.0;-12.0;3.0
12069;4.0633333333333335;3.0;15.0;-12.0;3.0
12079;4.19;3.0;15.0;-12.0;3.0
12089;4.266666666666667;3.0;15.0;-12.0;3.0
12099;4.263333333333334;3.0;15.0;-12.0;3.0
12109;4.18;3.0;19.0;-16.0;3.0
12119;4.01;3.0;15.0;-12.0;3.0
12129;4.3133333333333335;3.0;17.0;-14.0;3.0
12139;4.08;3.0;15.0;-12.0;3.0
12149;4.086666666666667;3.0;16.0;-13.0;3.0
12159;4.24;3.0;15.0;-12.0;3.0
12169;3.993333333333333;3.0;15.0;-12.0;3.0
12179;4.153333333333333;3.0;15.0;-12.0;3.0
12189;4.3;3.0;18.0;-15.0;3.0
12199;4.183333333333334;3.0;18.0;-15.0;3.0
12209;3.9166666666666665;3.0;13.0;-10.0;3.0
12219;4.056666666666667;3.0;14.0;-11.0;3.0
12229;4.323333333333333;3.0;15.0;-12.0;3.0
12239;4.236666666666666;3.0;15.0;-12.0;3.0
12249;4.326666666666667;3.0;17.0;-14.0;3.0
12259;3.8933333333333335;3.0;15.0;-12.0;3.0
12269;4.3133333333333335;3.0;15.0;-12.0;3.0
12279;3.8333333333333335;3.0;17.0;-14.0;3.0
12289;4.116666666666666;3.0;15.0;-12.0;3.0
12299;4.343333333333334;3.0;16.0;-13.0;3.0
12309;4.09;3.0;14.0;-11.0;3.0
12319;4.023333333333333;3.0;14.0;-11.0;3.0
12329;4.08;3.0;15.0;-12.0;3.0
12339;4.326666666666667;3.0;15.0;-12.0;3.0
12349;3.98;3.0;15.0;-12.0;3.0
12359;3.9;3.0;15.0;-12.0;3.0
12369;4.273333333333333;3.0;15.0;-12.0;3.0
12379;3.9133333333333336;3.0;15.0;-12.0;3.0
12389;4.35;3.0;15.0;-12.0;3.0
12399;4.206666666666667;3.0;15.0;-12.0;3.0
12409;4.1433333333333335;3.0;15.0;-12.0;3.0
12419;4.256666666666667;3.0;15.0;-12.0;3.0
12429;4.09;3.0;15.0;-12.0;3.0
12439;4.206666666666667;3.0;15.0;-12.0;3.0
12449;4.14;3.0;17.0;-14.0;3.0
12459;4.23;3.0;16.0;-13.0;3.0
12469;3.9033333333333333;3.0;15.0;-12.0;3.0
12479;4.163333333333333;3.0;15.0;-12.0;3.0
12489;3.953333333333333;3.0;15.0;-12.0;3.0
12499;4.17;3.0;15.0;-12.0;3.0
12509;4.036666666666667;3.0;13.0;-10.0;3.0
12519;4.1466666666666665;3.0;18.0;-15.0;3.0
12529;4.263333333333334;3.0;14.0;-11.0;3.0
12539;4.123333333333333;3.0;15.0;-12.0;3.0
12549;4.07;3.0;15.0;-12.0;3.0
12559;4.17;3.0;21.0;-18.0;3.0
12569;4.166666666666667;3.0;15.0;-12.0;3.0
12579;4.136666666666667;3.0;20.0;-17.0;3.0
12589;4.273333333333333;3.0;15.0;-12.0;3.0
12599;4.386666666666667;3.0;15.0;-12.0;3.0
12609;4.0;3.0;15.0;-12.0;3.0
12619;4.093333333333334;3.0;15.0;-12.0;3.0
12629;4.016666666666667;3.0;15.0;-12.0;3.0
12639;3.9433333333333334;3.0;14.0;-11.0;3.0
12649;4.223333333333334;3.0;15.0;-12.0;3.0
12659;4.093333333333334;3.0;15.0;-12.0;3.0
12669;4.003333333333333;3.0;21.0;-18.0;3.0
12679;4.283333333333333;3.0;15.0;-12.0;3.0
12689;4.276666666666666;3.0;14.0;-11.0;3.0
12699;4.296666666666667;3.0;15.0;-12.0;3.0
12709;4.326666666666667;3.0;15.0;-12.0;3.0
12719;3.8966666666666665;3.0;15.0;-12.0;3.0
12729;4.273333333333333;3.0;15.0;-12.0;3.0
12739;3.9833333333333334;3.0;14.0;-11.0;3.0
12749;4.36;3.0;15.0;-12.0;3.0
12759;4.376666666666667;3.0;21.0;-18.0;3.0
12769;4.193333333333333;3.0;15.0;-12.0;3.0
12779;4.056666666666667;3.0;16.0;-13.0;3.0
12789;4.1;3.0;18.0;-15.0;3.0
12799;4.07;3.0;15.0;-12.0;3.0
12809;4.12;3.0;13.0;-10.0;3.0
12819;4.27;3.0;15.0;-12.0;3.0
12829;4.19;3.0;13.0;-10.0;3.0
12839;4.163333333333333;3.0;15.0;-12.0;3.0
12849;4.066666666666666;3.0;15.0;-12.0;3.0
12859;4.003333333333333;3.0;15.0;-12.0;3.0
12869;3.9233333333333333;3.0;21.0;-18.0;3.0
12879;4.07;3.0;13.0;-10.0;3.0
12889;4.036666666666667;3.0;15.0;-12.0;3.0
12899;4.323333333333333;3.0;21.0;-18.0;3.0
12909;4.173333333333333;3.0;15.0;-12.0;3.0
12919;4.263333333333334;3.0;15.0;-12.0;3.0
12929;4.223333333333334;3.0;18.0;-15.0;3.0
12939;4.373333333333333;3.0;16.0;-13.0;3.0
12949;4.303333333333334;3.0;16.0;-13.0;3.0
12959;3.9266666666666667;3.0;15.0;-12.0;3.0
12969;4.213333333333333;3.0;17.0;-14.0;3.0
12979;4.11;3.0;15.0;-12.0;3.0
12989;4.013333333333334;3.0;16.0;-13.0;3.0
12999;4.08;3.0;14.0;-11.0;3.0
13009;3.97;3.0;14.0;-11.0;3.0
13019;4.116666666666666;3.0;15.0;-12.0;3.0
13029;4.12;3.0;15.0;-12.0;3.0
13039;4.13;3.0;14.0;-11.0;3.0
13049;4.403333333333333;3.0;18.0;-15.0;3.0
13059;3.8766666666666665;3.0;14.0;-11.0;3.0
13069;4.293333333333333;3.0;17.0;-14.0;3.0
13079;3.9833333333333334;3.0;15.0;-12.0;3.0
13089;3.83;3.0;15.0;-12.0;3.0
13099;3.97;3.0;12.0;-9.0;3.0
13109;4.166666666666667;3.0;16.0;-13.0;3.0
13119;4.016666666666667;3.0;15.0;-12.0;3.0
13129;4.1433333333333335;3.0;15.0;-12.0;3.0
13139;3.99;3.0;15.0;-12.0;3.0
13149;4.223333333333334;3.0;15.0;-12.0;3.0
13159;4.183333333333334;3.0;17.0;-14.0;3.0
13169;3.9266666666666667;3.0;15.0;-12.0;3.0
13179;4.07;3.0;15.0;-12.0;3.0
13189;4.213333333333333;3.0;17.0;-14.0;3.0
13199;3.99;3.0;15.0;-12.0;3.0
13209;4.123333333333333;3.0;15.0;-12.0;3.0
13219;4.1066666666666665;3.0;15.0;-12.0;3.0
13229;4.1866666666666665;3.0;19.0;-16.0;3.0
13239;4.156666666666666;3.0;15.0;-12.0;3.0
13249;4.093333333333334;3.0;15.0;-12.0;3.0
13259;4.236666666666666;3.0;15.0;-12.0;3.0
13269;4.263333333333334;3.0;20.0;-17.0;3.0
13279;4.25;3.0;16.0;-13.0;3.0
13289;4.08;3.0;15.0;-12.0;3.0
13299;3.89;3.0;14.0;-11.0;3.0
13309;4.073333333333333;3.0;15.0;-12.0;3.0
13319;4.22;3.0;14.0;-11.0;3.0
13329;4.426666666666667;3.0;15.0;-12.0;3.0
13339;4.26;3.0;15.0;-12.0;3.0
13349;4.016666666666667;3.0;15.0;-12.0;3.0
13359;4.03;3.0;13.0;-10.0;3.0
13369;4.1066666666666665;3.0;12.0;-9.0;3.0
13379;4.113333333333333;3.0;15.0;-12.0;3.0
13389;4.25;3.0;15.0;-12.0;3.0
13399;4.093333333333334;3.0;16.0;-13.0;3.0
13409;4.043333333333333;3.0;15.0;-12.0;3.0
13419;4.3;3.0;15.0;-12.0;3.0
13429;4.226666666666667;3.0;15.0;-12.0;3.0
13439;4.19;3.0;15.0;-12.0;3.0
13449;4.023333333333333;3.0;15.0;-12.0;3.0
13459;4.043333333333333;3.0;15.0;-12.0;3.0
13469;4.243333333333333;3.0;15.0;-12.0;3.0
13479;4.2;3.0;17.0;-14.0;3.0
13489;4.07;3.0;18.0;-15.0;3.0
13499;4.126666666666667;3.0;15.0;-12.0;3.0
13509;4.246666666666667;3.0;13.0;-10.0;3.0
13519;4.133333333333334;3.0;15.0;-12.0;3.0
13529;4.33;3.0;15.0;-12.0;3.0
13539;4.006666666666667;3.0;15.0;-12.0;3.0
13549;4.07;3.0;14.0;-11.0;3.0
13559;4.086666666666667;3.0;15.0;-12.0;3.0
13569;4.2;3.0;15.0;-12.0;3.0
13579;4.22;3.0;15.0;-12.0;3.0
13589;3.92;3.0;9.0;-6.0;3.0
13599;3.7733333333333334;3.0;14.0;-11.0;3.0
13609;4.053333333333334;3.0;14.0;-11.0;3.0
13619;4.13;3.0;15.0;-12.0;3.0
13629;4.083333333333333;3.0;15.0;-12.0;3.0
13639;4.09;3.0;15.0;-12.0;3.0
13649;4.166666666666667;3.0;15.0;-12.0;3.0
13659;4.1433333333333335;3.0;15.0;-12.0;3.0
13669;4.14;3.0;16.0;-13.0;3.0
13679;4.263333333333334;3.0;21.0;-18.0;3.0
13689;4.093333333333334;3.0;14.0;-11.0;3.0
13699;4.026666666666666;3.0;14.0;-11.0;3.0
13709;4.053333333333334;3.0;14.0;-11.0;3.0
13719;4.193333333333333;3.0;15.0;-12.0;3.0
13729;4.093333333333334;3.0;15.0;-12.0;3.0
13739;4.326666666666667;3.0;18.0;-15.0;3.0
13749;4.323333333333333;3.0;21.0;-18.0;3.0
13759;4.296666666666667;3.0;15.0;-12.0;3.0
13769;4.28;3.0;15.0;-12.0;3.0
13779;4.1;3.0;15.0;-12.0;3.0
13789;4.166666666666667;3.0;20.0;-17.0;3.0
13799;4.223333333333334;3.0;15.0;-12.0;3.0
13809;4.0;3.0;13.0;-10.0;3.0
13819;4.016666666666667;3.0;18.0;-15.0;3.0
13829;3.9766666666666666;3.0;15.0;-12.0;3.0
13839;4.1866666666666665;3.0;15.0;-12.0;3.0
13849;4.326666666666667;3.0;15.0;-12.0;3.0
13859;4.336666666666667;3.0;14.0;-11.0;3.0
13869;4.183333333333334;3.0;13.0;-10.0;3.0
13879;4.08;3.0;15.0;-12.0;3.0
13889;4.296666666666667;3.0;15.0;-12.0;3.0
13899;4.31;3.0;15.0;-12.0;3.0
13909;4.076666666666667;3.0;15.0;-12.0;3.0
13919;4.03;3.0;13.0;-10.0;3.0
13929;4.1466666666666665;3.0;13.0;-10.0;3.0
13939;3.98;3.0;15.0;-12.0;3.0
13949;4.096666666666667;3.0;17.0;-14.0;3.0
13959;3.9766666666666666;3.0;15.0;-12.0;3.0
13969;3.9633333333333334;3.0;11.0;-8.0;3.0
13979;4.23;3.0;21.0;-18.0;3.0
13989;4.1;3.0;15.0;-12.0;3.0
13999;4.076666666666667;3.0;15.0;-12.0;3.0
14009;4.06;3.0;15.0;-12.0;3.0
14019;3.88;3.0;15.0;-12.0;3.0
14029;4.023333333333333;3.0;18.0;-15.0;3.0
14039;4.0633333333333335;3.0;15.0;-12.0;3.0
14049;4.196666666666666;3.0;14.0;-11.0;3.0
14059;4.033333333333333;3.0;18.0;-15.0;3.0
14069;4.193333333333333;3.0;15.0;-12.0;3.0
14079;4.046666666666667;3.0;15.0;-12.0;3.0
14089;4.213333333333333;3.0;17.0;-14.0;3.0
14099;4.206666666666667;3.0;15.0;-12.0;3.0
14109;4.3;3.0;15.0;-12.0;3.0
14119;4.026666666666666;3.0;15.0;-12.0;3.0
14129;4.073333333333333;3.0;13.0;-10.0;3.0
14139;4.253333333333333;3.0;15.0;-12.0;3.0
14149;3.9566666666666666;3.0;15.0;-12.0;3.0
14159;4.326666666666667;3.0;15.0;-12.0;3.0
14169;4.196666666666666;3.0;15.0;-12.0;3.0
14179;4.003333333333333;3.0;16.0;-13.0;3.0
14189;4.31;3.0;17.0;-14.0;3.0
14199;3.9233333333333333;3.0;15.0;-12.0;3.0
14209;4.196666666666666;3.0;14.0;-11.0;3.0
14219;4.3933333333333335;3.0;15.0;-12.0;3.0
14229;4.02;3.0;15.0;-12.0;3.0
14239;4.043333333333333;3.0;13.0;-10.0;3.0
14249;4.173333333333333;3.0;15.0;-12.0;3.0
14259;4.3;3.0;15.0;-12.0;3.0
14269;4.056666666666667;3.0;13.0;-10.0;3.0
14279;4.1;3.0;19.0;-16.0;3.0
14289;4.08;3.0;18.0;-15.0;3.0
14299;4.05;3.0;12.0;-9.0;3.0
14309;4.246666666666667;3.0;15.0;-12.0;3.0
14319;4.096666666666667;3.0;19.0;-16.0;3.0
14329;4.31;3.0;15.0;-12.0;3.0
14339;4.256666666666667;3.0;15.0;-12.0;3.0
14349;3.9033333333333333;3.0;18.0;-15.0;3.0
14359;3.8933333333333335;3.0;15.0;-12.0;3.0
14369;4.24;3.0;15.0;-12.0;3.0
14379;4.073333333333333;3.0;18.0;-15.0;3.0
14389;4.3533333333333335;3.0;18.0;-15.0;3.0
14399;4.306666666666667;3.0;20.0;-17.0;3.0
14409;4.2;3.0;15.0;-12.0;3.0
14419;4.196666666666666;3.0;15.0;-12.0;3.0
14429;4.02;3.0;15.0;-12.0;3.0
14439;4.516666666666667;3.0;16.0;-13.0;3.0
14449;4.01;3.0;15.0;-12.0;3.0
14459;4.07;3.0;15.0;-12.0;3.0
14469;4.316666666666666;3.0;15.0;-12.0;3.0
14479;4.086666666666667;3.0;15.0;-12.0;3.0
14489;4.18;3.0;15.0;-12.0;3.0
14499;4.226666666666667;3.0;15.0;-12.0;3.0
14509;4.19;3.0;15.0;-12.0;3.0
14519;4.12;3.0;15.0;-12.0;3.0
14529;4.406666666666666;3.0;15.0;-12.0;3.0
14539;4.1;3.0;15.0;-12.0;3.0
14549;4.006666666666667;3.0;15.0;-12.0;3.0
14559;4.05;3.0;15.0;-12.0;3.0
14569;4.156666666666666;3.0;15.0;-12.0;3.0
14579;4.066666666666666;3.0;14.0;-11.0;3.0
14589;3.8133333333333335;3.0;15.0;-12.0;3.0
14599;4.22;3.0;13.0;-10.0;3.0
14609;4.1033333333333335;3.0;14.0;-11.0;3.0
14619;4.08;3.0;13.0;-10.0;3.0
14629;3.8966666666666665;3.0;20.0;-17.0;3.0
14639;3.73;3.0;14.0;-11.0;3.0
14649;4.23;3.0;19.0;-16.0;3.0
14659;4.283333333333333;3.0;15.0;-12.0;3.0
14669;3.993333333333333;3.0;15.0;-12.0;3.0
14679;4.3933333333333335;3.0;14.0;-11.0;3.0
14689;4.083333333333333;3.0;15.0;-12.0;3.0
14699;4.2;3.0;15.0;-12.0;3.0
14709;4.09;3.0;15.0;-12.0;3.0
14719;4.113333333333333;3.0;18.0;-15.0;3.0
14729;4.08;3.0;15.0;-12.0;3.0
14739;4.136666666666667;3.0;15.0;-12.0;3.0
14749;4.25;3.0;13.0;-10.0;3.0
14759;4.41;3.0;15.0;-12.0;3.0
14769;4.23;3.0;14.0;-11.0;3.0
14779;4.13;3.0;15.0;-12.0;3.0
14789;4.076666666666667;3.0;15.0;-12.0;3.0
14799;4.036666666666667;3.0;15.0;-12.0;3.0
14809;4.286666666666667;3.0;15.0;-12.0;3.0
14819;4.18;3.0;15.0;-12.0;3.0
14829;4.053333333333334;3.0;15.0;-12.0;3.0
14839;4.176666666666667;3.0;15.0;-12.0;3.0
14849;4.18;3.0;16.0;-13.0;3.0
14859;4.1433333333333335;3.0;15.0;-12.0;3.0
14869;4.243333333333333;3.0;16.0;-13.0;3.0
14879;4.236666666666666;3.0;19.0;-16.0;3.0
14889;4.153333333333333;3.0;15.0;-12.0;3.0
14899;4.0;3.0;15.0;-12.0;3.0
14909;4.263333333333334;3.0;19.0;-16.0;3.0
14919;4.21;3.0;15.0;-12.0;3.0
14929;4.1066666666666665;3.0;15.0;-12.0;3.0
14939;4.253333333333333;3.0;15.0;-12.0;3.0
14949;4.31;3.0;15.0;-12.0;3.0
14959;4.12;3.0;10.0;-7.0;3.0
14969;3.96;3.0;14.0;-11.0;3.0
14979;4.3;3.0;15.0;-12.0;3.0
14989;4.126666666666667;3.0;15.0;-12.0;3.0
14999;4.3933333333333335;3.0;20.0;-17.0;3.0
