geracao;media da geracao;fitness do melhor da geracao;fitness do pior da geracao;relacao entre melhor e pior;fitness do melhor da run
Probabilidade Recombinação: 0.7
Probabilidade Mutação: 0.049999999999999996
Tipo de Selecção: Torneio
Tipo de Mutação: Simples
Tamanho População: 300
Máximo de Gerações: 15000
0;76.64;63.0;96.0;-33.0;63.0
0;68.72666666666667;58.0;79.0;-21.0;58.0
9;44.06333333333333;38.0;59.0;-21.0;38.0
19;32.24;25.0;43.0;-18.0;25.0
29;26.093333333333334;21.0;42.0;-21.0;21.0
39;24.783333333333335;18.0;36.0;-18.0;18.0
49;23.106666666666666;18.0;37.0;-19.0;18.0
59;23.16;17.0;35.0;-18.0;17.0
69;22.186666666666667;17.0;36.0;-19.0;17.0
79;21.226666666666667;15.0;35.0;-20.0;15.0
89;20.67;15.0;35.0;-20.0;15.0
99;20.403333333333332;15.0;29.0;-14.0;15.0
109;20.643333333333334;15.0;31.0;-16.0;15.0
119;20.7;15.0;32.0;-17.0;15.0
129;20.39;15.0;32.0;-17.0;15.0
139;20.386666666666667;14.0;33.0;-19.0;14.0
149;19.15;13.0;30.0;-17.0;13.0
159;19.223333333333333;13.0;31.0;-18.0;13.0
169;18.686666666666667;13.0;30.0;-17.0;13.0
179;18.823333333333334;13.0;33.0;-20.0;13.0
189;18.55666666666667;13.0;34.0;-21.0;13.0
199;19.196666666666665;13.0;32.0;-19.0;13.0
209;18.623333333333335;13.0;31.0;-18.0;13.0
219;18.543333333333333;13.0;30.0;-17.0;13.0
229;19.023333333333333;13.0;33.0;-20.0;13.0
239;18.69333333333333;13.0;30.0;-17.0;13.0
249;18.59;13.0;33.0;-20.0;13.0
259;18.8;13.0;32.0;-19.0;13.0
269;18.863333333333333;13.0;31.0;-18.0;13.0
279;18.716666666666665;13.0;29.0;-16.0;13.0
289;18.626666666666665;13.0;32.0;-19.0;13.0
299;18.866666666666667;13.0;30.0;-17.0;13.0
309;18.526666666666667;13.0;36.0;-23.0;13.0
319;18.533333333333335;13.0;29.0;-16.0;13.0
329;18.703333333333333;13.0;32.0;-19.0;13.0
339;18.936666666666667;13.0;31.0;-18.0;13.0
349;18.45;13.0;32.0;-19.0;13.0
359;18.766666666666666;13.0;34.0;-21.0;13.0
369;18.386666666666667;13.0;30.0;-17.0;13.0
379;18.366666666666667;13.0;28.0;-15.0;13.0
389;18.32;13.0;32.0;-19.0;13.0
399;18.62;13.0;30.0;-17.0;13.0
409;18.436666666666667;13.0;28.0;-15.0;13.0
419;18.77;13.0;32.0;-19.0;13.0
429;18.91;13.0;34.0;-21.0;13.0
439;18.75;13.0;29.0;-16.0;13.0
449;18.743333333333332;13.0;31.0;-18.0;13.0
459;18.546666666666667;13.0;34.0;-21.0;13.0
469;18.616666666666667;13.0;30.0;-17.0;13.0
479;18.41;13.0;31.0;-18.0;13.0
489;18.6;13.0;30.0;-17.0;13.0
499;18.55;12.0;31.0;-19.0;12.0
509;18.473333333333333;12.0;28.0;-16.0;12.0
519;17.89666666666667;12.0;30.0;-18.0;12.0
529;17.89;12.0;35.0;-23.0;12.0
539;17.843333333333334;12.0;33.0;-21.0;12.0
549;17.59;12.0;36.0;-24.0;12.0
559;18.0;12.0;29.0;-17.0;12.0
569;18.03;12.0;29.0;-17.0;12.0
579;18.06;12.0;32.0;-20.0;12.0
589;17.85;12.0;30.0;-18.0;12.0
599;17.833333333333332;12.0;29.0;-17.0;12.0
609;17.71;12.0;31.0;-19.0;12.0
619;17.886666666666667;12.0;30.0;-18.0;12.0
629;18.173333333333332;12.0;29.0;-17.0;12.0
639;17.253333333333334;11.0;31.0;-20.0;11.0
649;16.33;11.0;28.0;-17.0;11.0
659;17.34;11.0;31.0;-20.0;11.0
669;16.483333333333334;11.0;29.0;-18.0;11.0
679;16.843333333333334;11.0;30.0;-19.0;11.0
689;16.983333333333334;11.0;34.0;-23.0;11.0
699;16.663333333333334;11.0;32.0;-21.0;11.0
709;16.83;11.0;38.0;-27.0;11.0
719;16.716666666666665;11.0;27.0;-16.0;11.0
729;17.483333333333334;11.0;31.0;-20.0;11.0
739;17.116666666666667;11.0;39.0;-28.0;11.0
749;17.04;11.0;30.0;-19.0;11.0
759;16.986666666666668;11.0;26.0;-15.0;11.0
769;16.623333333333335;11.0;32.0;-21.0;11.0
779;16.953333333333333;11.0;28.0;-17.0;11.0
789;16.51;11.0;27.0;-16.0;11.0
799;17.04;11.0;30.0;-19.0;11.0
809;17.286666666666665;11.0;33.0;-22.0;11.0
819;16.873333333333335;11.0;27.0;-16.0;11.0
829;16.833333333333332;11.0;29.0;-18.0;11.0
839;16.63;11.0;30.0;-19.0;11.0
849;16.516666666666666;11.0;31.0;-20.0;11.0
859;17.183333333333334;11.0;28.0;-17.0;11.0
869;17.1;11.0;28.0;-17.0;11.0
879;17.086666666666666;11.0;31.0;-20.0;11.0
889;16.826666666666668;11.0;27.0;-16.0;11.0
899;16.383333333333333;11.0;29.0;-18.0;11.0
909;16.633333333333333;11.0;31.0;-20.0;11.0
919;17.67;11.0;28.0;-17.0;11.0
929;17.093333333333334;11.0;31.0;-20.0;11.0
939;17.086666666666666;11.0;27.0;-16.0;11.0
949;16.726666666666667;11.0;31.0;-20.0;11.0
959;17.026666666666667;11.0;34.0;-23.0;11.0
969;16.926666666666666;11.0;36.0;-25.0;11.0
979;17.01;11.0;29.0;-18.0;11.0
989;15.51;9.0;28.0;-19.0;9.0
999;14.65;9.0;25.0;-16.0;9.0
1009;15.193333333333333;9.0;32.0;-23.0;9.0
1019;14.806666666666667;9.0;29.0;-20.0;9.0
1029;15.386666666666667;9.0;33.0;-24.0;9.0
1039;14.8;9.0;27.0;-18.0;9.0
1049;15.486666666666666;9.0;31.0;-22.0;9.0
1059;15.373333333333333;9.0;30.0;-21.0;9.0
1069;14.893333333333333;9.0;28.0;-19.0;9.0
1079;14.643333333333333;9.0;26.0;-17.0;9.0
1089;15.42;9.0;30.0;-21.0;9.0
1099;14.873333333333333;9.0;32.0;-23.0;9.0
1109;15.05;9.0;25.0;-16.0;9.0
1119;14.87;9.0;29.0;-20.0;9.0
1129;15.05;9.0;30.0;-21.0;9.0
1139;15.223333333333333;9.0;29.0;-20.0;9.0
1149;15.453333333333333;9.0;31.0;-22.0;9.0
1159;15.273333333333333;9.0;27.0;-18.0;9.0
1169;15.02;9.0;28.0;-19.0;9.0
1179;14.896666666666667;9.0;26.0;-17.0;9.0
1189;15.976666666666667;9.0;30.0;-21.0;9.0
1199;15.06;9.0;31.0;-22.0;9.0
1209;15.663333333333334;9.0;30.0;-21.0;9.0
1219;15.093333333333334;9.0;29.0;-20.0;9.0
1229;15.276666666666667;9.0;33.0;-24.0;9.0
1239;14.986666666666666;9.0;26.0;-17.0;9.0
1249;15.16;9.0;27.0;-18.0;9.0
1259;15.24;9.0;28.0;-19.0;7.0
1269;14.386666666666667;9.0;28.0;-19.0;7.0
1279;15.186666666666667;9.0;27.0;-18.0;7.0
1289;15.206666666666667;9.0;32.0;-23.0;7.0
1299;15.243333333333334;9.0;30.0;-21.0;7.0
1309;15.336666666666666;9.0;27.0;-18.0;7.0
1319;15.523333333333333;9.0;29.0;-20.0;7.0
1329;14.92;9.0;27.0;-18.0;7.0
1339;15.26;9.0;31.0;-22.0;7.0
1349;15.206666666666667;7.0;27.0;-20.0;7.0
1359;13.566666666666666;7.0;25.0;-18.0;7.0
1369;13.78;7.0;29.0;-22.0;7.0
1379;13.04;7.0;26.0;-19.0;7.0
1389;13.24;7.0;29.0;-22.0;7.0
1399;13.693333333333333;7.0;26.0;-19.0;7.0
1409;13.196666666666667;7.0;26.0;-19.0;7.0
1419;13.66;7.0;28.0;-21.0;7.0
1429;13.646666666666667;7.0;25.0;-18.0;7.0
1439;13.39;7.0;31.0;-24.0;7.0
1449;13.186666666666667;7.0;26.0;-19.0;7.0
1459;13.47;7.0;25.0;-18.0;7.0
1469;13.636666666666667;7.0;25.0;-18.0;7.0
1479;12.893333333333333;7.0;23.0;-16.0;7.0
1489;13.54;7.0;26.0;-19.0;7.0
1499;13.733333333333333;7.0;24.0;-17.0;7.0
1509;13.46;7.0;27.0;-20.0;7.0
1519;13.946666666666667;7.0;26.0;-19.0;7.0
1529;13.43;7.0;27.0;-20.0;7.0
1539;13.7;7.0;28.0;-21.0;7.0
1549;12.786666666666667;7.0;26.0;-19.0;7.0
1559;13.113333333333333;7.0;28.0;-21.0;7.0
1569;13.183333333333334;7.0;27.0;-20.0;7.0
1579;13.123333333333333;7.0;26.0;-19.0;7.0
1589;13.303333333333333;7.0;25.0;-18.0;7.0
1599;13.146666666666667;7.0;27.0;-20.0;7.0
1609;13.223333333333333;7.0;28.0;-21.0;7.0
1619;13.75;7.0;27.0;-20.0;7.0
1629;13.49;7.0;27.0;-20.0;7.0
1639;13.043333333333333;7.0;25.0;-18.0;7.0
1649;13.493333333333334;7.0;26.0;-19.0;7.0
1659;13.13;7.0;25.0;-18.0;7.0
1669;13.136666666666667;7.0;24.0;-17.0;7.0
1679;12.816666666666666;7.0;23.0;-16.0;7.0
1689;13.363333333333333;7.0;30.0;-23.0;7.0
1699;13.02;7.0;23.0;-16.0;7.0
1709;12.933333333333334;7.0;25.0;-18.0;7.0
1719;13.103333333333333;7.0;26.0;-19.0;7.0
1729;13.206666666666667;7.0;27.0;-20.0;7.0
1739;13.456666666666667;7.0;25.0;-18.0;7.0
1749;12.873333333333333;7.0;25.0;-18.0;7.0
1759;13.66;7.0;30.0;-23.0;7.0
1769;13.18;7.0;24.0;-17.0;7.0
1779;13.466666666666667;7.0;28.0;-21.0;7.0
1789;13.56;7.0;33.0;-26.0;7.0
1799;13.37;7.0;27.0;-20.0;7.0
1809;13.41;7.0;26.0;-19.0;7.0
1819;13.246666666666666;7.0;25.0;-18.0;7.0
1829;13.863333333333333;7.0;27.0;-20.0;7.0
1839;13.586666666666666;7.0;25.0;-18.0;7.0
1849;13.503333333333334;7.0;24.0;-17.0;7.0
1859;13.416666666666666;7.0;26.0;-19.0;7.0
1869;13.096666666666666;7.0;27.0;-20.0;7.0
1879;13.5;7.0;26.0;-19.0;7.0
1889;13.793333333333333;7.0;29.0;-22.0;7.0
1899;13.453333333333333;7.0;33.0;-26.0;7.0
1909;13.326666666666666;7.0;28.0;-21.0;7.0
1919;13.27;7.0;23.0;-16.0;7.0
1929;13.583333333333334;7.0;25.0;-18.0;7.0
1939;13.773333333333333;7.0;27.0;-20.0;7.0
1949;13.413333333333334;7.0;30.0;-23.0;7.0
1959;13.45;7.0;28.0;-21.0;7.0
1969;13.35;7.0;29.0;-22.0;7.0
1979;13.253333333333334;7.0;25.0;-18.0;7.0
1989;13.76;7.0;26.0;-19.0;7.0
1999;13.173333333333334;7.0;26.0;-19.0;7.0
2009;13.746666666666666;7.0;27.0;-20.0;7.0
2019;13.156666666666666;7.0;31.0;-24.0;7.0
2029;13.263333333333334;7.0;24.0;-17.0;7.0
2039;13.64;7.0;28.0;-21.0;7.0
2049;13.243333333333334;7.0;24.0;-17.0;7.0
2059;13.23;7.0;31.0;-24.0;7.0
2069;13.673333333333334;7.0;25.0;-18.0;7.0
2079;13.56;7.0;26.0;-19.0;7.0
2089;13.73;7.0;29.0;-22.0;7.0
2099;13.523333333333333;7.0;29.0;-22.0;7.0
2109;13.576666666666666;7.0;27.0;-20.0;7.0
2119;13.733333333333333;7.0;28.0;-21.0;7.0
2129;13.5;7.0;28.0;-21.0;7.0
2139;13.46;7.0;28.0;-21.0;7.0
2149;13.953333333333333;7.0;36.0;-29.0;7.0
2159;13.74;7.0;28.0;-21.0;7.0
2169;13.893333333333333;7.0;30.0;-23.0;7.0
2179;13.866666666666667;7.0;26.0;-19.0;7.0
2189;13.7;7.0;26.0;-19.0;7.0
2199;13.556666666666667;7.0;31.0;-24.0;7.0
2209;13.4;7.0;25.0;-18.0;7.0
2219;13.61;7.0;26.0;-19.0;7.0
2229;13.166666666666666;7.0;26.0;-19.0;7.0
2239;13.506666666666666;7.0;29.0;-22.0;7.0
2249;13.683333333333334;7.0;31.0;-24.0;7.0
2259;13.203333333333333;7.0;27.0;-20.0;7.0
2269;13.516666666666667;7.0;25.0;-18.0;7.0
2279;13.906666666666666;7.0;27.0;-20.0;7.0
2289;13.183333333333334;7.0;26.0;-19.0;7.0
2299;13.21;7.0;28.0;-21.0;7.0
2309;13.583333333333334;7.0;34.0;-27.0;7.0
2319;13.53;7.0;29.0;-22.0;7.0
2329;13.26;7.0;30.0;-23.0;7.0
2339;13.283333333333333;7.0;25.0;-18.0;7.0
2349;13.51;7.0;26.0;-19.0;7.0
2359;12.636666666666667;7.0;24.0;-17.0;7.0
2369;13.403333333333334;7.0;26.0;-19.0;7.0
2379;13.013333333333334;7.0;23.0;-16.0;7.0
2389;13.41;7.0;28.0;-21.0;7.0
2399;13.443333333333333;7.0;28.0;-21.0;7.0
2409;13.53;7.0;26.0;-19.0;7.0
2419;13.653333333333334;7.0;31.0;-24.0;7.0
2429;13.363333333333333;7.0;31.0;-24.0;7.0
2439;13.576666666666666;7.0;27.0;-20.0;7.0
2449;13.75;7.0;26.0;-19.0;7.0
2459;13.386666666666667;7.0;29.0;-22.0;7.0
2469;13.413333333333334;7.0;24.0;-17.0;7.0
2479;13.28;7.0;26.0;-19.0;7.0
2489;12.95;7.0;26.0;-19.0;7.0
2499;13.303333333333333;7.0;30.0;-23.0;7.0
2509;13.926666666666666;7.0;29.0;-22.0;7.0
2519;13.63;7.0;27.0;-20.0;7.0
2529;13.61;7.0;30.0;-23.0;7.0
2539;13.526666666666667;7.0;24.0;-17.0;7.0
2549;13.21;7.0;26.0;-19.0;7.0
2559;13.546666666666667;7.0;27.0;-20.0;7.0
2569;13.056666666666667;7.0;26.0;-19.0;7.0
2579;13.34;7.0;27.0;-20.0;7.0
2589;12.966666666666667;7.0;23.0;-16.0;7.0
2599;13.64;7.0;27.0;-20.0;7.0
2609;13.31;7.0;29.0;-22.0;7.0
2619;13.6;7.0;25.0;-18.0;7.0
2629;13.466666666666667;7.0;31.0;-24.0;7.0
2639;13.163333333333334;7.0;28.0;-21.0;7.0
2649;13.713333333333333;7.0;27.0;-20.0;7.0
2659;13.566666666666666;7.0;25.0;-18.0;7.0
2669;13.47;7.0;28.0;-21.0;7.0
2679;13.103333333333333;7.0;26.0;-19.0;7.0
2689;12.923333333333334;7.0;27.0;-20.0;7.0
2699;13.24;7.0;25.0;-18.0;7.0
2709;13.613333333333333;7.0;27.0;-20.0;7.0
2719;13.336666666666666;7.0;31.0;-24.0;7.0
2729;13.66;7.0;26.0;-19.0;7.0
2739;13.543333333333333;7.0;30.0;-23.0;7.0
2749;13.75;7.0;31.0;-24.0;7.0
2759;13.45;7.0;26.0;-19.0;7.0
2769;13.13;7.0;27.0;-20.0;7.0
2779;13.47;7.0;24.0;-17.0;7.0
2789;13.213333333333333;7.0;27.0;-20.0;7.0
2799;13.476666666666667;7.0;25.0;-18.0;7.0
2809;13.47;7.0;29.0;-22.0;7.0
2819;13.26;7.0;26.0;-19.0;7.0
2829;13.12;7.0;25.0;-18.0;7.0
2839;13.62;7.0;35.0;-28.0;7.0
2849;13.31;7.0;26.0;-19.0;7.0
2859;13.346666666666666;7.0;30.0;-23.0;7.0
2869;13.536666666666667;7.0;26.0;-19.0;7.0
2879;13.346666666666666;7.0;26.0;-19.0;7.0
2889;13.69;7.0;23.0;-16.0;7.0
2899;13.69;7.0;28.0;-21.0;7.0
2909;13.63;7.0;30.0;-23.0;7.0
2919;13.28;7.0;27.0;-20.0;7.0
2929;13.973333333333333;7.0;26.0;-19.0;7.0
2939;13.273333333333333;7.0;31.0;-24.0;7.0
2949;12.813333333333333;7.0;24.0;-17.0;7.0
2959;12.926666666666666;7.0;24.0;-17.0;7.0
2969;13.65;7.0;34.0;-27.0;7.0
2979;13.586666666666666;7.0;31.0;-24.0;7.0
2989;13.4;7.0;26.0;-19.0;7.0
2999;13.2;7.0;27.0;-20.0;7.0
3009;13.383333333333333;7.0;28.0;-21.0;7.0
3019;13.766666666666667;7.0;24.0;-17.0;7.0
3029;13.446666666666667;7.0;25.0;-18.0;7.0
3039;13.783333333333333;7.0;27.0;-20.0;7.0
3049;13.09;7.0;26.0;-19.0;7.0
3059;13.526666666666667;7.0;27.0;-20.0;7.0
3069;13.57;7.0;31.0;-24.0;7.0
3079;13.203333333333333;7.0;28.0;-21.0;7.0
3089;12.916666666666666;7.0;23.0;-16.0;7.0
3099;12.92;7.0;27.0;-20.0;7.0
3109;13.573333333333334;7.0;28.0;-21.0;7.0
3119;13.28;7.0;26.0;-19.0;7.0
3129;13.226666666666667;7.0;27.0;-20.0;7.0
3139;13.553333333333333;7.0;33.0;-26.0;7.0
3149;12.89;7.0;30.0;-23.0;7.0
3159;13.596666666666666;7.0;26.0;-19.0;7.0
3169;13.826666666666666;7.0;28.0;-21.0;7.0
3179;13.46;7.0;26.0;-19.0;7.0
3189;13.493333333333334;7.0;30.0;-23.0;7.0
3199;13.386666666666667;7.0;34.0;-27.0;7.0
3209;13.436666666666667;7.0;25.0;-18.0;7.0
3219;13.17;7.0;30.0;-23.0;7.0
3229;13.13;7.0;26.0;-19.0;7.0
3239;13.356666666666667;7.0;26.0;-19.0;7.0
3249;13.81;7.0;25.0;-18.0;7.0
3259;13.636666666666667;7.0;27.0;-20.0;7.0
3269;13.283333333333333;7.0;25.0;-18.0;7.0
3279;13.443333333333333;7.0;25.0;-18.0;7.0
3289;13.18;7.0;29.0;-22.0;7.0
3299;13.35;7.0;25.0;-18.0;7.0
3309;13.726666666666667;7.0;27.0;-20.0;7.0
3319;13.283333333333333;7.0;27.0;-20.0;7.0
3329;13.516666666666667;7.0;26.0;-19.0;7.0
3339;13.71;7.0;31.0;-24.0;7.0
3349;13.393333333333333;7.0;25.0;-18.0;7.0
3359;14.05;7.0;29.0;-22.0;7.0
3369;12.796666666666667;7.0;25.0;-18.0;7.0
3379;13.41;7.0;30.0;-23.0;7.0
3389;13.33;7.0;26.0;-19.0;7.0
3399;13.396666666666667;7.0;25.0;-18.0;7.0
3409;13.143333333333333;7.0;28.0;-21.0;7.0
3419;13.206666666666667;7.0;25.0;-18.0;7.0
3429;13.413333333333334;7.0;30.0;-23.0;7.0
3439;14.06;7.0;25.0;-18.0;7.0
3449;13.19;7.0;28.0;-21.0;7.0
3459;13.5;7.0;30.0;-23.0;7.0
3469;13.196666666666667;7.0;22.0;-15.0;7.0
3479;12.926666666666666;7.0;23.0;-16.0;7.0
3489;13.32;7.0;26.0;-19.0;7.0
3499;13.06;7.0;34.0;-27.0;7.0
3509;13.836666666666666;7.0;26.0;-19.0;7.0
3519;13.33;7.0;26.0;-19.0;7.0
3529;13.08;7.0;22.0;-15.0;7.0
3539;13.633333333333333;7.0;31.0;-24.0;7.0
3549;13.293333333333333;7.0;29.0;-22.0;7.0
3559;12.89;7.0;27.0;-20.0;7.0
3569;13.12;7.0;29.0;-22.0;7.0
3579;13.506666666666666;7.0;28.0;-21.0;7.0
3589;13.246666666666666;7.0;25.0;-18.0;7.0
3599;13.666666666666666;7.0;26.0;-19.0;7.0
3609;13.056666666666667;7.0;24.0;-17.0;7.0
3619;13.39;7.0;23.0;-16.0;7.0
3629;13.51;7.0;26.0;-19.0;7.0
3639;13.483333333333333;7.0;25.0;-18.0;7.0
3649;12.956666666666667;7.0;26.0;-19.0;7.0
3659;13.856666666666667;7.0;28.0;-21.0;7.0
3669;13.44;7.0;25.0;-18.0;7.0
3679;13.24;7.0;28.0;-21.0;7.0
3689;13.79;7.0;30.0;-23.0;7.0
3699;13.09;7.0;30.0;-23.0;7.0
3709;12.926666666666666;7.0;28.0;-21.0;7.0
3719;13.53;7.0;29.0;-22.0;7.0
3729;13.783333333333333;7.0;26.0;-19.0;7.0
3739;13.143333333333333;7.0;27.0;-20.0;7.0
3749;14.003333333333334;7.0;31.0;-24.0;7.0
3759;13.596666666666666;7.0;28.0;-21.0;7.0
3769;13.486666666666666;7.0;30.0;-23.0;7.0
3779;13.77;7.0;28.0;-21.0;7.0
3789;13.403333333333334;7.0;25.0;-18.0;7.0
3799;13.7;7.0;26.0;-19.0;7.0
3809;12.856666666666667;7.0;29.0;-22.0;7.0
3819;13.12;7.0;25.0;-18.0;7.0
3829;13.78;7.0;24.0;-17.0;7.0
3839;13.556666666666667;7.0;24.0;-17.0;7.0
3849;13.773333333333333;7.0;25.0;-18.0;7.0
3859;13.55;7.0;32.0;-25.0;7.0
3869;12.89;7.0;24.0;-17.0;7.0
3879;13.18;7.0;27.0;-20.0;7.0
3889;13.66;7.0;27.0;-20.0;7.0
3899;13.096666666666666;7.0;27.0;-20.0;7.0
3909;13.653333333333334;7.0;30.0;-23.0;7.0
3919;13.21;7.0;27.0;-20.0;7.0
3929;13.326666666666666;7.0;29.0;-22.0;7.0
3939;13.976666666666667;7.0;30.0;-23.0;7.0
3949;13.736666666666666;7.0;29.0;-22.0;7.0
3959;13.44;7.0;29.0;-22.0;7.0
3969;12.926666666666666;7.0;26.0;-19.0;7.0
3979;13.823333333333334;7.0;28.0;-21.0;7.0
3989;13.11;7.0;24.0;-17.0;7.0
3999;13.316666666666666;7.0;29.0;-22.0;7.0
4009;13.646666666666667;7.0;27.0;-20.0;7.0
4019;13.503333333333334;7.0;25.0;-18.0;7.0
4029;13.526666666666667;7.0;26.0;-19.0;7.0
4039;13.63;7.0;25.0;-18.0;7.0
4049;13.166666666666666;7.0;25.0;-18.0;7.0
4059;13.293333333333333;7.0;26.0;-19.0;7.0
4069;13.39;7.0;25.0;-18.0;7.0
4079;13.306666666666667;7.0;25.0;-18.0;7.0
4089;12.916666666666666;7.0;25.0;-18.0;7.0
4099;13.166666666666666;7.0;26.0;-19.0;7.0
4109;13.403333333333334;7.0;25.0;-18.0;7.0
4119;13.233333333333333;7.0;25.0;-18.0;7.0
4129;13.453333333333333;7.0;29.0;-22.0;7.0
4139;13.563333333333333;7.0;31.0;-24.0;7.0
4149;13.353333333333333;7.0;28.0;-21.0;7.0
4159;13.426666666666666;7.0;28.0;-21.0;7.0
4169;13.2;7.0;27.0;-20.0;7.0
4179;13.466666666666667;7.0;25.0;-18.0;7.0
4189;13.16;7.0;24.0;-17.0;7.0
4199;13.463333333333333;7.0;26.0;-19.0;7.0
4209;13.503333333333334;7.0;26.0;-19.0;7.0
4219;13.363333333333333;7.0;30.0;-23.0;7.0
4229;13.853333333333333;7.0;29.0;-22.0;7.0
4239;13.6;7.0;30.0;-23.0;7.0
4249;13.27;7.0;26.0;-19.0;7.0
4259;13.366666666666667;7.0;30.0;-23.0;7.0
4269;13.366666666666667;7.0;27.0;-20.0;7.0
4279;13.163333333333334;7.0;26.0;-19.0;7.0
4289;13.98;7.0;28.0;-21.0;7.0
4299;13.03;7.0;24.0;-17.0;7.0
4309;13.41;7.0;27.0;-20.0;7.0
4319;13.523333333333333;7.0;24.0;-17.0;7.0
4329;14.016666666666667;7.0;26.0;-19.0;7.0
4339;13.476666666666667;7.0;25.0;-18.0;7.0
4349;13.943333333333333;7.0;27.0;-20.0;7.0
4359;13.283333333333333;7.0;25.0;-18.0;7.0
4369;13.056666666666667;7.0;26.0;-19.0;7.0
4379;13.78;7.0;26.0;-19.0;7.0
4389;13.62;7.0;27.0;-20.0;7.0
4399;13.586666666666666;7.0;28.0;-21.0;7.0
4409;13.76;7.0;28.0;-21.0;7.0
4419;13.35;7.0;29.0;-22.0;7.0
4429;13.373333333333333;7.0;31.0;-24.0;7.0
4439;13.276666666666667;7.0;23.0;-16.0;7.0
4449;13.336666666666666;7.0;25.0;-18.0;7.0
4459;13.24;7.0;25.0;-18.0;7.0
4469;13.433333333333334;7.0;27.0;-20.0;7.0
4479;13.423333333333334;7.0;28.0;-21.0;7.0
4489;13.79;7.0;24.0;-17.0;7.0
4499;14.073333333333334;7.0;25.0;-18.0;7.0
4509;13.36;7.0;24.0;-17.0;7.0
4519;13.263333333333334;7.0;24.0;-17.0;7.0
4529;12.943333333333333;7.0;24.0;-17.0;7.0
4539;13.043333333333333;7.0;28.0;-21.0;7.0
4549;13.343333333333334;7.0;24.0;-17.0;7.0
4559;13.163333333333334;7.0;25.0;-18.0;7.0
4569;14.146666666666667;7.0;27.0;-20.0;7.0
4579;13.176666666666666;7.0;25.0;-18.0;7.0
4589;13.446666666666667;7.0;26.0;-19.0;7.0
4599;13.363333333333333;7.0;27.0;-20.0;7.0
4609;13.8;7.0;27.0;-20.0;7.0
4619;13.133333333333333;7.0;25.0;-18.0;7.0
4629;13.786666666666667;7.0;27.0;-20.0;7.0
4639;13.116666666666667;7.0;27.0;-20.0;7.0
4649;13.33;7.0;25.0;-18.0;7.0
4659;13.266666666666667;7.0;25.0;-18.0;7.0
4669;13.533333333333333;7.0;26.0;-19.0;7.0
4679;13.36;7.0;26.0;-19.0;7.0
4689;13.45;7.0;26.0;-19.0;7.0
4699;13.046666666666667;7.0;31.0;-24.0;7.0
4709;13.393333333333333;7.0;28.0;-21.0;7.0
4719;13.29;7.0;24.0;-17.0;7.0
4729;13.326666666666666;7.0;27.0;-20.0;7.0
4739;13.26;7.0;25.0;-18.0;7.0
4749;13.04;7.0;26.0;-19.0;7.0
4759;13.173333333333334;7.0;27.0;-20.0;7.0
4769;13.76;7.0;27.0;-20.0;7.0
4779;13.94;7.0;28.0;-21.0;7.0
4789;13.216666666666667;7.0;26.0;-19.0;7.0
4799;13.466666666666667;7.0;32.0;-25.0;7.0
4809;13.483333333333333;7.0;26.0;-19.0;7.0
4819;13.66;7.0;25.0;-18.0;7.0
4829;13.39;7.0;25.0;-18.0;7.0
4839;13.093333333333334;7.0;25.0;-18.0;7.0
4849;13.473333333333333;7.0;29.0;-22.0;7.0
4859;13.53;7.0;27.0;-20.0;7.0
4869;13.75;7.0;28.0;-21.0;7.0
4879;14.006666666666666;7.0;26.0;-19.0;7.0
4889;13.366666666666667;7.0;26.0;-19.0;7.0
4899;13.65;7.0;29.0;-22.0;7.0
4909;13.346666666666666;7.0;26.0;-19.0;7.0
4919;13.37;7.0;29.0;-22.0;7.0
4929;13.386666666666667;7.0;25.0;-18.0;7.0
4939;13.196666666666667;7.0;25.0;-18.0;7.0
4949;13.443333333333333;7.0;29.0;-22.0;7.0
4959;13.346666666666666;7.0;24.0;-17.0;7.0
4969;13.27;7.0;33.0;-26.0;7.0
4979;13.483333333333333;7.0;24.0;-17.0;7.0
4989;13.973333333333333;7.0;31.0;-24.0;7.0
4999;13.596666666666666;7.0;28.0;-21.0;7.0
5009;12.94;7.0;27.0;-20.0;7.0
5019;13.35;7.0;27.0;-20.0;7.0
5029;13.04;7.0;26.0;-19.0;7.0
5039;12.986666666666666;7.0;26.0;-19.0;7.0
5049;13.173333333333334;7.0;25.0;-18.0;7.0
5059;13.176666666666666;7.0;26.0;-19.0;7.0
5069;13.2;7.0;26.0;-19.0;7.0
5079;13.863333333333333;7.0;26.0;-19.0;7.0
5089;13.486666666666666;7.0;29.0;-22.0;7.0
5099;13.263333333333334;7.0;26.0;-19.0;7.0
5109;13.77;7.0;27.0;-20.0;7.0
5119;13.12;7.0;26.0;-19.0;7.0
5129;14.04;7.0;29.0;-22.0;7.0
5139;13.343333333333334;7.0;25.0;-18.0;7.0
5149;13.576666666666666;7.0;27.0;-20.0;7.0
5159;13.293333333333333;7.0;25.0;-18.0;7.0
5169;13.323333333333334;7.0;24.0;-17.0;7.0
5179;13.56;7.0;30.0;-23.0;7.0
5189;13.56;7.0;26.0;-19.0;7.0
5199;13.806666666666667;7.0;28.0;-21.0;7.0
5209;13.78;7.0;29.0;-22.0;7.0
5219;13.513333333333334;7.0;30.0;-23.0;7.0
5229;13.426666666666666;7.0;25.0;-18.0;7.0
5239;13.23;7.0;27.0;-20.0;7.0
5249;13.326666666666666;7.0;29.0;-22.0;7.0
5259;13.2;7.0;26.0;-19.0;7.0
5269;13.63;7.0;26.0;-19.0;7.0
5279;14.003333333333334;7.0;28.0;-21.0;7.0
5289;13.576666666666666;7.0;24.0;-17.0;7.0
5299;13.213333333333333;7.0;27.0;-20.0;7.0
5309;13.113333333333333;7.0;26.0;-19.0;7.0
5319;13.65;7.0;25.0;-18.0;7.0
5329;13.086666666666666;7.0;29.0;-22.0;7.0
5339;13.503333333333334;7.0;32.0;-25.0;7.0
5349;13.61;7.0;27.0;-20.0;7.0
5359;13.286666666666667;7.0;29.0;-22.0;7.0
5369;13.786666666666667;7.0;26.0;-19.0;7.0
5379;13.043333333333333;7.0;25.0;-18.0;7.0
5389;13.383333333333333;7.0;31.0;-24.0;7.0
5399;13.26;7.0;27.0;-20.0;7.0
5409;13.77;7.0;28.0;-21.0;7.0
5419;13.146666666666667;7.0;27.0;-20.0;7.0
5429;13.266666666666667;7.0;26.0;-19.0;7.0
5439;13.576666666666666;7.0;25.0;-18.0;7.0
5449;13.183333333333334;7.0;29.0;-22.0;7.0
5459;13.403333333333334;7.0;26.0;-19.0;7.0
5469;14.086666666666666;7.0;29.0;-22.0;7.0
5479;13.303333333333333;7.0;25.0;-18.0;7.0
5489;13.076666666666666;7.0;24.0;-17.0;7.0
5499;12.853333333333333;7.0;26.0;-19.0;7.0
5509;12.806666666666667;7.0;24.0;-17.0;7.0
5519;13.323333333333334;7.0;33.0;-26.0;7.0
5529;13.42;7.0;31.0;-24.0;7.0
5539;13.18;7.0;26.0;-19.0;7.0
5549;13.413333333333334;7.0;28.0;-21.0;7.0
5559;13.333333333333334;7.0;28.0;-21.0;7.0
5569;13.343333333333334;7.0;26.0;-19.0;7.0
5579;13.193333333333333;7.0;28.0;-21.0;7.0
5589;12.82;7.0;26.0;-19.0;7.0
5599;13.006666666666666;7.0;24.0;-17.0;7.0
5609;13.923333333333334;7.0;28.0;-21.0;7.0
5619;13.736666666666666;7.0;30.0;-23.0;7.0
5629;13.856666666666667;7.0;30.0;-23.0;7.0
5639;12.846666666666666;7.0;25.0;-18.0;7.0
5649;13.083333333333334;7.0;26.0;-19.0;7.0
5659;13.493333333333334;7.0;25.0;-18.0;7.0
5669;13.57;7.0;30.0;-23.0;7.0
5679;13.23;7.0;27.0;-20.0;7.0
5689;13.283333333333333;7.0;26.0;-19.0;7.0
5699;13.343333333333334;7.0;26.0;-19.0;7.0
5709;13.353333333333333;7.0;27.0;-20.0;7.0
5719;13.45;7.0;29.0;-22.0;7.0
5729;13.48;7.0;26.0;-19.0;7.0
5739;12.973333333333333;7.0;26.0;-19.0;7.0
5749;13.21;7.0;26.0;-19.0;7.0
5759;13.85;7.0;31.0;-24.0;7.0
5769;13.56;7.0;25.0;-18.0;7.0
5779;13.426666666666666;7.0;28.0;-21.0;7.0
5789;13.316666666666666;7.0;26.0;-19.0;7.0
5799;13.573333333333334;7.0;29.0;-22.0;7.0
5809;13.37;7.0;27.0;-20.0;7.0
5819;13.083333333333334;7.0;26.0;-19.0;7.0
5829;13.87;7.0;28.0;-21.0;7.0
5839;13.216666666666667;7.0;24.0;-17.0;7.0
5849;13.116666666666667;7.0;26.0;-19.0;7.0
5859;12.886666666666667;7.0;26.0;-19.0;7.0
5869;13.536666666666667;7.0;27.0;-20.0;7.0
5879;12.893333333333333;7.0;27.0;-20.0;7.0
5889;13.226666666666667;7.0;25.0;-18.0;7.0
5899;13.48;7.0;30.0;-23.0;7.0
5909;13.65;7.0;26.0;-19.0;7.0
5919;12.733333333333333;7.0;31.0;-24.0;7.0
5929;13.483333333333333;7.0;29.0;-22.0;7.0
5939;13.61;7.0;25.0;-18.0;7.0
5949;13.546666666666667;7.0;27.0;-20.0;7.0
5959;13.41;7.0;27.0;-20.0;7.0
5969;13.403333333333334;7.0;29.0;-22.0;7.0
5979;13.036666666666667;7.0;26.0;-19.0;7.0
5989;13.606666666666667;7.0;27.0;-20.0;7.0
5999;13.606666666666667;7.0;26.0;-19.0;7.0
6009;12.986666666666666;7.0;25.0;-18.0;7.0
6019;13.116666666666667;7.0;25.0;-18.0;7.0
6029;13.043333333333333;7.0;31.0;-24.0;7.0
6039;13.156666666666666;7.0;25.0;-18.0;7.0
6049;13.213333333333333;7.0;26.0;-19.0;7.0
6059;13.486666666666666;7.0;27.0;-20.0;7.0
6069;13.376666666666667;7.0;26.0;-19.0;7.0
6079;14.086666666666666;7.0;25.0;-18.0;7.0
6089;13.1;7.0;27.0;-20.0;7.0
6099;13.54;7.0;27.0;-20.0;7.0
6109;13.0;7.0;22.0;-15.0;7.0
6119;13.453333333333333;7.0;25.0;-18.0;7.0
6129;13.91;7.0;27.0;-20.0;7.0
6139;13.416666666666666;7.0;28.0;-21.0;7.0
6149;13.14;7.0;27.0;-20.0;7.0
6159;13.29;7.0;25.0;-18.0;7.0
6169;13.486666666666666;7.0;29.0;-22.0;7.0
6179;13.186666666666667;7.0;25.0;-18.0;7.0
6189;13.463333333333333;7.0;30.0;-23.0;7.0
6199;13.756666666666666;7.0;25.0;-18.0;7.0
6209;13.333333333333334;7.0;28.0;-21.0;7.0
6219;13.586666666666666;7.0;28.0;-21.0;7.0
6229;13.266666666666667;7.0;28.0;-21.0;7.0
6239;13.706666666666667;7.0;31.0;-24.0;7.0
6249;13.326666666666666;7.0;25.0;-18.0;7.0
6259;13.226666666666667;7.0;25.0;-18.0;7.0
6269;13.396666666666667;7.0;27.0;-20.0;7.0
6279;12.87;7.0;27.0;-20.0;7.0
6289;13.62;7.0;25.0;-18.0;7.0
6299;13.496666666666666;7.0;30.0;-23.0;7.0
6309;13.693333333333333;7.0;25.0;-18.0;7.0
6319;13.07;7.0;28.0;-21.0;7.0
6329;13.32;7.0;27.0;-20.0;7.0
6339;13.026666666666667;7.0;30.0;-23.0;7.0
6349;13.183333333333334;7.0;26.0;-19.0;7.0
6359;12.996666666666666;7.0;27.0;-20.0;7.0
6369;13.673333333333334;7.0;26.0;-19.0;7.0
6379;13.68;7.0;26.0;-19.0;7.0
6389;12.756666666666666;7.0;26.0;-19.0;7.0
6399;13.58;7.0;28.0;-21.0;7.0
6409;13.55;7.0;33.0;-26.0;7.0
6419;13.55;7.0;25.0;-18.0;7.0
6429;13.433333333333334;7.0;26.0;-19.0;7.0
6439;13.52;7.0;26.0;-19.0;7.0
6449;13.513333333333334;7.0;25.0;-18.0;7.0
6459;13.203333333333333;7.0;25.0;-18.0;7.0
6469;13.496666666666666;7.0;26.0;-19.0;7.0
6479;13.336666666666666;7.0;28.0;-21.0;7.0
6489;13.573333333333334;7.0;24.0;-17.0;7.0
6499;13.666666666666666;7.0;27.0;-20.0;7.0
6509;13.346666666666666;7.0;23.0;-16.0;7.0
6519;13.683333333333334;7.0;24.0;-17.0;7.0
6529;13.276666666666667;7.0;24.0;-17.0;7.0
6539;13.11;7.0;25.0;-18.0;7.0
6549;14.03;7.0;31.0;-24.0;7.0
6559;13.133333333333333;7.0;30.0;-23.0;7.0
6569;13.426666666666666;7.0;28.0;-21.0;7.0
6579;13.683333333333334;7.0;28.0;-21.0;7.0
6589;13.32;7.0;26.0;-19.0;7.0
6599;13.663333333333334;7.0;27.0;-20.0;7.0
6609;13.713333333333333;7.0;30.0;-23.0;7.0
6619;12.99;7.0;24.0;-17.0;7.0
6629;13.36;7.0;33.0;-26.0;7.0
6639;13.206666666666667;7.0;28.0;-21.0;7.0
6649;12.97;7.0;27.0;-20.0;7.0
6659;13.873333333333333;7.0;29.0;-22.0;7.0
6669;13.666666666666666;7.0;26.0;-19.0;7.0
6679;13.2;7.0;27.0;-20.0;7.0
6689;13.61;7.0;27.0;-20.0;7.0
6699;13.753333333333334;7.0;27.0;-20.0;7.0
6709;13.256666666666666;7.0;25.0;-18.0;7.0
6719;13.503333333333334;7.0;30.0;-23.0;7.0
6729;12.866666666666667;7.0;24.0;-17.0;7.0
6739;13.993333333333334;7.0;27.0;-20.0;7.0
6749;13.306666666666667;7.0;26.0;-19.0;7.0
6759;13.576666666666666;7.0;27.0;-20.0;7.0
6769;13.25;7.0;29.0;-22.0;7.0
6779;13.433333333333334;7.0;28.0;-21.0;7.0
6789;13.506666666666666;7.0;24.0;-17.0;7.0
6799;13.963333333333333;7.0;27.0;-20.0;7.0
6809;13.39;7.0;26.0;-19.0;7.0
6819;13.38;7.0;28.0;-21.0;7.0
6829;13.11;7.0;26.0;-19.0;7.0
6839;13.523333333333333;7.0;25.0;-18.0;7.0
6849;13.62;7.0;30.0;-23.0;7.0
6859;13.316666666666666;7.0;24.0;-17.0;7.0
6869;13.843333333333334;7.0;27.0;-20.0;7.0
6879;13.41;7.0;29.0;-22.0;7.0
6889;13.206666666666667;7.0;27.0;-20.0;7.0
6899;13.843333333333334;7.0;29.0;-22.0;7.0
6909;13.26;7.0;26.0;-19.0;7.0
6919;13.326666666666666;7.0;24.0;-17.0;7.0
6929;13.103333333333333;7.0;27.0;-20.0;7.0
6939;13.006666666666666;7.0;26.0;-19.0;7.0
6949;13.423333333333334;7.0;28.0;-21.0;7.0
6959;13.65;7.0;26.0;-19.0;7.0
6969;13.756666666666666;7.0;24.0;-17.0;7.0
6979;13.023333333333333;7.0;29.0;-22.0;7.0
6989;13.916666666666666;7.0;28.0;-21.0;7.0
6999;13.14;7.0;28.0;-21.0;7.0
7009;13.273333333333333;7.0;27.0;-20.0;7.0
7019;13.796666666666667;7.0;26.0;-19.0;7.0
7029;13.62;7.0;26.0;-19.0;7.0
7039;13.096666666666666;7.0;23.0;-16.0;7.0
7049;13.686666666666667;7.0;27.0;-20.0;7.0
7059;13.496666666666666;7.0;26.0;-19.0;7.0
7069;13.35;7.0;29.0;-22.0;7.0
7079;12.84;7.0;27.0;-20.0;7.0
7089;13.46;7.0;29.0;-22.0;7.0
7099;13.27;7.0;25.0;-18.0;7.0
7109;13.343333333333334;7.0;26.0;-19.0;7.0
7119;14.103333333333333;7.0;30.0;-23.0;7.0
7129;13.4;7.0;28.0;-21.0;7.0
7139;13.613333333333333;7.0;24.0;-17.0;7.0
7149;13.626666666666667;7.0;29.0;-22.0;7.0
7159;13.576666666666666;7.0;30.0;-23.0;7.0
7169;13.56;7.0;28.0;-21.0;7.0
7179;12.733333333333333;7.0;27.0;-20.0;7.0
7189;13.203333333333333;7.0;25.0;-18.0;7.0
7199;13.26;7.0;28.0;-21.0;7.0
7209;13.42;7.0;25.0;-18.0;7.0
7219;13.633333333333333;7.0;24.0;-17.0;7.0
7229;12.81;7.0;27.0;-20.0;7.0
7239;13.35;7.0;26.0;-19.0;7.0
7249;13.493333333333334;7.0;28.0;-21.0;7.0
7259;13.096666666666666;7.0;25.0;-18.0;7.0
7269;13.41;7.0;24.0;-17.0;7.0
7279;13.69;7.0;30.0;-23.0;7.0
7289;13.326666666666666;7.0;25.0;-18.0;7.0
7299;13.713333333333333;7.0;29.0;-22.0;7.0
7309;13.226666666666667;7.0;27.0;-20.0;7.0
7319;13.09;7.0;30.0;-23.0;7.0
7329;13.363333333333333;7.0;27.0;-20.0;7.0
7339;13.953333333333333;7.0;27.0;-20.0;7.0
7349;13.586666666666666;7.0;28.0;-21.0;7.0
7359;13.453333333333333;7.0;27.0;-20.0;7.0
7369;13.723333333333333;7.0;29.0;-22.0;7.0
7379;13.14;7.0;26.0;-19.0;7.0
7389;12.936666666666667;7.0;26.0;-19.0;7.0
7399;13.266666666666667;7.0;25.0;-18.0;7.0
7409;13.57;7.0;28.0;-21.0;7.0
7419;13.226666666666667;7.0;30.0;-23.0;7.0
7429;13.096666666666666;7.0;25.0;-18.0;7.0
7439;13.49;7.0;27.0;-20.0;7.0
7449;13.256666666666666;7.0;26.0;-19.0;7.0
7459;13.803333333333333;7.0;29.0;-22.0;7.0
7469;13.266666666666667;7.0;27.0;-20.0;7.0
7479;13.28;7.0;26.0;-19.0;7.0
7489;13.27;7.0;26.0;-19.0;7.0
7499;13.956666666666667;7.0;28.0;-21.0;7.0
7509;13.493333333333334;7.0;25.0;-18.0;7.0
7519;13.336666666666666;7.0;28.0;-21.0;7.0
7529;13.683333333333334;7.0;27.0;-20.0;7.0
7539;13.6;7.0;27.0;-20.0;7.0
7549;13.336666666666666;7.0;27.0;-20.0;7.0
7559;13.576666666666666;7.0;25.0;-18.0;7.0
7569;13.076666666666666;7.0;25.0;-18.0;7.0
7579;13.453333333333333;7.0;24.0;-17.0;7.0
7589;13.34;7.0;27.0;-20.0;7.0
7599;13.176666666666666;7.0;27.0;-20.0;7.0
7609;13.526666666666667;7.0;26.0;-19.0;7.0
7619;13.33;7.0;24.0;-17.0;7.0
7629;13.61;7.0;27.0;-20.0;7.0
7639;13.553333333333333;7.0;29.0;-22.0;7.0
7649;13.853333333333333;7.0;29.0;-22.0;7.0
7659;13.613333333333333;7.0;29.0;-22.0;7.0
7669;13.616666666666667;7.0;26.0;-19.0;7.0
7679;13.61;7.0;28.0;-21.0;7.0
7689;13.56;7.0;25.0;-18.0;7.0
7699;13.706666666666667;7.0;25.0;-18.0;7.0
7709;13.436666666666667;7.0;26.0;-19.0;7.0
7719;13.186666666666667;7.0;28.0;-21.0;7.0
7729;13.05;7.0;24.0;-17.0;7.0
7739;13.493333333333334;7.0;27.0;-20.0;7.0
7749;13.533333333333333;7.0;30.0;-23.0;7.0
7759;13.403333333333334;7.0;27.0;-20.0;7.0
7769;12.83;7.0;25.0;-18.0;7.0
7779;12.913333333333334;7.0;27.0;-20.0;7.0
7789;13.206666666666667;7.0;26.0;-19.0;7.0
7799;13.79;7.0;25.0;-18.0;7.0
7809;13.453333333333333;7.0;32.0;-25.0;7.0
7819;13.393333333333333;7.0;29.0;-22.0;7.0
7829;13.47;7.0;25.0;-18.0;7.0
7839;13.323333333333334;7.0;27.0;-20.0;7.0
7849;13.49;7.0;26.0;-19.0;7.0
7859;13.383333333333333;7.0;28.0;-21.0;7.0
7869;13.036666666666667;7.0;27.0;-20.0;7.0
7879;13.903333333333334;7.0;28.0;-21.0;7.0
7889;13.663333333333334;7.0;25.0;-18.0;7.0
7899;12.906666666666666;7.0;26.0;-19.0;7.0
7909;13.19;7.0;24.0;-17.0;7.0
7919;13.196666666666667;7.0;27.0;-20.0;7.0
7929;13.366666666666667;7.0;27.0;-20.0;7.0
7939;13.526666666666667;7.0;27.0;-20.0;7.0
7949;13.326666666666666;7.0;28.0;-21.0;7.0
7959;13.013333333333334;7.0;26.0;-19.0;7.0
7969;13.246666666666666;7.0;27.0;-20.0;7.0
7979;12.73;7.0;26.0;-19.0;7.0
7989;13.376666666666667;7.0;27.0;-20.0;7.0
7999;13.326666666666666;7.0;26.0;-19.0;7.0
8009;13.403333333333334;7.0;29.0;-22.0;7.0
8019;13.316666666666666;7.0;25.0;-18.0;7.0
8029;13.986666666666666;7.0;30.0;-23.0;7.0
8039;13.38;7.0;28.0;-21.0;7.0
8049;13.68;7.0;27.0;-20.0;7.0
8059;14.126666666666667;7.0;29.0;-22.0;7.0
8069;13.333333333333334;7.0;26.0;-19.0;7.0
8079;13.38;7.0;28.0;-21.0;7.0
8089;13.013333333333334;7.0;30.0;-23.0;7.0
8099;12.766666666666667;7.0;28.0;-21.0;7.0
8109;13.803333333333333;7.0;29.0;-22.0;7.0
8119;12.773333333333333;7.0;27.0;-20.0;7.0
8129;13.68;7.0;29.0;-22.0;7.0
8139;13.593333333333334;7.0;29.0;-22.0;7.0
8149;12.86;7.0;24.0;-17.0;7.0
8159;12.846666666666666;7.0;28.0;-21.0;7.0
8169;13.216666666666667;7.0;27.0;-20.0;7.0
8179;13.326666666666666;7.0;25.0;-18.0;7.0
8189;13.23;7.0;26.0;-19.0;7.0
8199;13.193333333333333;7.0;27.0;-20.0;7.0
8209;13.376666666666667;7.0;30.0;-23.0;7.0
8219;13.653333333333334;7.0;28.0;-21.0;7.0
8229;13.193333333333333;7.0;25.0;-18.0;7.0
8239;13.233333333333333;7.0;30.0;-23.0;7.0
8249;13.246666666666666;7.0;27.0;-20.0;7.0
8259;13.473333333333333;7.0;27.0;-20.0;7.0
8269;13.25;7.0;28.0;-21.0;7.0
8279;13.763333333333334;7.0;28.0;-21.0;7.0
8289;13.796666666666667;7.0;29.0;-22.0;7.0
8299;13.29;7.0;26.0;-19.0;7.0
8309;13.5;7.0;29.0;-22.0;7.0
8319;12.913333333333334;7.0;25.0;-18.0;7.0
8329;13.466666666666667;7.0;26.0;-19.0;7.0
8339;13.316666666666666;7.0;28.0;-21.0;7.0
8349;13.796666666666667;7.0;31.0;-24.0;7.0
8359;13.496666666666666;7.0;27.0;-20.0;7.0
8369;13.243333333333334;7.0;27.0;-20.0;7.0
8379;13.12;7.0;24.0;-17.0;7.0
8389;13.306666666666667;7.0;25.0;-18.0;7.0
8399;13.296666666666667;7.0;24.0;-17.0;7.0
8409;13.426666666666666;7.0;24.0;-17.0;7.0
8419;13.573333333333334;7.0;27.0;-20.0;7.0
8429;13.083333333333334;7.0;29.0;-22.0;7.0
8439;13.126666666666667;7.0;29.0;-22.0;7.0
8449;13.206666666666667;7.0;26.0;-19.0;7.0
8459;13.166666666666666;7.0;27.0;-20.0;7.0
8469;13.36;7.0;26.0;-19.0;7.0
8479;13.763333333333334;7.0;24.0;-17.0;7.0
8489;13.3;7.0;25.0;-18.0;7.0
8499;13.063333333333333;7.0;29.0;-22.0;7.0
8509;13.286666666666667;7.0;27.0;-20.0;7.0
8519;13.666666666666666;7.0;27.0;-20.0;7.0
8529;13.71;7.0;28.0;-21.0;7.0
8539;13.29;7.0;26.0;-19.0;7.0
8549;13.193333333333333;7.0;26.0;-19.0;7.0
8559;13.926666666666666;7.0;26.0;-19.0;7.0
8569;12.803333333333333;7.0;24.0;-17.0;7.0
8579;13.623333333333333;7.0;26.0;-19.0;7.0
8589;13.43;7.0;26.0;-19.0;7.0
8599;13.383333333333333;7.0;24.0;-17.0;7.0
8609;13.406666666666666;7.0;26.0;-19.0;7.0
8619;14.05;7.0;28.0;-21.0;7.0
8629;13.363333333333333;7.0;27.0;-20.0;7.0
8639;13.286666666666667;7.0;25.0;-18.0;7.0
8649;13.246666666666666;7.0;26.0;-19.0;7.0
8659;13.053333333333333;7.0;28.0;-21.0;7.0
8669;13.88;7.0;29.0;-22.0;7.0
8679;13.38;7.0;28.0;-21.0;7.0
8689;13.456666666666667;7.0;26.0;-19.0;7.0
8699;13.556666666666667;7.0;30.0;-23.0;7.0
8709;14.19;7.0;27.0;-20.0;7.0
8719;13.12;7.0;28.0;-21.0;7.0
8729;13.183333333333334;7.0;28.0;-21.0;7.0
8739;13.556666666666667;7.0;25.0;-18.0;7.0
8749;12.986666666666666;7.0;24.0;-17.0;7.0
8759;13.436666666666667;7.0;25.0;-18.0;7.0
8769;13.453333333333333;7.0;28.0;-21.0;7.0
8779;13.38;7.0;26.0;-19.0;7.0
8789;13.46;7.0;31.0;-24.0;7.0
8799;13.583333333333334;7.0;26.0;-19.0;7.0
8809;13.453333333333333;7.0;24.0;-17.0;7.0
8819;13.32;7.0;28.0;-21.0;7.0
8829;13.303333333333333;7.0;27.0;-20.0;7.0
8839;13.52;7.0;25.0;-18.0;7.0
8849;13.433333333333334;7.0;27.0;-20.0;7.0
8859;13.533333333333333;7.0;27.0;-20.0;7.0
8869;12.846666666666666;7.0;26.0;-19.0;7.0
8879;13.503333333333334;7.0;28.0;-21.0;7.0
8889;13.93;7.0;26.0;-19.0;7.0
8899;13.05;7.0;26.0;-19.0;7.0
8909;13.376666666666667;7.0;27.0;-20.0;7.0
8919;13.106666666666667;7.0;26.0;-19.0;7.0
8929;13.266666666666667;7.0;26.0;-19.0;7.0
8939;13.066666666666666;7.0;23.0;-16.0;7.0
8949;13.073333333333334;7.0;26.0;-19.0;7.0
8959;13.26;7.0;24.0;-17.0;7.0
8969;13.036666666666667;7.0;26.0;-19.0;7.0
8979;12.97;7.0;25.0;-18.0;7.0
8989;13.126666666666667;7.0;28.0;-21.0;7.0
8999;13.203333333333333;7.0;25.0;-18.0;7.0
9009;13.493333333333334;7.0;26.0;-19.0;7.0
9019;13.076666666666666;7.0;28.0;-21.0;7.0
9029;12.98;7.0;25.0;-18.0;7.0
9039;13.146666666666667;7.0;24.0;-17.0;7.0
9049;13.603333333333333;7.0;26.0;-19.0;7.0
9059;13.166666666666666;7.0;27.0;-20.0;7.0
9069;13.406666666666666;7.0;24.0;-17.0;7.0
9079;13.406666666666666;7.0;24.0;-17.0;7.0
9089;12.926666666666666;7.0;28.0;-21.0;7.0
9099;13.323333333333334;7.0;28.0;-21.0;7.0
9109;13.38;7.0;27.0;-20.0;7.0
9119;13.39;7.0;26.0;-19.0;7.0
9129;13.176666666666666;7.0;28.0;-21.0;7.0
9139;13.463333333333333;7.0;30.0;-23.0;7.0
9149;13.416666666666666;7.0;29.0;-22.0;7.0
9159;13.013333333333334;7.0;24.0;-17.0;7.0
9169;13.67;7.0;28.0;-21.0;7.0
9179;13.67;7.0;31.0;-24.0;7.0
9189;12.963333333333333;7.0;34.0;-27.0;7.0
9199;13.55;7.0;26.0;-19.0;7.0
9209;13.286666666666667;7.0;26.0;-19.0;7.0
9219;13.006666666666666;7.0;28.0;-21.0;7.0
9229;13.426666666666666;7.0;31.0;-24.0;7.0
9239;13.05;7.0;32.0;-25.0;7.0
9249;13.266666666666667;7.0;27.0;-20.0;7.0
9259;13.283333333333333;7.0;27.0;-20.0;7.0
9269;13.433333333333334;7.0;27.0;-20.0;7.0
9279;13.433333333333334;7.0;32.0;-25.0;7.0
9289;13.24;7.0;26.0;-19.0;7.0
9299;13.553333333333333;7.0;25.0;-18.0;7.0
9309;13.17;7.0;26.0;-19.0;7.0
9319;12.966666666666667;7.0;23.0;-16.0;7.0
9329;13.146666666666667;7.0;26.0;-19.0;7.0
9339;13.316666666666666;7.0;30.0;-23.0;7.0
9349;13.463333333333333;7.0;27.0;-20.0;7.0
9359;13.576666666666666;7.0;28.0;-21.0;7.0
9369;13.196666666666667;6.0;27.0;-21.0;6.0
9379;12.07;6.0;24.0;-18.0;6.0
9389;12.343333333333334;6.0;25.0;-19.0;6.0
9399;12.636666666666667;6.0;23.0;-17.0;6.0
9409;12.58;6.0;26.0;-20.0;6.0
9419;12.566666666666666;6.0;27.0;-21.0;6.0
9429;12.46;6.0;22.0;-16.0;6.0
9439;12.393333333333333;5.0;25.0;-20.0;5.0
9449;11.59;5.0;27.0;-22.0;5.0
9459;11.123333333333333;5.0;23.0;-18.0;5.0
9469;11.63;5.0;24.0;-19.0;5.0
9479;12.053333333333333;5.0;27.0;-22.0;5.0
9489;11.536666666666667;5.0;23.0;-18.0;5.0
9499;12.033333333333333;5.0;26.0;-21.0;5.0
9509;11.82;5.0;27.0;-22.0;5.0
9519;11.196666666666667;5.0;26.0;-21.0;5.0
9529;11.243333333333334;5.0;24.0;-19.0;5.0
9539;11.846666666666666;5.0;28.0;-23.0;5.0
9549;11.486666666666666;5.0;24.0;-19.0;5.0
9559;11.583333333333334;5.0;27.0;-22.0;5.0
9569;11.393333333333333;5.0;24.0;-19.0;5.0
9579;11.573333333333334;5.0;25.0;-20.0;5.0
9589;11.686666666666667;5.0;28.0;-23.0;5.0
9599;11.22;5.0;27.0;-22.0;5.0
9609;11.416666666666666;5.0;23.0;-18.0;5.0
9619;11.29;5.0;25.0;-20.0;5.0
9629;11.726666666666667;5.0;23.0;-18.0;5.0
9639;11.533333333333333;5.0;25.0;-20.0;5.0
9649;11.4;5.0;24.0;-19.0;5.0
9659;11.513333333333334;5.0;28.0;-23.0;5.0
9669;11.26;5.0;24.0;-19.0;5.0
9679;12.406666666666666;5.0;29.0;-24.0;5.0
9689;10.793333333333333;5.0;24.0;-19.0;5.0
9699;11.98;5.0;26.0;-21.0;5.0
9709;11.326666666666666;5.0;23.0;-18.0;5.0
9719;11.42;5.0;26.0;-21.0;5.0
9729;11.493333333333334;5.0;24.0;-19.0;5.0
9739;11.81;5.0;25.0;-20.0;5.0
9749;11.406666666666666;5.0;22.0;-17.0;5.0
9759;11.426666666666666;5.0;26.0;-21.0;5.0
9769;11.773333333333333;5.0;23.0;-18.0;5.0
9779;12.256666666666666;5.0;24.0;-19.0;5.0
9789;11.563333333333333;5.0;28.0;-23.0;5.0
9799;11.3;5.0;23.0;-18.0;5.0
9809;12.12;5.0;24.0;-19.0;5.0
9819;11.206666666666667;4.0;24.0;-20.0;4.0
9829;10.623333333333333;4.0;27.0;-23.0;4.0
9839;10.48;4.0;23.0;-19.0;4.0
9849;10.673333333333334;4.0;26.0;-22.0;4.0
9859;10.873333333333333;4.0;27.0;-23.0;4.0
9869;10.816666666666666;4.0;25.0;-21.0;4.0
9879;10.413333333333334;4.0;32.0;-28.0;4.0
9889;10.243333333333334;4.0;21.0;-17.0;4.0
9899;10.426666666666666;4.0;26.0;-22.0;4.0
9909;10.823333333333334;4.0;24.0;-20.0;4.0
9919;10.85;4.0;26.0;-22.0;4.0
9929;10.56;4.0;27.0;-23.0;4.0
9939;10.576666666666666;4.0;21.0;-17.0;4.0
9949;10.45;4.0;26.0;-22.0;4.0
9959;10.496666666666666;4.0;20.0;-16.0;4.0
9969;10.67;4.0;22.0;-18.0;4.0
9979;10.72;4.0;23.0;-19.0;4.0
9989;10.923333333333334;4.0;22.0;-18.0;4.0
9999;10.506666666666666;4.0;22.0;-18.0;4.0
10009;10.906666666666666;4.0;23.0;-19.0;4.0
10019;10.97;4.0;23.0;-19.0;4.0
10029;11.09;4.0;24.0;-20.0;4.0
10039;10.82;4.0;25.0;-21.0;4.0
10049;10.413333333333334;4.0;25.0;-21.0;4.0
10059;10.62;4.0;22.0;-18.0;4.0
10069;10.556666666666667;4.0;26.0;-22.0;4.0
10079;10.753333333333334;4.0;24.0;-20.0;4.0
10089;10.886666666666667;4.0;26.0;-22.0;4.0
10099;10.53;4.0;27.0;-23.0;4.0
10109;10.766666666666667;4.0;25.0;-21.0;4.0
10119;10.756666666666666;4.0;27.0;-23.0;4.0
10129;10.626666666666667;4.0;26.0;-22.0;4.0
10139;10.88;4.0;28.0;-24.0;4.0
10149;10.45;4.0;23.0;-19.0;4.0
10159;10.313333333333333;4.0;25.0;-21.0;4.0
10169;8.933333333333334;2.0;24.0;-22.0;2.0
10179;8.593333333333334;2.0;21.0;-19.0;2.0
10189;8.63;2.0;23.0;-21.0;2.0
10199;8.686666666666667;2.0;21.0;-19.0;2.0
10209;8.363333333333333;2.0;22.0;-20.0;2.0
10219;8.626666666666667;2.0;26.0;-24.0;2.0
10229;8.9;2.0;21.0;-19.0;2.0
10239;9.03;2.0;22.0;-20.0;2.0
10249;9.016666666666667;2.0;26.0;-24.0;2.0
10259;8.72;2.0;23.0;-21.0;2.0
10269;8.316666666666666;2.0;22.0;-20.0;2.0
10279;9.19;2.0;22.0;-20.0;2.0
10289;9.18;2.0;24.0;-22.0;2.0
10299;8.873333333333333;2.0;23.0;-21.0;2.0
10309;8.646666666666667;2.0;26.0;-24.0;2.0
10319;9.32;2.0;22.0;-20.0;2.0
10329;8.776666666666667;2.0;20.0;-18.0;2.0
10339;8.953333333333333;2.0;27.0;-25.0;2.0
10349;8.573333333333334;2.0;23.0;-21.0;2.0
10359;9.63;2.0;24.0;-22.0;2.0
10369;8.653333333333334;2.0;27.0;-25.0;2.0
10379;8.99;2.0;21.0;-19.0;2.0
10389;8.93;2.0;20.0;-18.0;2.0
10399;8.946666666666667;2.0;21.0;-19.0;2.0
10409;8.943333333333333;2.0;25.0;-23.0;2.0
10419;8.646666666666667;2.0;24.0;-22.0;2.0
10429;8.486666666666666;2.0;21.0;-19.0;2.0
10439;8.31;2.0;22.0;-20.0;2.0
10449;8.856666666666667;2.0;22.0;-20.0;2.0
10459;9.216666666666667;2.0;23.0;-21.0;2.0
10469;8.68;2.0;27.0;-25.0;2.0
10479;8.88;2.0;21.0;-19.0;2.0
10489;8.463333333333333;2.0;21.0;-19.0;2.0
10499;9.506666666666666;2.0;27.0;-25.0;2.0
10509;8.963333333333333;2.0;23.0;-21.0;2.0
10519;8.906666666666666;2.0;20.0;-18.0;2.0
10529;8.683333333333334;2.0;23.0;-21.0;2.0
10539;8.806666666666667;2.0;23.0;-21.0;2.0
10549;9.093333333333334;2.0;23.0;-21.0;2.0
10559;8.85;2.0;21.0;-19.0;2.0
10569;8.62;2.0;21.0;-19.0;2.0
10579;9.15;2.0;22.0;-20.0;2.0
10589;8.256666666666666;2.0;26.0;-24.0;2.0
10599;8.746666666666666;2.0;23.0;-21.0;2.0
10609;9.003333333333334;2.0;23.0;-21.0;2.0
10619;8.833333333333334;2.0;24.0;-22.0;2.0
10629;8.82;2.0;23.0;-21.0;2.0
10639;9.15;2.0;23.0;-21.0;2.0
10649;8.623333333333333;2.0;23.0;-21.0;2.0
10659;9.143333333333333;2.0;25.0;-23.0;2.0
10669;8.42;2.0;23.0;-21.0;2.0
10679;8.986666666666666;2.0;25.0;-23.0;2.0
10689;8.243333333333334;2.0;22.0;-20.0;2.0
10699;8.66;2.0;22.0;-20.0;2.0
10709;9.37;2.0;25.0;-23.0;2.0
10719;9.2;2.0;22.0;-20.0;2.0
10729;8.686666666666667;2.0;20.0;-18.0;2.0
10739;8.243333333333334;2.0;23.0;-21.0;2.0
10749;8.49;2.0;22.0;-20.0;2.0
10759;8.68;2.0;21.0;-19.0;2.0
10769;8.686666666666667;2.0;23.0;-21.0;2.0
10779;8.29;2.0;25.0;-23.0;2.0
10789;8.83;2.0;22.0;-20.0;2.0
10799;8.793333333333333;2.0;20.0;-18.0;2.0
10809;8.84;2.0;20.0;-18.0;2.0
10819;8.496666666666666;2.0;22.0;-20.0;2.0
10829;8.463333333333333;2.0;22.0;-20.0;2.0
10839;8.593333333333334;2.0;23.0;-21.0;2.0
10849;9.383333333333333;2.0;22.0;-20.0;2.0
10859;8.84;2.0;22.0;-20.0;2.0
10869;8.706666666666667;2.0;23.0;-21.0;2.0
10879;9.053333333333333;2.0;22.0;-20.0;2.0
10889;8.883333333333333;2.0;23.0;-21.0;2.0
10899;8.64;0.0;22.0;-22.0;0.0
