geracao;media da geracao;fitness do melhor da geracao;fitness do pior da geracao;relacao entre melhor e pior;fitness do melhor da run
Probabilidade Recombinação: 0.7
Probabilidade Mutação: 0.049999999999999996
Tipo de Selecção: Torneio
Tipo de Mutação: Troca de Genes
Tamanho População: 300
Máximo de Gerações: 15000
0;76.64;63.0;96.0;-33.0;63.0
0;68.07;57.0;80.0;-23.0;57.0
9;47.29;43.0;54.0;-11.0;43.0
19;35.553333333333335;34.0;44.0;-10.0;34.0
29;28.106666666666666;25.0;36.0;-11.0;25.0
39;21.49;19.0;30.0;-11.0;19.0
49;18.996666666666666;18.0;27.0;-9.0;18.0
59;18.166666666666668;17.0;27.0;-10.0;17.0
69;18.11;17.0;28.0;-11.0;17.0
79;18.10333333333333;17.0;28.0;-11.0;17.0
89;17.94;16.0;29.0;-13.0;16.0
99;17.043333333333333;16.0;26.0;-10.0;16.0
109;16.82;16.0;26.0;-10.0;16.0
119;16.076666666666668;15.0;26.0;-11.0;15.0
129;14.88;14.0;25.0;-11.0;14.0
139;14.833333333333334;14.0;24.0;-10.0;14.0
149;13.67;13.0;22.0;-9.0;13.0
159;13.98;13.0;22.0;-9.0;13.0
169;13.863333333333333;13.0;22.0;-9.0;13.0
179;13.903333333333334;13.0;25.0;-12.0;13.0
189;13.886666666666667;13.0;24.0;-11.0;13.0
199;14.103333333333333;13.0;24.0;-11.0;13.0
209;14.073333333333334;13.0;28.0;-15.0;13.0
219;14.04;13.0;24.0;-11.0;13.0
229;13.786666666666667;13.0;24.0;-11.0;13.0
239;14.016666666666667;13.0;23.0;-10.0;13.0
249;13.936666666666667;13.0;24.0;-11.0;13.0
259;13.973333333333333;13.0;25.0;-12.0;13.0
269;13.733333333333333;13.0;21.0;-8.0;13.0
279;14.066666666666666;13.0;24.0;-11.0;13.0
289;14.046666666666667;13.0;24.0;-11.0;13.0
299;13.976666666666667;13.0;24.0;-11.0;13.0
309;13.813333333333333;13.0;24.0;-11.0;13.0
319;13.996666666666666;13.0;21.0;-8.0;13.0
329;13.913333333333334;13.0;23.0;-10.0;13.0
339;13.813333333333333;13.0;22.0;-9.0;13.0
349;14.076666666666666;13.0;24.0;-11.0;13.0
359;13.646666666666667;13.0;22.0;-9.0;13.0
369;14.37;13.0;25.0;-12.0;13.0
379;13.826666666666666;13.0;25.0;-12.0;13.0
389;14.18;13.0;24.0;-11.0;13.0
399;13.853333333333333;13.0;27.0;-14.0;13.0
409;13.906666666666666;13.0;19.0;-6.0;13.0
419;13.923333333333334;13.0;23.0;-10.0;13.0
429;13.783333333333333;13.0;23.0;-10.0;13.0
439;13.986666666666666;13.0;27.0;-14.0;13.0
449;13.99;13.0;21.0;-8.0;13.0
459;14.076666666666666;13.0;24.0;-11.0;13.0
469;13.783333333333333;13.0;23.0;-10.0;13.0
479;14.04;13.0;25.0;-12.0;13.0
489;13.786666666666667;13.0;27.0;-14.0;13.0
499;14.04;13.0;23.0;-10.0;13.0
509;14.033333333333333;13.0;25.0;-12.0;13.0
519;13.983333333333333;13.0;21.0;-8.0;13.0
529;13.813333333333333;13.0;24.0;-11.0;13.0
539;14.066666666666666;13.0;24.0;-11.0;13.0
549;13.83;13.0;23.0;-10.0;13.0
559;14.07;13.0;23.0;-10.0;13.0
569;14.32;13.0;25.0;-12.0;13.0
579;13.92;13.0;24.0;-11.0;13.0
589;14.056666666666667;13.0;25.0;-12.0;13.0
599;13.886666666666667;13.0;19.0;-6.0;13.0
609;13.943333333333333;13.0;23.0;-10.0;13.0
619;13.96;13.0;25.0;-12.0;13.0
629;13.903333333333334;13.0;22.0;-9.0;13.0
639;14.086666666666666;13.0;24.0;-11.0;13.0
649;13.973333333333333;13.0;23.0;-10.0;13.0
659;13.946666666666667;13.0;25.0;-12.0;13.0
669;13.903333333333334;13.0;25.0;-12.0;13.0
679;14.083333333333334;13.0;25.0;-12.0;13.0
689;13.946666666666667;13.0;22.0;-9.0;13.0
699;14.06;13.0;25.0;-12.0;13.0
709;14.083333333333334;13.0;25.0;-12.0;13.0
719;14.17;13.0;22.0;-9.0;13.0
729;13.976666666666667;13.0;24.0;-11.0;13.0
739;14.19;13.0;23.0;-10.0;13.0
749;13.88;13.0;25.0;-12.0;13.0
759;13.973333333333333;13.0;25.0;-12.0;13.0
769;13.89;13.0;24.0;-11.0;13.0
779;13.963333333333333;13.0;21.0;-8.0;13.0
789;14.036666666666667;13.0;27.0;-14.0;13.0
799;14.113333333333333;13.0;25.0;-12.0;13.0
809;13.853333333333333;13.0;24.0;-11.0;13.0
819;14.046666666666667;13.0;26.0;-13.0;13.0
829;13.983333333333333;13.0;24.0;-11.0;13.0
839;14.056666666666667;13.0;25.0;-12.0;13.0
849;13.986666666666666;13.0;25.0;-12.0;13.0
859;14.116666666666667;13.0;24.0;-11.0;13.0
869;14.01;13.0;24.0;-11.0;13.0
879;13.99;13.0;25.0;-12.0;13.0
889;14.03;13.0;22.0;-9.0;13.0
899;13.78;13.0;24.0;-11.0;13.0
909;14.01;13.0;25.0;-12.0;13.0
919;13.936666666666667;13.0;22.0;-9.0;13.0
929;13.836666666666666;13.0;23.0;-10.0;13.0
939;13.756666666666666;13.0;24.0;-11.0;13.0
949;13.976666666666667;13.0;25.0;-12.0;13.0
959;13.913333333333334;13.0;24.0;-11.0;13.0
969;13.943333333333333;13.0;25.0;-12.0;13.0
979;14.13;13.0;24.0;-11.0;13.0
989;13.996666666666666;13.0;23.0;-10.0;13.0
999;14.136666666666667;13.0;24.0;-11.0;13.0
1009;14.05;13.0;23.0;-10.0;13.0
1019;13.906666666666666;13.0;25.0;-12.0;13.0
1029;14.223333333333333;13.0;25.0;-12.0;13.0
1039;13.953333333333333;13.0;25.0;-12.0;13.0
1049;14.08;13.0;25.0;-12.0;13.0
1059;14.063333333333333;13.0;24.0;-11.0;13.0
1069;14.106666666666667;13.0;21.0;-8.0;13.0
1079;13.933333333333334;13.0;25.0;-12.0;13.0
1089;13.906666666666666;13.0;23.0;-10.0;13.0
1099;13.833333333333334;13.0;23.0;-10.0;13.0
1109;14.083333333333334;13.0;25.0;-12.0;13.0
1119;13.86;13.0;24.0;-11.0;13.0
1129;14.023333333333333;13.0;24.0;-11.0;13.0
1139;14.163333333333334;13.0;25.0;-12.0;13.0
1149;13.743333333333334;13.0;19.0;-6.0;13.0
1159;13.893333333333333;13.0;24.0;-11.0;13.0
1169;13.856666666666667;13.0;24.0;-11.0;13.0
1179;14.106666666666667;13.0;25.0;-12.0;13.0
1189;13.93;13.0;22.0;-9.0;13.0
1199;13.98;13.0;25.0;-12.0;13.0
1209;13.923333333333334;13.0;23.0;-10.0;13.0
1219;14.106666666666667;13.0;24.0;-11.0;13.0
1229;13.996666666666666;13.0;25.0;-12.0;13.0
1239;14.003333333333334;13.0;23.0;-10.0;13.0
1249;14.06;13.0;24.0;-11.0;13.0
1259;13.836666666666666;13.0;22.0;-9.0;13.0
1269;14.016666666666667;13.0;23.0;-10.0;13.0
1279;14.04;13.0;25.0;-12.0;13.0
1289;13.88;13.0;22.0;-9.0;13.0
1299;13.906666666666666;13.0;23.0;-10.0;13.0
1309;13.886666666666667;13.0;22.0;-9.0;13.0
1319;13.943333333333333;13.0;24.0;-11.0;13.0
1329;13.94;13.0;25.0;-12.0;13.0
1339;14.27;13.0;24.0;-11.0;13.0
1349;14.07;13.0;24.0;-11.0;13.0
1359;14.126666666666667;13.0;24.0;-11.0;13.0
1369;14.046666666666667;13.0;23.0;-10.0;13.0
1379;13.95;13.0;23.0;-10.0;13.0
1389;13.963333333333333;13.0;25.0;-12.0;13.0
1399;13.876666666666667;13.0;21.0;-8.0;13.0
1409;14.076666666666666;13.0;22.0;-9.0;13.0
1419;13.93;13.0;23.0;-10.0;13.0
1429;14.06;13.0;24.0;-11.0;13.0
1439;14.123333333333333;13.0;25.0;-12.0;13.0
1449;14.08;13.0;22.0;-9.0;13.0
1459;14.18;13.0;22.0;-9.0;13.0
1469;14.05;13.0;27.0;-14.0;13.0
1479;13.946666666666667;13.0;23.0;-10.0;13.0
1489;13.876666666666667;13.0;25.0;-12.0;13.0
1499;13.86;13.0;22.0;-9.0;13.0
1509;13.926666666666666;13.0;24.0;-11.0;13.0
1519;14.1;13.0;22.0;-9.0;13.0
1529;13.846666666666666;13.0;29.0;-16.0;13.0
1539;14.073333333333334;13.0;25.0;-12.0;13.0
1549;13.973333333333333;13.0;25.0;-12.0;13.0
1559;14.13;13.0;25.0;-12.0;13.0
1569;13.766666666666667;13.0;25.0;-12.0;13.0
1579;14.01;13.0;25.0;-12.0;13.0
1589;14.153333333333334;13.0;24.0;-11.0;13.0
1599;14.21;13.0;25.0;-12.0;13.0
1609;14.166666666666666;13.0;29.0;-16.0;13.0
1619;13.983333333333333;13.0;24.0;-11.0;13.0
1629;14.21;13.0;28.0;-15.0;13.0
1639;13.793333333333333;13.0;22.0;-9.0;13.0
1649;14.276666666666667;13.0;29.0;-16.0;13.0
1659;13.946666666666667;13.0;24.0;-11.0;13.0
1669;14.04;13.0;24.0;-11.0;13.0
1679;14.11;13.0;23.0;-10.0;13.0
1689;14.19;13.0;25.0;-12.0;13.0
1699;13.856666666666667;13.0;21.0;-8.0;13.0
1709;14.126666666666667;13.0;23.0;-10.0;13.0
1719;13.79;13.0;23.0;-10.0;13.0
1729;14.05;13.0;24.0;-11.0;13.0
1739;14.006666666666666;13.0;28.0;-15.0;13.0
1749;13.916666666666666;13.0;23.0;-10.0;13.0
1759;14.116666666666667;13.0;25.0;-12.0;13.0
1769;14.176666666666666;13.0;28.0;-15.0;13.0
1779;14.056666666666667;13.0;24.0;-11.0;13.0
1789;13.946666666666667;13.0;25.0;-12.0;13.0
1799;14.02;13.0;23.0;-10.0;13.0
1809;14.003333333333334;13.0;23.0;-10.0;13.0
1819;14.286666666666667;13.0;25.0;-12.0;13.0
1829;13.86;13.0;22.0;-9.0;13.0
1839;14.073333333333334;13.0;24.0;-11.0;13.0
1849;13.836666666666666;13.0;25.0;-12.0;13.0
1859;14.016666666666667;13.0;24.0;-11.0;13.0
1869;13.94;13.0;25.0;-12.0;13.0
1879;13.983333333333333;13.0;25.0;-12.0;13.0
1889;13.96;13.0;24.0;-11.0;13.0
1899;13.963333333333333;13.0;24.0;-11.0;13.0
1909;14.033333333333333;13.0;29.0;-16.0;13.0
1919;13.753333333333334;13.0;25.0;-12.0;13.0
1929;14.036666666666667;13.0;22.0;-9.0;13.0
1939;14.27;13.0;26.0;-13.0;13.0
1949;13.98;13.0;26.0;-13.0;13.0
1959;13.846666666666666;13.0;27.0;-14.0;13.0
1969;13.836666666666666;13.0;22.0;-9.0;13.0
1979;13.893333333333333;13.0;23.0;-10.0;13.0
1989;13.913333333333334;13.0;22.0;-9.0;13.0
1999;13.763333333333334;13.0;23.0;-10.0;13.0
2009;13.946666666666667;13.0;22.0;-9.0;13.0
2019;13.946666666666667;13.0;28.0;-15.0;13.0
2029;14.026666666666667;13.0;28.0;-15.0;13.0
2039;13.9;13.0;23.0;-10.0;13.0
2049;13.946666666666667;13.0;23.0;-10.0;13.0
2059;13.756666666666666;13.0;23.0;-10.0;13.0
2069;13.966666666666667;13.0;24.0;-11.0;13.0
2079;13.906666666666666;13.0;25.0;-12.0;13.0
2089;13.966666666666667;13.0;23.0;-10.0;13.0
2099;14.14;13.0;25.0;-12.0;13.0
2109;13.953333333333333;13.0;22.0;-9.0;13.0
2119;14.036666666666667;13.0;21.0;-8.0;13.0
2129;13.883333333333333;13.0;24.0;-11.0;13.0
2139;13.753333333333334;13.0;24.0;-11.0;13.0
2149;14.113333333333333;13.0;25.0;-12.0;13.0
2159;13.673333333333334;13.0;25.0;-12.0;13.0
2169;14.09;13.0;26.0;-13.0;13.0
2179;14.163333333333334;13.0;26.0;-13.0;13.0
2189;14.023333333333333;13.0;24.0;-11.0;13.0
2199;13.826666666666666;13.0;24.0;-11.0;13.0
2209;14.016666666666667;13.0;24.0;-11.0;13.0
2219;13.916666666666666;13.0;25.0;-12.0;13.0
2229;13.943333333333333;13.0;26.0;-13.0;13.0
2239;14.22;13.0;25.0;-12.0;13.0
2249;14.173333333333334;13.0;23.0;-10.0;13.0
2259;13.896666666666667;13.0;24.0;-11.0;13.0
2269;14.086666666666666;13.0;24.0;-11.0;13.0
2279;14.136666666666667;13.0;26.0;-13.0;13.0
2289;13.866666666666667;13.0;23.0;-10.0;13.0
2299;13.99;13.0;24.0;-11.0;13.0
2309;13.913333333333334;13.0;22.0;-9.0;13.0
2319;13.956666666666667;13.0;29.0;-16.0;13.0
2329;13.943333333333333;13.0;23.0;-10.0;13.0
2339;14.02;13.0;24.0;-11.0;13.0
2349;14.056666666666667;13.0;25.0;-12.0;13.0
2359;13.81;13.0;23.0;-10.0;13.0
2369;13.863333333333333;13.0;25.0;-12.0;13.0
2379;13.913333333333334;13.0;22.0;-9.0;13.0
2389;14.093333333333334;13.0;24.0;-11.0;13.0
2399;14.036666666666667;13.0;22.0;-9.0;13.0
2409;13.896666666666667;13.0;26.0;-13.0;13.0
2419;14.09;13.0;23.0;-10.0;13.0
2429;14.073333333333334;13.0;23.0;-10.0;13.0
2439;14.1;13.0;27.0;-14.0;13.0
2449;14.033333333333333;13.0;25.0;-12.0;13.0
2459;13.74;13.0;19.0;-6.0;13.0
2469;13.94;13.0;27.0;-14.0;13.0
2479;13.953333333333333;13.0;22.0;-9.0;13.0
2489;13.953333333333333;13.0;23.0;-10.0;13.0
2499;13.926666666666666;13.0;29.0;-16.0;13.0
2509;14.03;13.0;25.0;-12.0;13.0
2519;13.923333333333334;13.0;24.0;-11.0;13.0
2529;13.856666666666667;12.0;23.0;-11.0;12.0
2539;13.023333333333333;12.0;27.0;-15.0;12.0
2549;13.086666666666666;12.0;24.0;-12.0;12.0
2559;13.163333333333334;12.0;22.0;-10.0;12.0
2569;12.95;12.0;23.0;-11.0;12.0
2579;12.856666666666667;12.0;26.0;-14.0;12.0
2589;12.833333333333334;12.0;21.0;-9.0;12.0
2599;12.913333333333334;12.0;22.0;-10.0;12.0
2609;12.863333333333333;12.0;21.0;-9.0;12.0
2619;12.726666666666667;12.0;23.0;-11.0;12.0
2629;13.046666666666667;12.0;21.0;-9.0;12.0
2639;13.11;12.0;24.0;-12.0;12.0
2649;12.856666666666667;12.0;23.0;-11.0;12.0
2659;12.966666666666667;12.0;22.0;-10.0;12.0
2669;12.976666666666667;12.0;25.0;-13.0;12.0
2679;12.976666666666667;12.0;22.0;-10.0;12.0
2689;12.903333333333334;12.0;22.0;-10.0;12.0
2699;12.753333333333334;12.0;24.0;-12.0;12.0
2709;13.03;12.0;23.0;-11.0;12.0
2719;13.066666666666666;12.0;24.0;-12.0;12.0
2729;13.113333333333333;12.0;24.0;-12.0;12.0
2739;12.9;12.0;23.0;-11.0;12.0
2749;12.96;12.0;26.0;-14.0;12.0
2759;12.996666666666666;12.0;24.0;-12.0;12.0
2769;12.956666666666667;12.0;23.0;-11.0;12.0
2779;13.093333333333334;12.0;23.0;-11.0;12.0
2789;12.943333333333333;12.0;23.0;-11.0;12.0
2799;12.866666666666667;12.0;24.0;-12.0;12.0
2809;12.843333333333334;12.0;22.0;-10.0;12.0
2819;13.2;12.0;23.0;-11.0;12.0
2829;13.003333333333334;12.0;23.0;-11.0;12.0
2839;13.16;12.0;24.0;-12.0;12.0
2849;12.8;12.0;23.0;-11.0;12.0
2859;13.07;12.0;24.0;-12.0;12.0
2869;12.82;12.0;22.0;-10.0;12.0
2879;12.763333333333334;12.0;24.0;-12.0;12.0
2889;12.883333333333333;12.0;21.0;-9.0;12.0
2899;12.966666666666667;12.0;28.0;-16.0;12.0
2909;12.716666666666667;12.0;23.0;-11.0;12.0
2919;12.963333333333333;12.0;23.0;-11.0;12.0
2929;12.733333333333333;12.0;25.0;-13.0;12.0
2939;12.94;12.0;22.0;-10.0;12.0
2949;13.25;12.0;23.0;-11.0;12.0
2959;13.176666666666666;12.0;24.0;-12.0;12.0
2969;13.116666666666667;12.0;23.0;-11.0;12.0
2979;12.983333333333333;12.0;27.0;-15.0;12.0
2989;13.096666666666666;12.0;22.0;-10.0;12.0
2999;12.726666666666667;12.0;20.0;-8.0;12.0
3009;12.92;12.0;20.0;-8.0;12.0
3019;12.936666666666667;12.0;23.0;-11.0;12.0
3029;12.933333333333334;12.0;24.0;-12.0;12.0
3039;13.066666666666666;12.0;26.0;-14.0;12.0
3049;12.93;12.0;25.0;-13.0;12.0
3059;13.046666666666667;12.0;18.0;-6.0;12.0
3069;12.876666666666667;12.0;23.0;-11.0;12.0
3079;13.056666666666667;12.0;23.0;-11.0;12.0
3089;12.946666666666667;12.0;24.0;-12.0;12.0
3099;13.09;12.0;21.0;-9.0;12.0
3109;12.946666666666667;12.0;21.0;-9.0;12.0
3119;13.08;12.0;22.0;-10.0;12.0
3129;12.896666666666667;12.0;22.0;-10.0;12.0
3139;12.803333333333333;12.0;22.0;-10.0;12.0
3149;12.93;12.0;20.0;-8.0;12.0
3159;12.986666666666666;12.0;23.0;-11.0;12.0
3169;13.146666666666667;12.0;23.0;-11.0;12.0
3179;12.966666666666667;12.0;23.0;-11.0;12.0
3189;13.02;12.0;23.0;-11.0;12.0
3199;12.996666666666666;12.0;24.0;-12.0;12.0
3209;13.15;12.0;23.0;-11.0;12.0
3219;12.716666666666667;12.0;23.0;-11.0;12.0
3229;12.896666666666667;12.0;21.0;-9.0;12.0
3239;12.993333333333334;12.0;23.0;-11.0;12.0
3249;12.776666666666667;12.0;23.0;-11.0;12.0
3259;13.03;12.0;24.0;-12.0;12.0
3269;13.086666666666666;12.0;24.0;-12.0;12.0
3279;12.836666666666666;12.0;23.0;-11.0;12.0
3289;13.01;12.0;23.0;-11.0;12.0
3299;13.12;12.0;24.0;-12.0;12.0
3309;12.98;12.0;27.0;-15.0;12.0
3319;13.04;12.0;22.0;-10.0;12.0
3329;12.816666666666666;12.0;21.0;-9.0;12.0
3339;12.986666666666666;12.0;23.0;-11.0;12.0
3349;12.92;12.0;22.0;-10.0;12.0
3359;12.786666666666667;12.0;22.0;-10.0;12.0
3369;12.766666666666667;12.0;24.0;-12.0;12.0
3379;12.986666666666666;12.0;18.0;-6.0;12.0
3389;12.966666666666667;12.0;24.0;-12.0;12.0
3399;13.133333333333333;12.0;23.0;-11.0;12.0
3409;13.05;12.0;23.0;-11.0;12.0
3419;12.796666666666667;12.0;22.0;-10.0;12.0
3429;13.053333333333333;12.0;22.0;-10.0;12.0
3439;13.1;12.0;24.0;-12.0;12.0
3449;12.813333333333333;12.0;23.0;-11.0;12.0
3459;13.03;12.0;21.0;-9.0;12.0
3469;12.79;12.0;28.0;-16.0;12.0
3479;13.01;12.0;23.0;-11.0;12.0
3489;12.983333333333333;12.0;22.0;-10.0;12.0
3499;13.146666666666667;12.0;22.0;-10.0;12.0
3509;13.046666666666667;12.0;23.0;-11.0;12.0
3519;12.856666666666667;12.0;21.0;-9.0;12.0
3529;12.823333333333334;12.0;20.0;-8.0;12.0
3539;13.013333333333334;12.0;23.0;-11.0;12.0
3549;12.826666666666666;12.0;20.0;-8.0;12.0
3559;12.913333333333334;12.0;24.0;-12.0;12.0
3569;13.08;12.0;24.0;-12.0;12.0
3579;13.086666666666666;12.0;28.0;-16.0;12.0
3589;12.943333333333333;12.0;23.0;-11.0;12.0
3599;12.923333333333334;12.0;24.0;-12.0;12.0
3609;12.81;12.0;21.0;-9.0;12.0
3619;12.91;12.0;22.0;-10.0;12.0
3629;12.793333333333333;12.0;21.0;-9.0;12.0
3639;12.96;12.0;22.0;-10.0;12.0
3649;12.916666666666666;12.0;25.0;-13.0;12.0
3659;13.013333333333334;12.0;24.0;-12.0;12.0
3669;12.916666666666666;12.0;24.0;-12.0;12.0
3679;12.973333333333333;12.0;22.0;-10.0;12.0
3689;12.786666666666667;12.0;23.0;-11.0;12.0
3699;13.03;12.0;23.0;-11.0;12.0
3709;13.113333333333333;12.0;23.0;-11.0;12.0
3719;12.913333333333334;12.0;23.0;-11.0;12.0
3729;13.08;12.0;26.0;-14.0;12.0
3739;13.14;12.0;24.0;-12.0;12.0
3749;12.85;12.0;21.0;-9.0;12.0
3759;12.823333333333334;12.0;23.0;-11.0;12.0
3769;13.023333333333333;12.0;22.0;-10.0;12.0
3779;12.933333333333334;12.0;23.0;-11.0;12.0
3789;13.01;12.0;20.0;-8.0;12.0
3799;12.906666666666666;12.0;24.0;-12.0;12.0
3809;12.993333333333334;12.0;22.0;-10.0;12.0
3819;12.98;12.0;24.0;-12.0;12.0
3829;13.1;12.0;24.0;-12.0;12.0
3839;13.013333333333334;12.0;26.0;-14.0;12.0
3849;12.906666666666666;12.0;20.0;-8.0;12.0
3859;13.156666666666666;12.0;24.0;-12.0;12.0
3869;13.186666666666667;12.0;22.0;-10.0;12.0
3879;12.916666666666666;12.0;22.0;-10.0;12.0
3889;12.796666666666667;12.0;23.0;-11.0;12.0
3899;13.06;12.0;22.0;-10.0;12.0
3909;13.046666666666667;12.0;23.0;-11.0;12.0
3919;13.036666666666667;12.0;26.0;-14.0;12.0
3929;13.033333333333333;12.0;26.0;-14.0;12.0
3939;13.286666666666667;12.0;21.0;-9.0;12.0
3949;12.76;12.0;20.0;-8.0;12.0
3959;12.876666666666667;12.0;23.0;-11.0;12.0
3969;13.05;12.0;23.0;-11.0;12.0
3979;12.9;12.0;22.0;-10.0;12.0
3989;12.876666666666667;12.0;20.0;-8.0;12.0
3999;12.933333333333334;12.0;23.0;-11.0;12.0
4009;13.19;12.0;24.0;-12.0;12.0
4019;12.903333333333334;12.0;22.0;-10.0;12.0
4029;13.076666666666666;12.0;27.0;-15.0;12.0
4039;13.246666666666666;12.0;23.0;-11.0;12.0
4049;12.976666666666667;12.0;24.0;-12.0;12.0
4059;12.836666666666666;12.0;21.0;-9.0;12.0
4069;12.723333333333333;12.0;18.0;-6.0;12.0
4079;12.953333333333333;12.0;24.0;-12.0;12.0
4089;13.02;12.0;24.0;-12.0;12.0
4099;12.933333333333334;12.0;21.0;-9.0;12.0
4109;12.986666666666666;12.0;24.0;-12.0;12.0
4119;13.1;12.0;25.0;-13.0;12.0
4129;13.143333333333333;12.0;22.0;-10.0;12.0
4139;12.946666666666667;12.0;23.0;-11.0;12.0
4149;12.843333333333334;12.0;20.0;-8.0;12.0
4159;13.06;12.0;24.0;-12.0;12.0
4169;12.846666666666666;12.0;23.0;-11.0;12.0
4179;13.016666666666667;12.0;23.0;-11.0;12.0
4189;13.01;12.0;23.0;-11.0;12.0
4199;13.033333333333333;12.0;22.0;-10.0;12.0
4209;12.873333333333333;12.0;23.0;-11.0;12.0
4219;12.983333333333333;12.0;24.0;-12.0;12.0
4229;13.21;12.0;26.0;-14.0;12.0
4239;13.016666666666667;12.0;24.0;-12.0;12.0
4249;12.856666666666667;12.0;24.0;-12.0;12.0
4259;13.16;12.0;23.0;-11.0;12.0
4269;12.85;12.0;23.0;-11.0;12.0
4279;12.876666666666667;12.0;22.0;-10.0;12.0
4289;12.923333333333334;12.0;22.0;-10.0;12.0
4299;12.813333333333333;12.0;23.0;-11.0;12.0
4309;12.783333333333333;12.0;18.0;-6.0;12.0
4319;13.08;12.0;22.0;-10.0;12.0
4329;13.046666666666667;12.0;24.0;-12.0;12.0
4339;13.136666666666667;12.0;22.0;-10.0;12.0
4349;13.07;12.0;24.0;-12.0;12.0
4359;12.953333333333333;12.0;24.0;-12.0;12.0
4369;12.99;12.0;23.0;-11.0;12.0
4379;13.016666666666667;12.0;22.0;-10.0;12.0
4389;12.976666666666667;12.0;23.0;-11.0;12.0
4399;12.916666666666666;12.0;24.0;-12.0;12.0
4409;13.023333333333333;12.0;23.0;-11.0;12.0
4419;12.996666666666666;12.0;22.0;-10.0;12.0
4429;12.776666666666667;12.0;21.0;-9.0;12.0
4439;12.916666666666666;12.0;23.0;-11.0;12.0
4449;12.916666666666666;12.0;22.0;-10.0;12.0
4459;13.016666666666667;12.0;22.0;-10.0;12.0
4469;13.1;12.0;23.0;-11.0;12.0
4479;13.103333333333333;12.0;24.0;-12.0;12.0
4489;12.9;12.0;22.0;-10.0;12.0
4499;12.923333333333334;12.0;23.0;-11.0;12.0
4509;13.01;12.0;23.0;-11.0;12.0
4519;12.976666666666667;12.0;23.0;-11.0;12.0
4529;12.836666666666666;12.0;24.0;-12.0;12.0
4539;12.88;12.0;22.0;-10.0;12.0
4549;12.676666666666666;12.0;21.0;-9.0;12.0
4559;12.89;12.0;24.0;-12.0;12.0
4569;13.026666666666667;12.0;24.0;-12.0;12.0
4579;12.993333333333334;12.0;24.0;-12.0;12.0
4589;12.963333333333333;12.0;24.0;-12.0;12.0
4599;13.043333333333333;12.0;20.0;-8.0;12.0
4609;12.953333333333333;12.0;23.0;-11.0;12.0
4619;12.746666666666666;12.0;23.0;-11.0;12.0
4629;13.143333333333333;12.0;23.0;-11.0;12.0
4639;13.016666666666667;12.0;20.0;-8.0;12.0
4649;13.02;12.0;22.0;-10.0;12.0
4659;13.086666666666666;12.0;29.0;-17.0;12.0
4669;13.133333333333333;12.0;22.0;-10.0;12.0
4679;13.006666666666666;12.0;21.0;-9.0;12.0
4689;12.96;12.0;23.0;-11.0;12.0
4699;13.07;12.0;24.0;-12.0;12.0
4709;12.853333333333333;12.0;22.0;-10.0;12.0
4719;12.993333333333334;12.0;24.0;-12.0;12.0
4729;13.006666666666666;12.0;23.0;-11.0;12.0
4739;12.97;12.0;24.0;-12.0;12.0
4749;12.803333333333333;12.0;23.0;-11.0;12.0
4759;12.9;12.0;25.0;-13.0;12.0
4769;13.113333333333333;12.0;22.0;-10.0;12.0
4779;13.056666666666667;12.0;27.0;-15.0;12.0
4789;12.8;12.0;27.0;-15.0;12.0
4799;13.02;12.0;23.0;-11.0;12.0
4809;12.943333333333333;12.0;23.0;-11.0;12.0
4819;12.99;12.0;29.0;-17.0;12.0
4829;13.0;12.0;21.0;-9.0;12.0
4839;12.933333333333334;12.0;28.0;-16.0;12.0
4849;12.95;12.0;24.0;-12.0;12.0
4859;13.163333333333334;12.0;22.0;-10.0;12.0
4869;12.78;12.0;18.0;-6.0;12.0
4879;12.96;12.0;23.0;-11.0;12.0
4889;13.0;12.0;23.0;-11.0;12.0
4899;12.87;12.0;20.0;-8.0;12.0
4909;12.966666666666667;12.0;22.0;-10.0;12.0
4919;13.066666666666666;12.0;24.0;-12.0;12.0
4929;13.02;12.0;22.0;-10.0;12.0
4939;12.986666666666666;12.0;24.0;-12.0;12.0
4949;13.056666666666667;12.0;22.0;-10.0;12.0
4959;12.743333333333334;12.0;21.0;-9.0;12.0
4969;13.08;12.0;23.0;-11.0;12.0
4979;13.006666666666666;12.0;24.0;-12.0;12.0
4989;12.933333333333334;12.0;23.0;-11.0;12.0
4999;12.916666666666666;12.0;19.0;-7.0;12.0
5009;13.023333333333333;12.0;26.0;-14.0;12.0
5019;12.96;12.0;23.0;-11.0;12.0
5029;13.02;12.0;22.0;-10.0;12.0
5039;13.126666666666667;12.0;23.0;-11.0;12.0
5049;12.896666666666667;12.0;23.0;-11.0;12.0
5059;12.84;12.0;19.0;-7.0;12.0
5069;12.9;12.0;24.0;-12.0;12.0
5079;13.11;12.0;23.0;-11.0;12.0
5089;12.703333333333333;12.0;22.0;-10.0;12.0
5099;12.913333333333334;12.0;26.0;-14.0;12.0
5109;12.87;12.0;21.0;-9.0;12.0
5119;12.943333333333333;12.0;24.0;-12.0;12.0
5129;13.01;12.0;24.0;-12.0;12.0
5139;12.896666666666667;12.0;23.0;-11.0;12.0
5149;13.056666666666667;12.0;22.0;-10.0;12.0
5159;12.966666666666667;12.0;24.0;-12.0;12.0
5169;12.883333333333333;12.0;19.0;-7.0;12.0
5179;12.96;12.0;23.0;-11.0;12.0
5189;13.016666666666667;12.0;24.0;-12.0;12.0
5199;13.103333333333333;12.0;24.0;-12.0;12.0
5209;12.836666666666666;12.0;20.0;-8.0;12.0
5219;12.93;12.0;24.0;-12.0;12.0
5229;13.146666666666667;12.0;22.0;-10.0;12.0
5239;13.04;12.0;30.0;-18.0;12.0
5249;13.046666666666667;12.0;21.0;-9.0;12.0
5259;12.816666666666666;12.0;21.0;-9.0;12.0
5269;12.896666666666667;12.0;22.0;-10.0;12.0
5279;12.906666666666666;12.0;24.0;-12.0;12.0
5289;12.983333333333333;12.0;21.0;-9.0;12.0
5299;13.063333333333333;12.0;22.0;-10.0;12.0
5309;12.976666666666667;12.0;22.0;-10.0;12.0
5319;12.886666666666667;12.0;24.0;-12.0;12.0
5329;13.063333333333333;12.0;24.0;-12.0;12.0
5339;13.143333333333333;12.0;24.0;-12.0;12.0
5349;12.883333333333333;12.0;24.0;-12.0;12.0
5359;12.816666666666666;12.0;20.0;-8.0;12.0
5369;12.99;12.0;22.0;-10.0;12.0
5379;12.836666666666666;12.0;24.0;-12.0;12.0
5389;12.983333333333333;12.0;25.0;-13.0;12.0
5399;12.926666666666666;12.0;20.0;-8.0;12.0
5409;13.053333333333333;12.0;23.0;-11.0;12.0
5419;13.003333333333334;12.0;24.0;-12.0;12.0
5429;12.973333333333333;12.0;21.0;-9.0;12.0
5439;12.81;12.0;23.0;-11.0;12.0
5449;12.84;12.0;22.0;-10.0;12.0
5459;13.236666666666666;12.0;24.0;-12.0;12.0
5469;12.97;12.0;23.0;-11.0;12.0
5479;12.983333333333333;12.0;23.0;-11.0;12.0
5489;12.88;12.0;24.0;-12.0;12.0
5499;12.99;12.0;23.0;-11.0;12.0
5509;12.943333333333333;12.0;23.0;-11.0;12.0
5519;13.086666666666666;12.0;24.0;-12.0;12.0
5529;12.93;12.0;23.0;-11.0;12.0
5539;12.873333333333333;12.0;23.0;-11.0;12.0
5549;12.996666666666666;12.0;22.0;-10.0;12.0
5559;12.926666666666666;12.0;24.0;-12.0;12.0
5569;12.963333333333333;12.0;23.0;-11.0;12.0
5579;13.143333333333333;12.0;25.0;-13.0;12.0
5589;12.963333333333333;12.0;27.0;-15.0;12.0
5599;12.826666666666666;12.0;22.0;-10.0;12.0
5609;13.013333333333334;12.0;24.0;-12.0;12.0
5619;12.923333333333334;12.0;24.0;-12.0;12.0
5629;12.97;12.0;22.0;-10.0;12.0
5639;12.92;12.0;25.0;-13.0;12.0
5649;12.903333333333334;12.0;20.0;-8.0;12.0
5659;13.18;12.0;24.0;-12.0;12.0
5669;12.96;12.0;20.0;-8.0;12.0
5679;12.89;12.0;24.0;-12.0;12.0
5689;13.19;12.0;22.0;-10.0;12.0
5699;12.856666666666667;12.0;23.0;-11.0;12.0
5709;13.016666666666667;12.0;25.0;-13.0;12.0
5719;13.243333333333334;12.0;24.0;-12.0;12.0
5729;13.02;12.0;23.0;-11.0;12.0
5739;13.073333333333334;12.0;24.0;-12.0;12.0
5749;13.08;12.0;30.0;-18.0;12.0
5759;13.163333333333334;12.0;24.0;-12.0;12.0
5769;13.003333333333334;12.0;24.0;-12.0;12.0
5779;13.046666666666667;12.0;24.0;-12.0;12.0
5789;12.933333333333334;12.0;20.0;-8.0;12.0
5799;12.806666666666667;12.0;24.0;-12.0;12.0
5809;13.126666666666667;12.0;23.0;-11.0;12.0
5819;13.156666666666666;12.0;22.0;-10.0;12.0
5829;13.02;12.0;25.0;-13.0;12.0
5839;12.983333333333333;12.0;25.0;-13.0;12.0
5849;12.866666666666667;12.0;23.0;-11.0;12.0
5859;12.966666666666667;12.0;22.0;-10.0;12.0
5869;13.03;12.0;22.0;-10.0;12.0
5879;12.986666666666666;12.0;24.0;-12.0;12.0
5889;13.106666666666667;12.0;28.0;-16.0;12.0
5899;12.976666666666667;12.0;22.0;-10.0;12.0
5909;12.95;12.0;24.0;-12.0;12.0
5919;12.88;12.0;23.0;-11.0;12.0
5929;12.946666666666667;12.0;22.0;-10.0;12.0
5939;13.016666666666667;12.0;23.0;-11.0;12.0
5949;12.896666666666667;12.0;24.0;-12.0;12.0
5959;12.886666666666667;12.0;21.0;-9.0;12.0
5969;13.186666666666667;12.0;24.0;-12.0;12.0
5979;13.096666666666666;12.0;22.0;-10.0;12.0
5989;12.97;12.0;24.0;-12.0;12.0
5999;13.003333333333334;12.0;23.0;-11.0;12.0
6009;12.786666666666667;12.0;23.0;-11.0;12.0
6019;13.06;12.0;23.0;-11.0;12.0
6029;13.086666666666666;12.0;21.0;-9.0;12.0
6039;12.87;12.0;24.0;-12.0;12.0
6049;12.903333333333334;12.0;21.0;-9.0;12.0
6059;13.15;12.0;27.0;-15.0;12.0
6069;13.253333333333334;12.0;25.0;-13.0;12.0
6079;12.903333333333334;12.0;23.0;-11.0;12.0
6089;12.953333333333333;12.0;24.0;-12.0;12.0
6099;13.12;12.0;24.0;-12.0;12.0
6109;13.036666666666667;12.0;24.0;-12.0;12.0
6119;13.106666666666667;12.0;24.0;-12.0;12.0
6129;12.976666666666667;12.0;24.0;-12.0;12.0
6139;12.99;12.0;24.0;-12.0;12.0
6149;12.96;12.0;21.0;-9.0;12.0
6159;13.03;12.0;24.0;-12.0;12.0
6169;12.723333333333333;12.0;22.0;-10.0;12.0
6179;12.936666666666667;12.0;23.0;-11.0;12.0
6189;12.796666666666667;12.0;23.0;-11.0;12.0
6199;13.226666666666667;12.0;24.0;-12.0;12.0
6209;13.026666666666667;12.0;23.0;-11.0;12.0
6219;12.9;12.0;24.0;-12.0;12.0
6229;12.813333333333333;12.0;23.0;-11.0;12.0
6239;12.97;12.0;24.0;-12.0;12.0
6249;13.066666666666666;12.0;26.0;-14.0;12.0
6259;12.983333333333333;12.0;20.0;-8.0;12.0
6269;12.903333333333334;12.0;22.0;-10.0;12.0
6279;13.016666666666667;12.0;22.0;-10.0;12.0
6289;12.903333333333334;12.0;24.0;-12.0;12.0
6299;13.006666666666666;12.0;23.0;-11.0;12.0
6309;13.073333333333334;12.0;21.0;-9.0;12.0
6319;12.926666666666666;12.0;22.0;-10.0;12.0
6329;12.956666666666667;12.0;22.0;-10.0;12.0
6339;13.18;12.0;23.0;-11.0;12.0
6349;13.046666666666667;12.0;22.0;-10.0;12.0
6359;12.963333333333333;12.0;22.0;-10.0;12.0
6369;13.06;12.0;23.0;-11.0;12.0
6379;12.743333333333334;12.0;20.0;-8.0;12.0
6389;12.853333333333333;12.0;23.0;-11.0;12.0
6399;12.923333333333334;12.0;24.0;-12.0;12.0
6409;12.933333333333334;12.0;22.0;-10.0;12.0
6419;13.02;12.0;21.0;-9.0;12.0
6429;13.15;12.0;23.0;-11.0;12.0
6439;12.76;12.0;20.0;-8.0;12.0
6449;12.786666666666667;12.0;23.0;-11.0;12.0
6459;13.1;12.0;25.0;-13.0;12.0
6469;12.913333333333334;12.0;24.0;-12.0;12.0
6479;13.123333333333333;12.0;22.0;-10.0;12.0
6489;12.966666666666667;12.0;25.0;-13.0;12.0
6499;12.963333333333333;12.0;22.0;-10.0;12.0
6509;13.02;12.0;23.0;-11.0;12.0
6519;12.826666666666666;12.0;23.0;-11.0;12.0
6529;13.046666666666667;12.0;26.0;-14.0;12.0
6539;13.02;12.0;25.0;-13.0;12.0
6549;13.01;12.0;22.0;-10.0;12.0
6559;12.82;12.0;24.0;-12.0;12.0
6569;12.916666666666666;12.0;21.0;-9.0;12.0
6579;12.906666666666666;12.0;22.0;-10.0;12.0
6589;12.973333333333333;12.0;22.0;-10.0;12.0
6599;12.943333333333333;12.0;21.0;-9.0;12.0
6609;13.056666666666667;12.0;23.0;-11.0;12.0
6619;13.02;12.0;22.0;-10.0;12.0
6629;12.83;12.0;23.0;-11.0;12.0
6639;13.12;12.0;23.0;-11.0;12.0
6649;12.99;12.0;23.0;-11.0;12.0
6659;12.966666666666667;12.0;23.0;-11.0;12.0
6669;12.863333333333333;12.0;22.0;-10.0;12.0
6679;12.89;12.0;25.0;-13.0;12.0
6689;13.03;12.0;24.0;-12.0;12.0
6699;12.9;12.0;24.0;-12.0;12.0
6709;12.943333333333333;12.0;22.0;-10.0;12.0
6719;13.113333333333333;12.0;22.0;-10.0;12.0
6729;13.11;12.0;25.0;-13.0;12.0
6739;13.016666666666667;12.0;22.0;-10.0;12.0
6749;12.93;12.0;24.0;-12.0;12.0
6759;12.763333333333334;12.0;24.0;-12.0;12.0
6769;12.943333333333333;12.0;21.0;-9.0;12.0
6779;13.0;12.0;23.0;-11.0;12.0
6789;13.04;12.0;24.0;-12.0;12.0
6799;12.876666666666667;12.0;27.0;-15.0;12.0
6809;12.936666666666667;12.0;23.0;-11.0;12.0
6819;12.836666666666666;12.0;23.0;-11.0;12.0
6829;12.87;12.0;22.0;-10.0;12.0
6839;12.913333333333334;12.0;24.0;-12.0;12.0
6849;13.006666666666666;12.0;24.0;-12.0;12.0
6859;13.023333333333333;12.0;21.0;-9.0;12.0
6869;13.046666666666667;12.0;23.0;-11.0;12.0
6879;13.1;12.0;24.0;-12.0;12.0
6889;13.016666666666667;12.0;24.0;-12.0;12.0
6899;13.016666666666667;12.0;24.0;-12.0;12.0
6909;13.213333333333333;12.0;23.0;-11.0;12.0
6919;12.803333333333333;12.0;22.0;-10.0;12.0
6929;12.94;12.0;23.0;-11.0;12.0
6939;12.936666666666667;12.0;24.0;-12.0;12.0
6949;12.903333333333334;12.0;19.0;-7.0;12.0
6959;12.993333333333334;12.0;23.0;-11.0;12.0
6969;12.836666666666666;12.0;23.0;-11.0;12.0
6979;13.016666666666667;12.0;22.0;-10.0;12.0
6989;13.196666666666667;12.0;23.0;-11.0;12.0
6999;12.973333333333333;12.0;24.0;-12.0;12.0
7009;12.96;12.0;21.0;-9.0;12.0
7019;12.983333333333333;12.0;19.0;-7.0;12.0
7029;13.086666666666666;12.0;23.0;-11.0;12.0
7039;13.156666666666666;12.0;25.0;-13.0;12.0
7049;13.1;12.0;24.0;-12.0;12.0
7059;13.086666666666666;12.0;21.0;-9.0;12.0
7069;12.986666666666666;12.0;23.0;-11.0;12.0
7079;13.163333333333334;12.0;23.0;-11.0;12.0
7089;13.036666666666667;12.0;23.0;-11.0;12.0
7099;13.03;12.0;24.0;-12.0;12.0
7109;12.83;12.0;23.0;-11.0;12.0
7119;13.116666666666667;12.0;24.0;-12.0;12.0
7129;12.98;12.0;23.0;-11.0;12.0
7139;12.76;12.0;23.0;-11.0;12.0
7149;13.02;12.0;26.0;-14.0;12.0
7159;12.843333333333334;12.0;20.0;-8.0;12.0
7169;12.883333333333333;12.0;23.0;-11.0;12.0
7179;12.903333333333334;12.0;24.0;-12.0;12.0
7189;12.956666666666667;12.0;24.0;-12.0;12.0
7199;13.213333333333333;12.0;23.0;-11.0;12.0
7209;12.853333333333333;12.0;23.0;-11.0;12.0
7219;12.993333333333334;12.0;22.0;-10.0;12.0
7229;13.2;12.0;28.0;-16.0;12.0
7239;12.84;12.0;23.0;-11.0;12.0
7249;12.923333333333334;12.0;22.0;-10.0;12.0
7259;13.143333333333333;12.0;23.0;-11.0;12.0
7269;13.296666666666667;12.0;23.0;-11.0;12.0
7279;12.873333333333333;12.0;22.0;-10.0;12.0
7289;13.05;12.0;22.0;-10.0;12.0
7299;13.08;12.0;24.0;-12.0;12.0
7309;12.96;12.0;25.0;-13.0;12.0
7319;13.083333333333334;12.0;26.0;-14.0;12.0
7329;12.9;12.0;27.0;-15.0;12.0
7339;13.113333333333333;12.0;24.0;-12.0;12.0
7349;12.903333333333334;12.0;23.0;-11.0;12.0
7359;12.9;12.0;23.0;-11.0;12.0
7369;13.166666666666666;12.0;24.0;-12.0;12.0
7379;12.923333333333334;12.0;22.0;-10.0;12.0
7389;13.063333333333333;12.0;25.0;-13.0;12.0
7399;12.796666666666667;12.0;20.0;-8.0;12.0
7409;13.05;12.0;24.0;-12.0;12.0
7419;12.94;12.0;25.0;-13.0;12.0
7429;12.97;12.0;23.0;-11.0;12.0
7439;13.096666666666666;12.0;23.0;-11.0;12.0
7449;13.343333333333334;12.0;24.0;-12.0;12.0
7459;13.09;12.0;24.0;-12.0;12.0
7469;12.9;12.0;22.0;-10.0;12.0
7479;12.98;12.0;22.0;-10.0;12.0
7489;12.91;12.0;24.0;-12.0;12.0
7499;12.803333333333333;12.0;22.0;-10.0;12.0
7509;12.893333333333333;12.0;25.0;-13.0;12.0
7519;12.94;12.0;22.0;-10.0;12.0
7529;13.03;12.0;20.0;-8.0;12.0
7539;12.9;12.0;24.0;-12.0;12.0
7549;12.893333333333333;12.0;24.0;-12.0;12.0
7559;13.07;12.0;24.0;-12.0;12.0
7569;13.133333333333333;12.0;22.0;-10.0;12.0
7579;12.843333333333334;12.0;22.0;-10.0;12.0
7589;12.883333333333333;12.0;28.0;-16.0;12.0
7599;12.853333333333333;12.0;25.0;-13.0;12.0
7609;13.09;12.0;22.0;-10.0;12.0
7619;12.926666666666666;12.0;24.0;-12.0;12.0
7629;12.853333333333333;12.0;23.0;-11.0;12.0
7639;13.093333333333334;12.0;24.0;-12.0;12.0
7649;12.983333333333333;12.0;24.0;-12.0;12.0
7659;12.94;12.0;22.0;-10.0;12.0
7669;13.226666666666667;12.0;23.0;-11.0;12.0
7679;13.2;12.0;26.0;-14.0;12.0
7689;12.9;12.0;26.0;-14.0;12.0
7699;13.02;12.0;21.0;-9.0;12.0
7709;13.02;12.0;23.0;-11.0;12.0
7719;12.883333333333333;12.0;23.0;-11.0;12.0
7729;13.02;12.0;24.0;-12.0;12.0
7739;12.96;12.0;23.0;-11.0;12.0
7749;12.87;12.0;23.0;-11.0;12.0
7759;12.88;12.0;24.0;-12.0;12.0
7769;13.02;12.0;22.0;-10.0;12.0
7779;13.0;12.0;24.0;-12.0;12.0
7789;12.886666666666667;12.0;21.0;-9.0;12.0
7799;13.25;12.0;24.0;-12.0;12.0
7809;12.846666666666666;12.0;22.0;-10.0;12.0
7819;13.146666666666667;12.0;21.0;-9.0;12.0
7829;12.983333333333333;12.0;28.0;-16.0;12.0
7839;12.94;12.0;24.0;-12.0;12.0
7849;12.976666666666667;12.0;23.0;-11.0;12.0
7859;12.96;12.0;23.0;-11.0;12.0
7869;13.156666666666666;12.0;23.0;-11.0;12.0
7879;12.87;12.0;23.0;-11.0;12.0
7889;13.083333333333334;12.0;25.0;-13.0;12.0
7899;12.94;12.0;24.0;-12.0;12.0
7909;13.143333333333333;12.0;24.0;-12.0;12.0
7919;12.903333333333334;12.0;22.0;-10.0;12.0
7929;13.003333333333334;12.0;23.0;-11.0;12.0
7939;12.883333333333333;12.0;27.0;-15.0;12.0
7949;12.98;12.0;23.0;-11.0;12.0
7959;12.91;12.0;22.0;-10.0;12.0
7969;13.006666666666666;12.0;24.0;-12.0;12.0
7979;13.036666666666667;12.0;23.0;-11.0;12.0
7989;12.933333333333334;12.0;22.0;-10.0;12.0
7999;13.126666666666667;12.0;23.0;-11.0;12.0
8009;12.766666666666667;12.0;19.0;-7.0;12.0
8019;13.116666666666667;12.0;24.0;-12.0;12.0
8029;12.986666666666666;12.0;23.0;-11.0;12.0
8039;13.04;12.0;20.0;-8.0;12.0
8049;12.806666666666667;12.0;22.0;-10.0;12.0
8059;12.916666666666666;12.0;24.0;-12.0;12.0
8069;12.893333333333333;12.0;23.0;-11.0;12.0
8079;12.893333333333333;12.0;22.0;-10.0;12.0
8089;13.033333333333333;12.0;24.0;-12.0;12.0
8099;12.843333333333334;12.0;23.0;-11.0;12.0
8109;12.96;12.0;27.0;-15.0;12.0
8119;12.9;12.0;22.0;-10.0;12.0
8129;13.19;12.0;24.0;-12.0;12.0
8139;13.02;12.0;21.0;-9.0;12.0
8149;12.876666666666667;12.0;22.0;-10.0;12.0
8159;12.976666666666667;12.0;27.0;-15.0;12.0
8169;12.866666666666667;12.0;19.0;-7.0;12.0
8179;13.043333333333333;12.0;23.0;-11.0;12.0
8189;12.94;12.0;22.0;-10.0;12.0
8199;12.846666666666666;12.0;24.0;-12.0;12.0
8209;12.956666666666667;12.0;21.0;-9.0;12.0
8219;13.103333333333333;12.0;22.0;-10.0;12.0
8229;13.143333333333333;12.0;24.0;-12.0;12.0
8239;12.883333333333333;12.0;20.0;-8.0;12.0
8249;12.983333333333333;12.0;24.0;-12.0;12.0
8259;13.086666666666666;12.0;21.0;-9.0;12.0
8269;12.98;12.0;22.0;-10.0;12.0
8279;13.023333333333333;12.0;24.0;-12.0;12.0
8289;12.87;12.0;22.0;-10.0;12.0
8299;12.9;12.0;22.0;-10.0;12.0
8309;13.013333333333334;12.0;22.0;-10.0;12.0
8319;12.756666666666666;12.0;24.0;-12.0;12.0
8329;13.013333333333334;12.0;24.0;-12.0;12.0
8339;12.856666666666667;12.0;28.0;-16.0;12.0
8349;13.046666666666667;12.0;23.0;-11.0;12.0
8359;13.063333333333333;12.0;24.0;-12.0;12.0
8369;12.956666666666667;12.0;20.0;-8.0;12.0
8379;12.736666666666666;12.0;21.0;-9.0;12.0
8389;13.136666666666667;12.0;23.0;-11.0;12.0
8399;12.86;12.0;24.0;-12.0;12.0
8409;12.93;12.0;23.0;-11.0;12.0
8419;12.893333333333333;12.0;29.0;-17.0;12.0
8429;12.966666666666667;12.0;23.0;-11.0;12.0
8439;12.93;12.0;23.0;-11.0;12.0
8449;13.143333333333333;12.0;24.0;-12.0;12.0
8459;12.953333333333333;12.0;24.0;-12.0;12.0
8469;12.956666666666667;12.0;23.0;-11.0;12.0
8479;12.883333333333333;12.0;22.0;-10.0;12.0
8489;12.893333333333333;12.0;24.0;-12.0;12.0
8499;13.066666666666666;12.0;24.0;-12.0;12.0
8509;12.916666666666666;12.0;24.0;-12.0;12.0
8519;12.876666666666667;12.0;20.0;-8.0;12.0
8529;12.94;12.0;22.0;-10.0;12.0
8539;13.2;12.0;22.0;-10.0;12.0
8549;12.94;12.0;23.0;-11.0;12.0
8559;12.903333333333334;12.0;23.0;-11.0;12.0
8569;12.823333333333334;12.0;20.0;-8.0;12.0
8579;12.836666666666666;12.0;22.0;-10.0;12.0
8589;12.736666666666666;12.0;22.0;-10.0;12.0
8599;12.836666666666666;12.0;29.0;-17.0;12.0
8609;12.813333333333333;12.0;21.0;-9.0;12.0
8619;12.98;12.0;23.0;-11.0;12.0
8629;12.88;12.0;24.0;-12.0;12.0
8639;12.993333333333334;12.0;24.0;-12.0;12.0
8649;12.836666666666666;12.0;23.0;-11.0;12.0
8659;13.0;12.0;24.0;-12.0;12.0
8669;13.093333333333334;12.0;22.0;-10.0;12.0
8679;13.003333333333334;12.0;24.0;-12.0;12.0
8689;12.81;12.0;24.0;-12.0;12.0
8699;12.846666666666666;12.0;23.0;-11.0;12.0
8709;12.85;12.0;22.0;-10.0;12.0
8719;13.133333333333333;12.0;23.0;-11.0;12.0
8729;12.966666666666667;12.0;23.0;-11.0;12.0
8739;12.833333333333334;12.0;27.0;-15.0;12.0
8749;12.966666666666667;12.0;24.0;-12.0;12.0
8759;12.813333333333333;12.0;23.0;-11.0;12.0
8769;12.756666666666666;12.0;23.0;-11.0;12.0
8779;13.16;12.0;24.0;-12.0;12.0
8789;12.943333333333333;12.0;24.0;-12.0;12.0
8799;13.053333333333333;12.0;24.0;-12.0;12.0
8809;12.95;12.0;24.0;-12.0;12.0
8819;12.933333333333334;12.0;22.0;-10.0;12.0
8829;12.893333333333333;12.0;23.0;-11.0;12.0
8839;12.993333333333334;12.0;24.0;-12.0;12.0
8849;13.153333333333334;12.0;24.0;-12.0;12.0
8859;12.983333333333333;12.0;21.0;-9.0;12.0
8869;13.34;12.0;23.0;-11.0;12.0
8879;12.946666666666667;12.0;24.0;-12.0;12.0
8889;12.813333333333333;12.0;22.0;-10.0;12.0
8899;12.923333333333334;12.0;30.0;-18.0;12.0
8909;12.953333333333333;12.0;23.0;-11.0;12.0
8919;13.036666666666667;12.0;23.0;-11.0;12.0
8929;12.946666666666667;12.0;24.0;-12.0;12.0
8939;13.0;12.0;23.0;-11.0;12.0
8949;12.97;12.0;23.0;-11.0;12.0
8959;12.983333333333333;12.0;21.0;-9.0;12.0
8969;12.82;12.0;22.0;-10.0;12.0
8979;13.01;12.0;23.0;-11.0;12.0
8989;12.89;12.0;23.0;-11.0;12.0
8999;12.803333333333333;12.0;22.0;-10.0;12.0
9009;12.896666666666667;12.0;21.0;-9.0;12.0
9019;13.086666666666666;12.0;22.0;-10.0;12.0
9029;13.033333333333333;12.0;24.0;-12.0;12.0
9039;13.013333333333334;12.0;22.0;-10.0;12.0
9049;12.886666666666667;12.0;23.0;-11.0;12.0
9059;13.026666666666667;12.0;22.0;-10.0;12.0
9069;13.2;12.0;24.0;-12.0;12.0
9079;12.97;12.0;26.0;-14.0;12.0
9089;12.84;12.0;21.0;-9.0;12.0
9099;13.03;12.0;24.0;-12.0;12.0
9109;12.816666666666666;12.0;21.0;-9.0;12.0
9119;12.933333333333334;12.0;21.0;-9.0;12.0
9129;12.85;12.0;23.0;-11.0;12.0
9139;12.93;12.0;23.0;-11.0;12.0
9149;12.91;12.0;24.0;-12.0;12.0
9159;12.843333333333334;12.0;19.0;-7.0;12.0
9169;13.046666666666667;12.0;23.0;-11.0;12.0
9179;12.916666666666666;12.0;24.0;-12.0;12.0
9189;13.036666666666667;12.0;23.0;-11.0;12.0
9199;12.703333333333333;12.0;19.0;-7.0;12.0
9209;13.046666666666667;12.0;22.0;-10.0;12.0
9219;12.92;12.0;24.0;-12.0;12.0
9229;13.07;12.0;24.0;-12.0;12.0
9239;12.903333333333334;12.0;23.0;-11.0;12.0
9249;12.916666666666666;12.0;22.0;-10.0;12.0
9259;12.766666666666667;12.0;26.0;-14.0;12.0
9269;12.986666666666666;12.0;22.0;-10.0;12.0
9279;12.806666666666667;12.0;20.0;-8.0;12.0
9289;12.73;12.0;21.0;-9.0;12.0
9299;13.173333333333334;12.0;22.0;-10.0;12.0
9309;12.9;12.0;24.0;-12.0;12.0
9319;12.88;12.0;22.0;-10.0;12.0
9329;12.893333333333333;12.0;24.0;-12.0;12.0
9339;13.166666666666666;12.0;23.0;-11.0;12.0
9349;12.913333333333334;12.0;22.0;-10.0;12.0
9359;12.963333333333333;12.0;22.0;-10.0;12.0
9369;12.986666666666666;12.0;20.0;-8.0;12.0
9379;12.896666666666667;12.0;23.0;-11.0;12.0
9389;12.98;12.0;22.0;-10.0;12.0
9399;12.866666666666667;12.0;22.0;-10.0;12.0
9409;12.983333333333333;12.0;24.0;-12.0;12.0
9419;13.01;12.0;23.0;-11.0;12.0
9429;12.72;12.0;19.0;-7.0;12.0
9439;13.026666666666667;12.0;25.0;-13.0;12.0
9449;12.746666666666666;12.0;22.0;-10.0;12.0
9459;12.736666666666666;12.0;25.0;-13.0;12.0
9469;13.153333333333334;12.0;23.0;-11.0;12.0
9479;12.83;12.0;22.0;-10.0;12.0
9489;13.063333333333333;12.0;24.0;-12.0;12.0
9499;12.863333333333333;12.0;24.0;-12.0;12.0
9509;13.083333333333334;12.0;24.0;-12.0;12.0
9519;12.9;12.0;22.0;-10.0;12.0
9529;12.873333333333333;12.0;23.0;-11.0;12.0
9539;12.95;12.0;23.0;-11.0;12.0
9549;13.08;12.0;22.0;-10.0;12.0
9559;12.853333333333333;12.0;22.0;-10.0;12.0
9569;13.106666666666667;12.0;26.0;-14.0;12.0
9579;13.036666666666667;12.0;28.0;-16.0;12.0
9589;12.996666666666666;12.0;21.0;-9.0;12.0
9599;12.83;12.0;27.0;-15.0;12.0
9609;13.016666666666667;12.0;23.0;-11.0;12.0
9619;12.97;12.0;22.0;-10.0;12.0
9629;12.02;11.0;21.0;-10.0;11.0
9639;12.18;11.0;23.0;-12.0;11.0
9649;12.096666666666666;11.0;21.0;-10.0;11.0
9659;12.063333333333333;11.0;20.0;-9.0;11.0
9669;12.27;11.0;22.0;-11.0;11.0
9679;11.993333333333334;11.0;23.0;-12.0;11.0
9689;11.913333333333334;11.0;22.0;-11.0;11.0
9699;12.013333333333334;11.0;23.0;-12.0;11.0
9709;12.056666666666667;11.0;23.0;-12.0;11.0
9719;11.81;11.0;21.0;-10.0;11.0
9729;11.9;11.0;22.0;-11.0;11.0
9739;11.963333333333333;11.0;26.0;-15.0;11.0
9749;12.093333333333334;11.0;23.0;-12.0;11.0
9759;12.023333333333333;11.0;20.0;-9.0;11.0
9769;12.073333333333334;11.0;22.0;-11.0;11.0
9779;11.893333333333333;11.0;21.0;-10.0;11.0
9789;12.01;11.0;20.0;-9.0;11.0
9799;12.046666666666667;11.0;21.0;-10.0;11.0
9809;11.85;11.0;23.0;-12.0;11.0
9819;12.043333333333333;11.0;20.0;-9.0;11.0
9829;11.986666666666666;11.0;22.0;-11.0;11.0
9839;12.083333333333334;11.0;21.0;-10.0;11.0
9849;12.056666666666667;11.0;23.0;-12.0;11.0
9859;12.223333333333333;11.0;23.0;-12.0;11.0
9869;12.043333333333333;11.0;23.0;-12.0;11.0
9879;12.14;11.0;22.0;-11.0;11.0
9889;12.04;11.0;27.0;-16.0;11.0
9899;12.286666666666667;11.0;23.0;-12.0;11.0
9909;12.1;11.0;23.0;-12.0;11.0
9919;11.913333333333334;11.0;21.0;-10.0;11.0
9929;12.093333333333334;11.0;23.0;-12.0;11.0
9939;11.903333333333334;11.0;25.0;-14.0;11.0
9949;12.033333333333333;11.0;22.0;-11.0;11.0
9959;12.05;11.0;23.0;-12.0;11.0
9969;12.08;11.0;21.0;-10.0;11.0
9979;12.113333333333333;11.0;22.0;-11.0;11.0
9989;12.08;11.0;22.0;-11.0;11.0
9999;11.913333333333334;11.0;20.0;-9.0;11.0
10009;12.03;11.0;22.0;-11.0;11.0
10019;11.96;11.0;21.0;-10.0;11.0
10029;12.056666666666667;11.0;21.0;-10.0;11.0
10039;12.173333333333334;11.0;22.0;-11.0;11.0
10049;11.966666666666667;11.0;19.0;-8.0;11.0
10059;12.14;11.0;22.0;-11.0;11.0
10069;12.236666666666666;11.0;24.0;-13.0;11.0
10079;12.04;11.0;20.0;-9.0;11.0
10089;11.993333333333334;11.0;21.0;-10.0;11.0
10099;12.123333333333333;11.0;21.0;-10.0;11.0
10109;12.266666666666667;11.0;25.0;-14.0;11.0
10119;11.99;11.0;22.0;-11.0;11.0
10129;11.95;11.0;21.0;-10.0;11.0
10139;12.02;11.0;22.0;-11.0;11.0
10149;11.85;11.0;20.0;-9.0;11.0
10159;12.22;11.0;21.0;-10.0;11.0
10169;12.1;11.0;21.0;-10.0;11.0
10179;11.86;11.0;20.0;-9.0;11.0
10189;12.136666666666667;11.0;22.0;-11.0;11.0
10199;11.956666666666667;11.0;21.0;-10.0;11.0
10209;11.953333333333333;11.0;22.0;-11.0;11.0
10219;11.913333333333334;11.0;18.0;-7.0;11.0
10229;11.773333333333333;11.0;21.0;-10.0;11.0
10239;11.933333333333334;11.0;23.0;-12.0;11.0
10249;11.886666666666667;11.0;26.0;-15.0;11.0
10259;12.02;11.0;22.0;-11.0;11.0
10269;11.963333333333333;11.0;18.0;-7.0;11.0
10279;11.846666666666666;11.0;21.0;-10.0;11.0
10289;11.94;11.0;23.0;-12.0;11.0
10299;11.936666666666667;11.0;17.0;-6.0;11.0
10309;12.096666666666666;11.0;22.0;-11.0;11.0
10319;12.043333333333333;11.0;22.0;-11.0;11.0
10329;12.19;11.0;23.0;-12.0;11.0
10339;11.903333333333334;11.0;21.0;-10.0;11.0
10349;12.016666666666667;11.0;23.0;-12.0;11.0
10359;12.023333333333333;11.0;22.0;-11.0;11.0
10369;12.07;11.0;23.0;-12.0;11.0
10379;12.006666666666666;11.0;23.0;-12.0;11.0
10389;11.873333333333333;11.0;21.0;-10.0;11.0
10399;11.893333333333333;11.0;21.0;-10.0;11.0
10409;12.133333333333333;11.0;25.0;-14.0;11.0
10419;12.026666666666667;11.0;22.0;-11.0;11.0
10429;11.973333333333333;11.0;21.0;-10.0;11.0
10439;12.023333333333333;11.0;22.0;-11.0;11.0
10449;12.106666666666667;11.0;21.0;-10.0;11.0
10459;11.873333333333333;11.0;23.0;-12.0;11.0
10469;12.08;11.0;22.0;-11.0;11.0
10479;11.943333333333333;11.0;22.0;-11.0;11.0
10489;11.82;11.0;22.0;-11.0;11.0
10499;11.996666666666666;11.0;22.0;-11.0;11.0
10509;11.963333333333333;11.0;21.0;-10.0;11.0
10519;11.913333333333334;11.0;23.0;-12.0;11.0
10529;12.03;11.0;23.0;-12.0;11.0
10539;11.88;11.0;23.0;-12.0;11.0
10549;11.786666666666667;11.0;22.0;-11.0;11.0
10559;11.873333333333333;11.0;23.0;-12.0;11.0
10569;12.016666666666667;11.0;23.0;-12.0;11.0
10579;11.81;11.0;23.0;-12.0;11.0
10589;11.99;11.0;22.0;-11.0;11.0
10599;12.213333333333333;11.0;23.0;-12.0;11.0
10609;11.91;11.0;23.0;-12.0;11.0
10619;11.84;11.0;20.0;-9.0;11.0
10629;11.85;11.0;21.0;-10.0;11.0
10639;12.093333333333334;11.0;21.0;-10.0;11.0
10649;12.0;11.0;22.0;-11.0;11.0
10659;12.316666666666666;11.0;23.0;-12.0;11.0
10669;11.963333333333333;11.0;22.0;-11.0;11.0
10679;11.973333333333333;11.0;23.0;-12.0;11.0
10689;11.806666666666667;11.0;21.0;-10.0;11.0
10699;11.803333333333333;11.0;21.0;-10.0;11.0
10709;12.113333333333333;11.0;23.0;-12.0;11.0
10719;11.943333333333333;11.0;22.0;-11.0;11.0
10729;11.986666666666666;11.0;22.0;-11.0;11.0
10739;11.69;11.0;22.0;-11.0;11.0
10749;11.87;11.0;21.0;-10.0;11.0
10759;11.936666666666667;11.0;22.0;-11.0;11.0
10769;12.056666666666667;11.0;22.0;-11.0;11.0
10779;12.0;11.0;21.0;-10.0;11.0
10789;11.963333333333333;11.0;22.0;-11.0;11.0
10799;12.07;11.0;22.0;-11.0;11.0
10809;11.766666666666667;11.0;26.0;-15.0;11.0
10819;12.003333333333334;11.0;22.0;-11.0;11.0
10829;11.84;11.0;26.0;-15.0;11.0
10839;12.003333333333334;11.0;22.0;-11.0;11.0
10849;11.743333333333334;11.0;21.0;-10.0;11.0
10859;11.936666666666667;11.0;23.0;-12.0;11.0
10869;12.213333333333333;11.0;23.0;-12.0;11.0
10879;12.09;11.0;29.0;-18.0;11.0
10889;12.07;11.0;22.0;-11.0;11.0
10899;11.91;11.0;24.0;-13.0;11.0
10909;11.896666666666667;11.0;19.0;-8.0;11.0
10919;11.966666666666667;11.0;23.0;-12.0;11.0
10929;11.88;11.0;21.0;-10.0;11.0
10939;11.816666666666666;11.0;23.0;-12.0;11.0
10949;12.023333333333333;11.0;20.0;-9.0;11.0
10959;12.183333333333334;11.0;23.0;-12.0;11.0
10969;12.043333333333333;11.0;23.0;-12.0;11.0
10979;12.283333333333333;11.0;23.0;-12.0;11.0
10989;12.093333333333334;11.0;22.0;-11.0;11.0
10999;12.103333333333333;11.0;23.0;-12.0;11.0
11009;11.993333333333334;11.0;23.0;-12.0;11.0
11019;11.876666666666667;11.0;22.0;-11.0;11.0
11029;11.696666666666667;11.0;21.0;-10.0;11.0
11039;12.07;11.0;28.0;-17.0;11.0
11049;11.956666666666667;11.0;25.0;-14.0;11.0
11059;11.93;11.0;21.0;-10.0;11.0
11069;12.04;11.0;23.0;-12.0;11.0
11079;11.873333333333333;11.0;24.0;-13.0;11.0
11089;12.113333333333333;11.0;22.0;-11.0;11.0
11099;11.836666666666666;11.0;23.0;-12.0;11.0
11109;11.82;11.0;23.0;-12.0;11.0
11119;11.956666666666667;11.0;22.0;-11.0;11.0
11129;11.873333333333333;11.0;22.0;-11.0;11.0
11139;12.02;11.0;17.0;-6.0;11.0
11149;12.33;11.0;23.0;-12.0;11.0
11159;11.866666666666667;11.0;22.0;-11.0;11.0
11169;12.09;11.0;22.0;-11.0;11.0
11179;11.923333333333334;11.0;24.0;-13.0;11.0
11189;11.943333333333333;11.0;23.0;-12.0;11.0
11199;11.786666666666667;11.0;23.0;-12.0;11.0
11209;12.163333333333334;11.0;22.0;-11.0;11.0
11219;12.146666666666667;11.0;22.0;-11.0;11.0
11229;12.08;11.0;23.0;-12.0;11.0
11239;12.096666666666666;11.0;24.0;-13.0;11.0
11249;12.17;11.0;23.0;-12.0;11.0
11259;11.92;11.0;23.0;-12.0;11.0
11269;11.816666666666666;11.0;22.0;-11.0;11.0
11279;11.99;11.0;22.0;-11.0;11.0
11289;11.956666666666667;11.0;23.0;-12.0;11.0
11299;12.056666666666667;11.0;23.0;-12.0;11.0
11309;12.18;11.0;22.0;-11.0;11.0
11319;11.846666666666666;11.0;21.0;-10.0;11.0
11329;11.933333333333334;11.0;19.0;-8.0;11.0
11339;12.076666666666666;11.0;23.0;-12.0;11.0
11349;11.95;11.0;22.0;-11.0;11.0
11359;12.183333333333334;11.0;23.0;-12.0;11.0
11369;11.873333333333333;11.0;21.0;-10.0;11.0
11379;12.006666666666666;11.0;23.0;-12.0;11.0
11389;12.11;11.0;22.0;-11.0;11.0
11399;11.956666666666667;11.0;23.0;-12.0;11.0
11409;12.016666666666667;11.0;23.0;-12.0;11.0
11419;11.913333333333334;11.0;24.0;-13.0;11.0
11429;12.126666666666667;11.0;23.0;-12.0;11.0
11439;12.02;11.0;22.0;-11.0;11.0
11449;11.813333333333333;11.0;22.0;-11.0;11.0
11459;12.016666666666667;11.0;25.0;-14.0;11.0
11469;12.116666666666667;11.0;23.0;-12.0;11.0
11479;11.97;11.0;23.0;-12.0;11.0
11489;11.866666666666667;11.0;21.0;-10.0;11.0
11499;11.886666666666667;11.0;22.0;-11.0;11.0
11509;12.076666666666666;11.0;22.0;-11.0;11.0
11519;12.016666666666667;11.0;23.0;-12.0;11.0
11529;11.783333333333333;11.0;22.0;-11.0;11.0
11539;12.04;11.0;21.0;-10.0;11.0
11549;11.9;11.0;21.0;-10.0;11.0
11559;12.136666666666667;11.0;22.0;-11.0;11.0
11569;12.063333333333333;11.0;23.0;-12.0;11.0
11579;12.08;11.0;19.0;-8.0;11.0
11589;12.073333333333334;11.0;22.0;-11.0;11.0
11599;12.35;11.0;25.0;-14.0;11.0
11609;11.946666666666667;11.0;22.0;-11.0;11.0
11619;11.766666666666667;11.0;21.0;-10.0;11.0
11629;11.863333333333333;11.0;21.0;-10.0;11.0
11639;12.106666666666667;11.0;23.0;-12.0;11.0
11649;11.9;11.0;21.0;-10.0;11.0
11659;11.896666666666667;11.0;23.0;-12.0;11.0
11669;11.856666666666667;11.0;22.0;-11.0;11.0
11679;12.066666666666666;11.0;22.0;-11.0;11.0
11689;11.78;11.0;21.0;-10.0;11.0
11699;12.01;11.0;23.0;-12.0;11.0
11709;11.933333333333334;11.0;18.0;-7.0;11.0
11719;12.063333333333333;11.0;23.0;-12.0;11.0
11729;11.953333333333333;11.0;22.0;-11.0;11.0
11739;11.86;11.0;19.0;-8.0;11.0
11749;12.053333333333333;11.0;23.0;-12.0;11.0
11759;11.953333333333333;11.0;23.0;-12.0;11.0
11769;11.913333333333334;11.0;20.0;-9.0;11.0
11779;11.99;11.0;22.0;-11.0;11.0
11789;12.256666666666666;11.0;23.0;-12.0;11.0
11799;12.18;11.0;23.0;-12.0;11.0
11809;11.956666666666667;11.0;22.0;-11.0;11.0
11819;11.92;11.0;21.0;-10.0;11.0
11829;12.146666666666667;11.0;20.0;-9.0;11.0
11839;11.97;11.0;23.0;-12.0;11.0
11849;11.86;11.0;21.0;-10.0;11.0
11859;12.06;11.0;23.0;-12.0;11.0
11869;12.233333333333333;11.0;24.0;-13.0;11.0
11879;12.02;11.0;22.0;-11.0;11.0
11889;12.103333333333333;11.0;22.0;-11.0;11.0
11899;12.076666666666666;11.0;23.0;-12.0;11.0
11909;11.706666666666667;11.0;20.0;-9.0;11.0
11919;12.0;11.0;20.0;-9.0;11.0
11929;11.996666666666666;11.0;22.0;-11.0;11.0
11939;11.896666666666667;11.0;22.0;-11.0;11.0
11949;12.196666666666667;11.0;23.0;-12.0;11.0
11959;11.876666666666667;11.0;23.0;-12.0;11.0
11969;12.313333333333333;11.0;22.0;-11.0;11.0
11979;12.043333333333333;11.0;23.0;-12.0;11.0
11989;12.086666666666666;11.0;22.0;-11.0;11.0
11999;11.96;11.0;23.0;-12.0;11.0
12009;11.936666666666667;11.0;23.0;-12.0;11.0
12019;11.846666666666666;11.0;21.0;-10.0;11.0
12029;12.076666666666666;11.0;23.0;-12.0;11.0
12039;12.0;11.0;23.0;-12.0;11.0
12049;11.836666666666666;11.0;22.0;-11.0;11.0
12059;12.076666666666666;11.0;23.0;-12.0;11.0
12069;12.076666666666666;11.0;18.0;-7.0;11.0
12079;11.976666666666667;11.0;21.0;-10.0;11.0
12089;12.223333333333333;11.0;22.0;-11.0;11.0
12099;12.206666666666667;11.0;23.0;-12.0;11.0
12109;12.033333333333333;11.0;25.0;-14.0;11.0
12119;12.036666666666667;11.0;21.0;-10.0;11.0
12129;12.166666666666666;11.0;22.0;-11.0;11.0
12139;11.82;11.0;20.0;-9.0;11.0
12149;11.86;11.0;21.0;-10.0;11.0
12159;12.143333333333333;11.0;21.0;-10.0;11.0
12169;11.976666666666667;11.0;23.0;-12.0;11.0
12179;11.966666666666667;11.0;21.0;-10.0;11.0
12189;12.126666666666667;11.0;23.0;-12.0;11.0
12199;12.23;11.0;22.0;-11.0;11.0
12209;11.82;11.0;20.0;-9.0;11.0
12219;12.193333333333333;11.0;22.0;-11.0;11.0
12229;11.823333333333334;11.0;20.0;-9.0;11.0
12239;11.843333333333334;11.0;21.0;-10.0;11.0
12249;11.87;11.0;22.0;-11.0;11.0
12259;12.056666666666667;11.0;23.0;-12.0;11.0
12269;12.063333333333333;11.0;23.0;-12.0;11.0
12279;12.086666666666666;11.0;23.0;-12.0;11.0
12289;11.96;11.0;22.0;-11.0;11.0
12299;11.983333333333333;11.0;28.0;-17.0;11.0
12309;12.033333333333333;11.0;23.0;-12.0;11.0
12319;11.76;11.0;23.0;-12.0;11.0
12329;11.96;11.0;18.0;-7.0;11.0
12339;11.656666666666666;11.0;19.0;-8.0;11.0
12349;11.876666666666667;11.0;20.0;-9.0;11.0
12359;11.866666666666667;11.0;19.0;-8.0;11.0
12369;11.836666666666666;11.0;19.0;-8.0;11.0
12379;12.363333333333333;11.0;27.0;-16.0;11.0
12389;11.963333333333333;11.0;21.0;-10.0;11.0
12399;12.02;11.0;22.0;-11.0;11.0
12409;11.626666666666667;11.0;17.0;-6.0;11.0
12419;12.233333333333333;11.0;22.0;-11.0;11.0
12429;11.976666666666667;11.0;23.0;-12.0;11.0
12439;12.043333333333333;11.0;21.0;-10.0;11.0
12449;11.696666666666667;11.0;21.0;-10.0;11.0
12459;12.013333333333334;11.0;23.0;-12.0;11.0
12469;12.033333333333333;11.0;24.0;-13.0;11.0
12479;12.16;11.0;23.0;-12.0;11.0
12489;12.1;11.0;22.0;-11.0;11.0
12499;12.2;11.0;22.0;-11.0;11.0
12509;11.926666666666666;11.0;21.0;-10.0;11.0
12519;12.19;11.0;23.0;-12.0;11.0
12529;12.096666666666666;11.0;23.0;-12.0;11.0
12539;11.866666666666667;11.0;23.0;-12.0;11.0
12549;11.99;11.0;22.0;-11.0;11.0
12559;11.93;11.0;22.0;-11.0;11.0
12569;11.856666666666667;11.0;18.0;-7.0;11.0
12579;12.03;11.0;23.0;-12.0;11.0
12589;11.92;11.0;23.0;-12.0;11.0
12599;12.083333333333334;11.0;23.0;-12.0;11.0
12609;12.023333333333333;11.0;23.0;-12.0;11.0
12619;12.066666666666666;11.0;23.0;-12.0;11.0
12629;11.96;11.0;22.0;-11.0;11.0
12639;12.1;11.0;27.0;-16.0;11.0
12649;11.886666666666667;11.0;22.0;-11.0;11.0
12659;11.823333333333334;11.0;21.0;-10.0;11.0
12669;12.083333333333334;11.0;23.0;-12.0;11.0
12679;11.873333333333333;11.0;19.0;-8.0;11.0
12689;12.02;11.0;21.0;-10.0;11.0
12699;12.086666666666666;11.0;21.0;-10.0;11.0
12709;12.023333333333333;11.0;21.0;-10.0;11.0
12719;12.15;11.0;26.0;-15.0;11.0
12729;11.98;11.0;24.0;-13.0;11.0
12739;12.106666666666667;11.0;21.0;-10.0;11.0
12749;11.993333333333334;11.0;21.0;-10.0;11.0
12759;12.056666666666667;11.0;23.0;-12.0;11.0
12769;12.06;11.0;21.0;-10.0;11.0
12779;11.673333333333334;11.0;21.0;-10.0;11.0
12789;11.91;11.0;23.0;-12.0;11.0
12799;12.2;11.0;23.0;-12.0;11.0
12809;11.91;11.0;21.0;-10.0;11.0
12819;11.766666666666667;11.0;17.0;-6.0;11.0
12829;11.98;11.0;23.0;-12.0;11.0
12839;11.803333333333333;11.0;20.0;-9.0;11.0
12849;12.046666666666667;11.0;21.0;-10.0;11.0
12859;11.97;11.0;22.0;-11.0;11.0
12869;12.03;11.0;24.0;-13.0;11.0
12879;11.976666666666667;11.0;17.0;-6.0;11.0
12889;12.156666666666666;11.0;28.0;-17.0;11.0
12899;12.023333333333333;11.0;21.0;-10.0;11.0
12909;12.19;11.0;23.0;-12.0;11.0
12919;12.013333333333334;11.0;23.0;-12.0;11.0
12929;12.04;11.0;21.0;-10.0;11.0
12939;11.823333333333334;11.0;23.0;-12.0;11.0
12949;12.006666666666666;11.0;23.0;-12.0;11.0
12959;12.063333333333333;11.0;20.0;-9.0;11.0
12969;12.09;11.0;23.0;-12.0;11.0
12979;12.116666666666667;11.0;28.0;-17.0;11.0
12989;11.863333333333333;11.0;22.0;-11.0;11.0
12999;11.786666666666667;11.0;23.0;-12.0;11.0
13009;11.996666666666666;11.0;20.0;-9.0;11.0
13019;12.143333333333333;11.0;23.0;-12.0;11.0
13029;11.93;11.0;26.0;-15.0;11.0
13039;12.006666666666666;11.0;23.0;-12.0;11.0
13049;12.196666666666667;11.0;23.0;-12.0;11.0
13059;12.073333333333334;11.0;22.0;-11.0;11.0
13069;12.006666666666666;11.0;21.0;-10.0;11.0
13079;11.776666666666667;11.0;23.0;-12.0;11.0
13089;12.033333333333333;11.0;23.0;-12.0;11.0
13099;11.993333333333334;11.0;21.0;-10.0;11.0
13109;12.076666666666666;11.0;25.0;-14.0;11.0
13119;11.886666666666667;11.0;19.0;-8.0;11.0
13129;12.083333333333334;11.0;22.0;-11.0;11.0
13139;12.1;11.0;24.0;-13.0;11.0
13149;12.136666666666667;11.0;23.0;-12.0;11.0
13159;11.933333333333334;11.0;23.0;-12.0;11.0
13169;11.943333333333333;11.0;21.0;-10.0;11.0
13179;11.913333333333334;11.0;23.0;-12.0;11.0
13189;11.736666666666666;11.0;21.0;-10.0;11.0
13199;11.763333333333334;11.0;21.0;-10.0;11.0
13209;12.14;11.0;23.0;-12.0;11.0
13219;11.9;11.0;18.0;-7.0;11.0
13229;11.863333333333333;11.0;22.0;-11.0;11.0
13239;12.21;11.0;25.0;-14.0;11.0
13249;12.026666666666667;11.0;26.0;-15.0;11.0
13259;11.94;11.0;22.0;-11.0;11.0
13269;12.036666666666667;11.0;22.0;-11.0;11.0
13279;12.156666666666666;11.0;23.0;-12.0;11.0
13289;11.97;11.0;19.0;-8.0;11.0
13299;12.066666666666666;11.0;23.0;-12.0;11.0
13309;11.933333333333334;11.0;21.0;-10.0;11.0
13319;11.963333333333333;11.0;23.0;-12.0;11.0
13329;11.943333333333333;11.0;20.0;-9.0;11.0
13339;11.93;11.0;21.0;-10.0;11.0
13349;12.103333333333333;11.0;23.0;-12.0;11.0
13359;12.153333333333334;11.0;23.0;-12.0;11.0
13369;12.046666666666667;11.0;22.0;-11.0;11.0
13379;11.97;11.0;21.0;-10.0;11.0
13389;12.123333333333333;11.0;25.0;-14.0;11.0
13399;11.78;11.0;23.0;-12.0;11.0
13409;11.916666666666666;11.0;21.0;-10.0;11.0
13419;11.933333333333334;11.0;21.0;-10.0;11.0
13429;12.15;11.0;22.0;-11.0;11.0
13439;12.07;11.0;21.0;-10.0;11.0
13449;11.99;11.0;26.0;-15.0;11.0
13459;12.17;11.0;23.0;-12.0;11.0
13469;11.973333333333333;11.0;21.0;-10.0;11.0
13479;11.826666666666666;11.0;22.0;-11.0;11.0
13489;12.293333333333333;11.0;23.0;-12.0;11.0
13499;12.116666666666667;11.0;25.0;-14.0;11.0
13509;12.196666666666667;11.0;23.0;-12.0;11.0
13519;12.096666666666666;11.0;22.0;-11.0;11.0
13529;12.04;11.0;22.0;-11.0;11.0
13539;12.023333333333333;11.0;23.0;-12.0;11.0
13549;12.21;11.0;23.0;-12.0;11.0
13559;12.27;11.0;21.0;-10.0;11.0
13569;12.12;11.0;23.0;-12.0;11.0
13579;12.043333333333333;11.0;28.0;-17.0;11.0
13589;12.016666666666667;11.0;22.0;-11.0;11.0
13599;12.083333333333334;11.0;22.0;-11.0;11.0
13609;12.203333333333333;11.0;19.0;-8.0;11.0
13619;11.896666666666667;11.0;19.0;-8.0;11.0
13629;12.13;11.0;22.0;-11.0;11.0
13639;12.03;11.0;23.0;-12.0;11.0
13649;11.933333333333334;11.0;23.0;-12.0;11.0
13659;11.97;11.0;21.0;-10.0;11.0
13669;11.946666666666667;11.0;22.0;-11.0;11.0
13679;12.086666666666666;11.0;23.0;-12.0;11.0
13689;11.923333333333334;11.0;21.0;-10.0;11.0
13699;11.78;11.0;20.0;-9.0;11.0
13709;11.85;11.0;21.0;-10.0;11.0
13719;12.12;11.0;22.0;-11.0;11.0
13729;11.613333333333333;11.0;22.0;-11.0;11.0
13739;12.153333333333334;11.0;28.0;-17.0;11.0
13749;11.743333333333334;11.0;23.0;-12.0;11.0
13759;12.013333333333334;11.0;26.0;-15.0;11.0
13769;12.18;11.0;23.0;-12.0;11.0
13779;12.043333333333333;11.0;23.0;-12.0;11.0
13789;11.993333333333334;11.0;23.0;-12.0;11.0
13799;11.896666666666667;11.0;21.0;-10.0;11.0
13809;11.946666666666667;11.0;22.0;-11.0;11.0
13819;12.01;11.0;26.0;-15.0;11.0
13829;11.85;11.0;23.0;-12.0;11.0
13839;12.04;11.0;22.0;-11.0;11.0
13849;12.286666666666667;11.0;22.0;-11.0;11.0
13859;11.65;11.0;23.0;-12.0;11.0
13869;11.916666666666666;11.0;22.0;-11.0;11.0
13879;12.246666666666666;11.0;22.0;-11.0;11.0
13889;11.776666666666667;11.0;17.0;-6.0;11.0
13899;12.236666666666666;11.0;21.0;-10.0;11.0
13909;11.793333333333333;11.0;22.0;-11.0;11.0
13919;11.943333333333333;11.0;25.0;-14.0;11.0
13929;12.236666666666666;11.0;23.0;-12.0;11.0
13939;12.046666666666667;11.0;21.0;-10.0;11.0
13949;11.993333333333334;11.0;22.0;-11.0;11.0
13959;11.963333333333333;11.0;21.0;-10.0;11.0
13969;12.01;11.0;21.0;-10.0;11.0
13979;12.263333333333334;11.0;25.0;-14.0;11.0
13989;12.183333333333334;11.0;21.0;-10.0;11.0
13999;12.376666666666667;11.0;23.0;-12.0;11.0
14009;11.746666666666666;11.0;21.0;-10.0;11.0
14019;11.893333333333333;11.0;21.0;-10.0;11.0
14029;11.836666666666666;11.0;19.0;-8.0;11.0
14039;12.05;11.0;22.0;-11.0;11.0
14049;12.146666666666667;11.0;23.0;-12.0;11.0
14059;12.083333333333334;11.0;23.0;-12.0;11.0
14069;11.846666666666666;11.0;23.0;-12.0;11.0
14079;12.023333333333333;11.0;21.0;-10.0;11.0
14089;11.983333333333333;11.0;22.0;-11.0;11.0
14099;11.913333333333334;11.0;17.0;-6.0;11.0
14109;11.906666666666666;11.0;20.0;-9.0;11.0
14119;11.893333333333333;11.0;23.0;-12.0;11.0
14129;11.886666666666667;11.0;20.0;-9.0;11.0
14139;11.996666666666666;11.0;21.0;-10.0;11.0
14149;12.11;11.0;27.0;-16.0;11.0
14159;11.83;11.0;22.0;-11.0;11.0
14169;11.813333333333333;11.0;17.0;-6.0;11.0
14179;12.066666666666666;11.0;22.0;-11.0;11.0
14189;11.913333333333334;11.0;22.0;-11.0;11.0
14199;11.88;11.0;22.0;-11.0;11.0
14209;11.743333333333334;11.0;20.0;-9.0;11.0
14219;12.033333333333333;11.0;22.0;-11.0;11.0
14229;11.99;11.0;28.0;-17.0;11.0
14239;11.876666666666667;11.0;22.0;-11.0;11.0
14249;11.893333333333333;11.0;22.0;-11.0;11.0
14259;12.03;11.0;21.0;-10.0;11.0
14269;11.926666666666666;11.0;21.0;-10.0;11.0
14279;12.173333333333334;11.0;23.0;-12.0;11.0
14289;11.85;11.0;22.0;-11.0;11.0
14299;11.976666666666667;11.0;23.0;-12.0;11.0
14309;12.026666666666667;11.0;22.0;-11.0;11.0
14319;12.076666666666666;11.0;22.0;-11.0;11.0
14329;12.16;11.0;23.0;-12.0;11.0
14339;12.096666666666666;11.0;23.0;-12.0;11.0
14349;12.006666666666666;11.0;23.0;-12.0;11.0
14359;12.033333333333333;11.0;24.0;-13.0;11.0
14369;11.923333333333334;11.0;23.0;-12.0;11.0
14379;11.876666666666667;11.0;22.0;-11.0;11.0
14389;11.91;11.0;24.0;-13.0;11.0
14399;11.856666666666667;11.0;23.0;-12.0;11.0
14409;11.923333333333334;11.0;22.0;-11.0;11.0
14419;11.963333333333333;11.0;23.0;-12.0;11.0
14429;11.936666666666667;11.0;24.0;-13.0;11.0
14439;11.9;11.0;23.0;-12.0;11.0
14449;11.93;11.0;19.0;-8.0;11.0
14459;12.103333333333333;11.0;21.0;-10.0;11.0
14469;11.983333333333333;11.0;23.0;-12.0;11.0
14479;11.906666666666666;11.0;20.0;-9.0;11.0
14489;12.36;11.0;23.0;-12.0;11.0
14499;11.98;11.0;21.0;-10.0;11.0
14509;12.066666666666666;11.0;23.0;-12.0;11.0
14519;11.99;11.0;27.0;-16.0;11.0
14529;12.073333333333334;11.0;25.0;-14.0;11.0
14539;12.116666666666667;11.0;21.0;-10.0;11.0
14549;11.91;11.0;21.0;-10.0;11.0
14559;12.093333333333334;11.0;23.0;-12.0;11.0
14569;11.99;11.0;21.0;-10.0;11.0
14579;11.976666666666667;11.0;22.0;-11.0;11.0
14589;12.096666666666666;11.0;23.0;-12.0;11.0
14599;12.07;11.0;23.0;-12.0;11.0
14609;12.23;11.0;22.0;-11.0;11.0
14619;12.216666666666667;11.0;23.0;-12.0;11.0
14629;12.09;11.0;25.0;-14.0;11.0
14639;12.033333333333333;11.0;22.0;-11.0;11.0
14649;12.083333333333334;11.0;22.0;-11.0;11.0
14659;12.16;11.0;29.0;-18.0;11.0
14669;12.013333333333334;11.0;22.0;-11.0;11.0
14679;12.08;11.0;22.0;-11.0;11.0
14689;12.136666666666667;11.0;22.0;-11.0;11.0
14699;11.813333333333333;11.0;21.0;-10.0;11.0
14709;12.056666666666667;11.0;23.0;-12.0;11.0
14719;12.026666666666667;11.0;23.0;-12.0;11.0
14729;11.946666666666667;11.0;23.0;-12.0;11.0
14739;12.003333333333334;11.0;23.0;-12.0;11.0
14749;12.096666666666666;11.0;22.0;-11.0;11.0
14759;12.036666666666667;11.0;22.0;-11.0;11.0
14769;12.076666666666666;11.0;23.0;-12.0;11.0
14779;12.113333333333333;11.0;20.0;-9.0;11.0
14789;11.973333333333333;11.0;22.0;-11.0;11.0
14799;11.933333333333334;11.0;22.0;-11.0;11.0
14809;12.103333333333333;11.0;25.0;-14.0;11.0
14819;12.226666666666667;11.0;22.0;-11.0;11.0
14829;12.16;11.0;23.0;-12.0;11.0
14839;12.02;11.0;20.0;-9.0;11.0
14849;12.026666666666667;11.0;20.0;-9.0;11.0
14859;12.006666666666666;11.0;23.0;-12.0;11.0
14869;11.906666666666666;11.0;20.0;-9.0;11.0
14879;12.056666666666667;11.0;23.0;-12.0;11.0
14889;11.996666666666666;11.0;21.0;-10.0;11.0
14899;12.076666666666666;11.0;23.0;-12.0;11.0
14909;11.896666666666667;11.0;17.0;-6.0;11.0
14919;12.143333333333333;11.0;21.0;-10.0;11.0
14929;12.08;11.0;23.0;-12.0;11.0
14939;12.06;11.0;21.0;-10.0;11.0
14949;12.21;11.0;21.0;-10.0;11.0
14959;12.01;11.0;23.0;-12.0;11.0
14969;11.883333333333333;11.0;22.0;-11.0;11.0
14979;11.883333333333333;11.0;22.0;-11.0;11.0
14989;11.803333333333333;11.0;17.0;-6.0;11.0
14999;12.24;11.0;23.0;-12.0;11.0
