geracao;media da geracao;fitness do melhor da geracao;fitness do pior da geracao;relacao entre melhor e pior;fitness do melhor da run
Probabilidade Recombinação: 0.7
Probabilidade Mutação: 0.05
Tipo de Selecção: Torneio
Tipo de Mutação: Simples Al.
Tamanho População: 300
Máximo de Gerações: 15000
0;76.64;63.0;96.0;-33.0;63.0
0;68.03;57.0;80.0;-23.0;57.0
9;49.89333333333333;48.0;53.0;-5.0;48.0
19;44.943333333333335;43.0;48.0;-5.0;43.0
29;40.85333333333333;40.0;43.0;-3.0;40.0
39;36.05;36.0;38.0;-2.0;36.0
49;35.04333333333334;35.0;38.0;-3.0;35.0
59;32.833333333333336;32.0;36.0;-4.0;32.0
69;32.06;32.0;35.0;-3.0;32.0
79;31.11;31.0;34.0;-3.0;31.0
89;30.093333333333334;30.0;33.0;-3.0;30.0
99;29.086666666666666;29.0;32.0;-3.0;29.0
109;29.076666666666668;29.0;32.0;-3.0;29.0
119;29.023333333333333;29.0;31.0;-2.0;29.0
129;29.073333333333334;29.0;32.0;-3.0;29.0
139;28.433333333333334;28.0;32.0;-4.0;28.0
149;28.066666666666666;28.0;31.0;-3.0;28.0
159;28.093333333333334;28.0;31.0;-3.0;28.0
169;28.09;28.0;31.0;-3.0;28.0
179;28.076666666666668;28.0;31.0;-3.0;28.0
189;28.086666666666666;28.0;31.0;-3.0;28.0
199;28.096666666666668;28.0;31.0;-3.0;28.0
209;28.07;28.0;31.0;-3.0;28.0
219;28.09;28.0;31.0;-3.0;28.0
229;28.093333333333334;28.0;31.0;-3.0;28.0
239;28.073333333333334;28.0;31.0;-3.0;28.0
249;28.083333333333332;28.0;31.0;-3.0;28.0
259;28.11;28.0;31.0;-3.0;28.0
269;28.15;28.0;31.0;-3.0;28.0
279;28.106666666666666;28.0;31.0;-3.0;28.0
289;28.05;28.0;31.0;-3.0;28.0
299;27.086666666666666;27.0;30.0;-3.0;27.0
309;27.07;27.0;30.0;-3.0;27.0
319;27.08;27.0;30.0;-3.0;27.0
329;27.08;27.0;30.0;-3.0;27.0
339;27.136666666666667;27.0;30.0;-3.0;27.0
349;27.12;27.0;30.0;-3.0;27.0
359;27.063333333333333;27.0;30.0;-3.0;27.0
369;27.136666666666667;27.0;30.0;-3.0;27.0
379;27.063333333333333;27.0;29.0;-2.0;27.0
389;27.1;27.0;30.0;-3.0;27.0
399;27.08;27.0;30.0;-3.0;27.0
409;27.066666666666666;27.0;30.0;-3.0;27.0
419;27.06;27.0;30.0;-3.0;27.0
429;27.083333333333332;27.0;30.0;-3.0;27.0
439;27.05666666666667;27.0;30.0;-3.0;27.0
449;27.096666666666668;27.0;30.0;-3.0;27.0
459;27.06;27.0;30.0;-3.0;27.0
469;27.07;27.0;30.0;-3.0;27.0
479;27.073333333333334;27.0;30.0;-3.0;27.0
489;27.083333333333332;27.0;30.0;-3.0;27.0
499;27.076666666666668;27.0;30.0;-3.0;27.0
509;27.10333333333333;27.0;30.0;-3.0;27.0
519;27.1;27.0;30.0;-3.0;27.0
529;27.096666666666668;27.0;30.0;-3.0;27.0
539;27.086666666666666;27.0;30.0;-3.0;27.0
549;27.156666666666666;27.0;30.0;-3.0;27.0
559;27.08;27.0;29.0;-2.0;27.0
569;27.06;27.0;30.0;-3.0;27.0
579;27.11;27.0;30.0;-3.0;27.0
589;27.086666666666666;27.0;30.0;-3.0;27.0
599;26.04;26.0;29.0;-3.0;26.0
609;26.106666666666666;26.0;29.0;-3.0;26.0
619;26.14;26.0;29.0;-3.0;26.0
629;25.1;25.0;28.0;-3.0;25.0
639;25.07;25.0;28.0;-3.0;25.0
649;25.073333333333334;25.0;28.0;-3.0;25.0
659;25.076666666666668;25.0;28.0;-3.0;25.0
669;25.06;25.0;28.0;-3.0;25.0
679;25.093333333333334;25.0;28.0;-3.0;25.0
689;25.043333333333333;25.0;28.0;-3.0;25.0
699;25.02;24.0;28.0;-4.0;24.0
709;24.096666666666668;24.0;27.0;-3.0;24.0
719;24.08;24.0;27.0;-3.0;24.0
729;24.066666666666666;24.0;27.0;-3.0;24.0
739;24.136666666666667;24.0;27.0;-3.0;24.0
749;23.163333333333334;23.0;26.0;-3.0;23.0
759;23.113333333333333;23.0;26.0;-3.0;23.0
769;23.05666666666667;23.0;26.0;-3.0;23.0
779;23.123333333333335;23.0;26.0;-3.0;23.0
789;23.073333333333334;23.0;26.0;-3.0;23.0
799;23.10333333333333;23.0;26.0;-3.0;23.0
809;23.096666666666668;23.0;26.0;-3.0;23.0
819;23.053333333333335;23.0;26.0;-3.0;23.0
829;23.10333333333333;23.0;26.0;-3.0;23.0
839;23.096666666666668;23.0;26.0;-3.0;23.0
849;23.113333333333333;23.0;26.0;-3.0;23.0
859;23.113333333333333;23.0;26.0;-3.0;23.0
869;23.096666666666668;23.0;26.0;-3.0;23.0
879;23.093333333333334;23.0;26.0;-3.0;23.0
889;23.09;23.0;26.0;-3.0;23.0
899;23.063333333333333;23.0;26.0;-3.0;23.0
909;23.096666666666668;23.0;26.0;-3.0;23.0
919;23.05666666666667;23.0;26.0;-3.0;23.0
929;23.07;23.0;26.0;-3.0;23.0
939;23.086666666666666;23.0;26.0;-3.0;23.0
949;23.1;23.0;26.0;-3.0;23.0
959;23.113333333333333;23.0;26.0;-3.0;23.0
969;23.12;23.0;26.0;-3.0;23.0
979;23.066666666666666;23.0;26.0;-3.0;23.0
989;23.073333333333334;23.0;26.0;-3.0;23.0
999;23.14666666666667;23.0;26.0;-3.0;23.0
1009;23.096666666666668;23.0;26.0;-3.0;23.0
1019;23.036666666666665;23.0;26.0;-3.0;23.0
1029;23.106666666666666;23.0;26.0;-3.0;23.0
1039;23.1;23.0;26.0;-3.0;23.0
1049;23.083333333333332;23.0;26.0;-3.0;23.0
1059;23.12;23.0;26.0;-3.0;23.0
1069;23.143333333333334;23.0;26.0;-3.0;23.0
1079;23.076666666666668;23.0;26.0;-3.0;23.0
1089;23.126666666666665;23.0;26.0;-3.0;23.0
1099;23.073333333333334;23.0;26.0;-3.0;23.0
1109;23.123333333333335;23.0;26.0;-3.0;23.0
1119;23.063333333333333;23.0;26.0;-3.0;23.0
1129;23.053333333333335;23.0;26.0;-3.0;23.0
1139;23.113333333333333;23.0;26.0;-3.0;23.0
1149;23.15;23.0;26.0;-3.0;23.0
1159;23.05666666666667;23.0;26.0;-3.0;23.0
1169;23.13;23.0;26.0;-3.0;23.0
1179;23.096666666666668;23.0;26.0;-3.0;23.0
1189;23.06;23.0;26.0;-3.0;23.0
1199;23.093333333333334;23.0;26.0;-3.0;23.0
1209;23.036666666666665;23.0;26.0;-3.0;23.0
1219;23.05666666666667;23.0;25.0;-2.0;23.0
1229;23.113333333333333;23.0;26.0;-3.0;23.0
1239;23.043333333333333;23.0;26.0;-3.0;23.0
1249;23.076666666666668;23.0;26.0;-3.0;23.0
1259;23.07;23.0;26.0;-3.0;23.0
1269;23.11;23.0;26.0;-3.0;23.0
1279;23.1;23.0;26.0;-3.0;23.0
1289;23.053333333333335;23.0;26.0;-3.0;23.0
1299;23.076666666666668;23.0;26.0;-3.0;23.0
1309;23.07;23.0;26.0;-3.0;23.0
1319;23.106666666666666;23.0;26.0;-3.0;23.0
1329;23.143333333333334;23.0;26.0;-3.0;23.0
1339;23.163333333333334;23.0;26.0;-3.0;23.0
1349;23.06;23.0;26.0;-3.0;23.0
1359;23.063333333333333;23.0;26.0;-3.0;23.0
1369;23.04;23.0;26.0;-3.0;23.0
1379;23.073333333333334;23.0;26.0;-3.0;23.0
1389;23.08;23.0;26.0;-3.0;23.0
1399;23.076666666666668;23.0;26.0;-3.0;23.0
1409;23.12;23.0;26.0;-3.0;23.0
1419;21.51;21.0;25.0;-4.0;21.0
1429;21.12;21.0;24.0;-3.0;21.0
1439;21.17;21.0;24.0;-3.0;21.0
1449;21.09;21.0;24.0;-3.0;21.0
1459;21.096666666666668;21.0;24.0;-3.0;21.0
1469;21.09;21.0;24.0;-3.0;21.0
1479;21.10333333333333;21.0;24.0;-3.0;21.0
1489;21.09;21.0;24.0;-3.0;21.0
1499;21.126666666666665;21.0;24.0;-3.0;21.0
1509;21.076666666666668;21.0;24.0;-3.0;21.0
1519;21.10333333333333;21.0;24.0;-3.0;21.0
1529;21.083333333333332;21.0;24.0;-3.0;21.0
1539;21.083333333333332;21.0;24.0;-3.0;21.0
1549;21.063333333333333;21.0;24.0;-3.0;21.0
1559;21.106666666666666;21.0;24.0;-3.0;21.0
1569;21.08;21.0;24.0;-3.0;21.0
1579;21.093333333333334;21.0;24.0;-3.0;21.0
1589;21.08;21.0;24.0;-3.0;21.0
1599;21.1;21.0;24.0;-3.0;21.0
1609;21.113333333333333;21.0;24.0;-3.0;21.0
1619;21.09;21.0;24.0;-3.0;21.0
1629;21.116666666666667;21.0;24.0;-3.0;21.0
1639;21.12;21.0;24.0;-3.0;21.0
1649;21.05;21.0;24.0;-3.0;21.0
1659;21.086666666666666;21.0;24.0;-3.0;21.0
1669;21.11;21.0;24.0;-3.0;21.0
1679;21.096666666666668;21.0;24.0;-3.0;21.0
1689;21.093333333333334;21.0;24.0;-3.0;21.0
1699;21.106666666666666;21.0;24.0;-3.0;21.0
1709;21.136666666666667;21.0;24.0;-3.0;21.0
1719;21.123333333333335;21.0;24.0;-3.0;21.0
1729;21.09;21.0;24.0;-3.0;21.0
1739;21.11;21.0;24.0;-3.0;21.0
1749;21.136666666666667;21.0;24.0;-3.0;21.0
1759;21.09;21.0;24.0;-3.0;21.0
1769;21.126666666666665;21.0;24.0;-3.0;21.0
1779;21.15;21.0;24.0;-3.0;21.0
1789;21.076666666666668;21.0;24.0;-3.0;21.0
1799;21.116666666666667;21.0;24.0;-3.0;21.0
1809;21.1;21.0;24.0;-3.0;21.0
1819;21.05;21.0;24.0;-3.0;21.0
1829;21.063333333333333;21.0;24.0;-3.0;21.0
1839;20.093333333333334;20.0;23.0;-3.0;20.0
1849;19.303333333333335;19.0;23.0;-4.0;19.0
1859;19.14;19.0;22.0;-3.0;19.0
1869;19.13;19.0;22.0;-3.0;19.0
1879;19.076666666666668;19.0;22.0;-3.0;19.0
1889;19.113333333333333;19.0;22.0;-3.0;19.0
1899;19.086666666666666;19.0;22.0;-3.0;19.0
1909;19.106666666666666;19.0;22.0;-3.0;19.0
1919;19.12;19.0;22.0;-3.0;19.0
1929;19.14;19.0;22.0;-3.0;19.0
1939;19.08;19.0;22.0;-3.0;19.0
1949;19.113333333333333;19.0;22.0;-3.0;19.0
1959;19.046666666666667;19.0;22.0;-3.0;19.0
1969;19.13;19.0;22.0;-3.0;19.0
1979;19.116666666666667;19.0;22.0;-3.0;19.0
1989;19.1;19.0;22.0;-3.0;19.0
1999;19.086666666666666;19.0;22.0;-3.0;19.0
2009;19.086666666666666;19.0;22.0;-3.0;19.0
2019;19.08;19.0;22.0;-3.0;19.0
2029;19.12;19.0;22.0;-3.0;19.0
2039;19.133333333333333;19.0;22.0;-3.0;19.0
2049;19.066666666666666;19.0;22.0;-3.0;19.0
2059;19.183333333333334;19.0;22.0;-3.0;19.0
2069;19.14;19.0;22.0;-3.0;19.0
2079;19.036666666666665;19.0;22.0;-3.0;19.0
2089;19.1;19.0;22.0;-3.0;19.0
2099;19.076666666666668;19.0;22.0;-3.0;19.0
2109;19.09;19.0;22.0;-3.0;19.0
2119;19.133333333333333;19.0;22.0;-3.0;19.0
2129;19.126666666666665;19.0;22.0;-3.0;19.0
2139;19.166666666666668;19.0;22.0;-3.0;19.0
2149;19.166666666666668;19.0;22.0;-3.0;19.0
2159;19.123333333333335;19.0;22.0;-3.0;19.0
2169;19.10333333333333;19.0;22.0;-3.0;19.0
2179;19.076666666666668;19.0;22.0;-3.0;19.0
2189;19.076666666666668;19.0;22.0;-3.0;19.0
2199;19.123333333333335;19.0;22.0;-3.0;19.0
2209;18.09;18.0;21.0;-3.0;18.0
2219;18.09;18.0;21.0;-3.0;18.0
2229;18.053333333333335;18.0;21.0;-3.0;18.0
2239;18.15;18.0;21.0;-3.0;18.0
2249;18.046666666666667;18.0;21.0;-3.0;18.0
2259;17.1;17.0;20.0;-3.0;17.0
2269;17.06;17.0;20.0;-3.0;17.0
2279;17.096666666666668;17.0;20.0;-3.0;17.0
2289;17.086666666666666;17.0;20.0;-3.0;17.0
2299;17.03;17.0;20.0;-3.0;17.0
2309;17.086666666666666;17.0;20.0;-3.0;17.0
2319;17.143333333333334;17.0;20.0;-3.0;17.0
2329;17.076666666666668;17.0;20.0;-3.0;17.0
2339;17.093333333333334;17.0;20.0;-3.0;17.0
2349;17.156666666666666;17.0;20.0;-3.0;17.0
2359;17.086666666666666;17.0;20.0;-3.0;17.0
2369;17.06;17.0;20.0;-3.0;17.0
2379;17.113333333333333;17.0;20.0;-3.0;17.0
2389;17.133333333333333;17.0;20.0;-3.0;17.0
2399;17.093333333333334;17.0;20.0;-3.0;17.0
2409;17.08;17.0;20.0;-3.0;17.0
2419;17.1;17.0;20.0;-3.0;17.0
2429;17.08;17.0;20.0;-3.0;17.0
2439;17.12;17.0;20.0;-3.0;17.0
2449;17.043333333333333;17.0;20.0;-3.0;17.0
2459;17.126666666666665;17.0;20.0;-3.0;17.0
2469;17.106666666666666;17.0;20.0;-3.0;17.0
2479;17.12;17.0;20.0;-3.0;17.0
2489;17.126666666666665;17.0;20.0;-3.0;17.0
2499;17.11;17.0;20.0;-3.0;17.0
2509;17.063333333333333;17.0;20.0;-3.0;17.0
2519;17.14;17.0;20.0;-3.0;17.0
2529;17.086666666666666;17.0;20.0;-3.0;17.0
2539;17.123333333333335;17.0;20.0;-3.0;17.0
2549;17.076666666666668;17.0;20.0;-3.0;17.0
2559;17.126666666666665;17.0;20.0;-3.0;17.0
2569;17.1;17.0;20.0;-3.0;17.0
2579;17.13;17.0;20.0;-3.0;17.0
2589;17.09;17.0;20.0;-3.0;17.0
2599;17.106666666666666;17.0;20.0;-3.0;17.0
2609;17.14;17.0;20.0;-3.0;17.0
2619;17.083333333333332;17.0;20.0;-3.0;17.0
2629;17.106666666666666;17.0;20.0;-3.0;17.0
2639;17.066666666666666;17.0;20.0;-3.0;17.0
2649;17.04;17.0;20.0;-3.0;17.0
2659;17.096666666666668;17.0;20.0;-3.0;17.0
2669;17.12;17.0;20.0;-3.0;17.0
2679;17.08;17.0;20.0;-3.0;17.0
2689;17.096666666666668;17.0;20.0;-3.0;17.0
2699;17.123333333333335;17.0;20.0;-3.0;17.0
2709;17.093333333333334;17.0;20.0;-3.0;17.0
2719;17.09;17.0;20.0;-3.0;17.0
2729;17.113333333333333;17.0;20.0;-3.0;17.0
2739;17.07;17.0;20.0;-3.0;17.0
2749;17.126666666666665;17.0;20.0;-3.0;17.0
2759;17.11;17.0;20.0;-3.0;17.0
2769;17.13;17.0;20.0;-3.0;17.0
2779;17.123333333333335;17.0;20.0;-3.0;17.0
2789;17.083333333333332;17.0;20.0;-3.0;17.0
2799;17.066666666666666;17.0;20.0;-3.0;17.0
2809;17.086666666666666;17.0;20.0;-3.0;17.0
2819;17.173333333333332;17.0;20.0;-3.0;17.0
2829;17.086666666666666;17.0;20.0;-3.0;17.0
2839;17.116666666666667;17.0;20.0;-3.0;17.0
2849;17.09;17.0;20.0;-3.0;17.0
2859;17.086666666666666;17.0;20.0;-3.0;17.0
2869;17.063333333333333;17.0;20.0;-3.0;17.0
2879;17.10333333333333;17.0;20.0;-3.0;17.0
2889;17.083333333333332;17.0;20.0;-3.0;17.0
2899;17.143333333333334;17.0;20.0;-3.0;17.0
2909;17.076666666666668;17.0;20.0;-3.0;17.0
2919;17.076666666666668;17.0;20.0;-3.0;17.0
2929;17.14;17.0;20.0;-3.0;17.0
2939;17.096666666666668;17.0;20.0;-3.0;17.0
2949;17.093333333333334;17.0;20.0;-3.0;17.0
2959;17.126666666666665;17.0;20.0;-3.0;17.0
2969;17.073333333333334;17.0;20.0;-3.0;17.0
2979;17.086666666666666;17.0;20.0;-3.0;17.0
2989;17.04;17.0;20.0;-3.0;17.0
2999;17.05666666666667;17.0;20.0;-3.0;17.0
3009;17.136666666666667;17.0;20.0;-3.0;17.0
3019;17.09;17.0;20.0;-3.0;17.0
3029;17.073333333333334;17.0;20.0;-3.0;17.0
3039;17.10333333333333;17.0;20.0;-3.0;17.0
3049;17.126666666666665;17.0;20.0;-3.0;17.0
3059;17.083333333333332;17.0;20.0;-3.0;17.0
3069;17.11;17.0;20.0;-3.0;17.0
3079;17.1;17.0;20.0;-3.0;17.0
3089;17.093333333333334;17.0;20.0;-3.0;17.0
3099;17.14;17.0;20.0;-3.0;17.0
3109;17.073333333333334;17.0;20.0;-3.0;17.0
3119;17.143333333333334;17.0;20.0;-3.0;17.0
3129;17.063333333333333;17.0;20.0;-3.0;17.0
3139;17.12;17.0;20.0;-3.0;17.0
3149;17.093333333333334;17.0;20.0;-3.0;17.0
3159;17.156666666666666;17.0;20.0;-3.0;17.0
3169;17.096666666666668;17.0;20.0;-3.0;17.0
3179;17.14;17.0;20.0;-3.0;17.0
3189;17.07;17.0;20.0;-3.0;17.0
3199;17.05;17.0;20.0;-3.0;17.0
3209;17.13;17.0;20.0;-3.0;17.0
3219;17.13;17.0;20.0;-3.0;17.0
3229;17.106666666666666;17.0;20.0;-3.0;17.0
3239;17.076666666666668;17.0;20.0;-3.0;17.0
3249;17.13;17.0;20.0;-3.0;17.0
3259;17.076666666666668;17.0;20.0;-3.0;17.0
3269;17.09;17.0;20.0;-3.0;17.0
3279;17.13;17.0;20.0;-3.0;17.0
3289;17.116666666666667;17.0;20.0;-3.0;17.0
3299;17.086666666666666;17.0;20.0;-3.0;17.0
3309;17.05666666666667;17.0;20.0;-3.0;17.0
3319;17.106666666666666;17.0;20.0;-3.0;17.0
3329;17.11;17.0;20.0;-3.0;17.0
3339;17.096666666666668;17.0;20.0;-3.0;17.0
3349;17.08;17.0;20.0;-3.0;17.0
3359;17.116666666666667;17.0;20.0;-3.0;17.0
3369;17.076666666666668;17.0;20.0;-3.0;17.0
3379;17.10333333333333;17.0;20.0;-3.0;17.0
3389;17.133333333333333;17.0;20.0;-3.0;17.0
3399;17.07;17.0;20.0;-3.0;17.0
3409;17.09;17.0;20.0;-3.0;17.0
3419;17.10333333333333;17.0;20.0;-3.0;17.0
3429;17.093333333333334;17.0;20.0;-3.0;17.0
3439;17.126666666666665;17.0;20.0;-3.0;17.0
3449;17.13;17.0;20.0;-3.0;17.0
3459;17.07;17.0;20.0;-3.0;17.0
3469;17.083333333333332;17.0;20.0;-3.0;17.0
3479;17.176666666666666;17.0;20.0;-3.0;17.0
3489;17.106666666666666;17.0;20.0;-3.0;17.0
3499;17.106666666666666;17.0;20.0;-3.0;17.0
3509;17.10333333333333;17.0;20.0;-3.0;17.0
3519;17.106666666666666;17.0;20.0;-3.0;17.0
3529;17.10333333333333;17.0;20.0;-3.0;17.0
3539;17.10333333333333;17.0;20.0;-3.0;17.0
3549;17.106666666666666;17.0;20.0;-3.0;17.0
3559;17.1;17.0;20.0;-3.0;17.0
3569;17.076666666666668;17.0;20.0;-3.0;17.0
3579;17.16;17.0;20.0;-3.0;17.0
3589;17.076666666666668;17.0;20.0;-3.0;17.0
3599;17.05666666666667;17.0;20.0;-3.0;17.0
3609;17.086666666666666;17.0;20.0;-3.0;17.0
3619;17.08;17.0;20.0;-3.0;17.0
3629;17.153333333333332;17.0;20.0;-3.0;17.0
3639;17.09;17.0;20.0;-3.0;17.0
3649;17.083333333333332;17.0;20.0;-3.0;17.0
3659;17.18;17.0;20.0;-3.0;17.0
3669;17.106666666666666;17.0;20.0;-3.0;17.0
3679;17.133333333333333;17.0;20.0;-3.0;17.0
3689;17.116666666666667;17.0;20.0;-3.0;17.0
3699;17.10333333333333;17.0;20.0;-3.0;17.0
3709;17.126666666666665;17.0;20.0;-3.0;17.0
3719;17.073333333333334;17.0;20.0;-3.0;17.0
3729;17.123333333333335;17.0;20.0;-3.0;17.0
3739;17.106666666666666;17.0;20.0;-3.0;17.0
3749;17.153333333333332;17.0;20.0;-3.0;17.0
3759;17.076666666666668;17.0;20.0;-3.0;17.0
3769;17.073333333333334;17.0;20.0;-3.0;17.0
3779;17.096666666666668;17.0;20.0;-3.0;17.0
3789;17.09;17.0;20.0;-3.0;17.0
3799;17.08;17.0;20.0;-3.0;17.0
3809;17.1;17.0;20.0;-3.0;17.0
3819;17.13;17.0;20.0;-3.0;17.0
3829;17.106666666666666;17.0;20.0;-3.0;17.0
3839;17.106666666666666;17.0;20.0;-3.0;17.0
3849;17.126666666666665;17.0;20.0;-3.0;17.0
3859;17.106666666666666;17.0;20.0;-3.0;17.0
3869;17.083333333333332;17.0;20.0;-3.0;17.0
3879;17.036666666666665;17.0;20.0;-3.0;17.0
3889;17.106666666666666;17.0;20.0;-3.0;17.0
3899;17.03;17.0;20.0;-3.0;17.0
3909;17.06;17.0;20.0;-3.0;17.0
3919;17.05666666666667;17.0;20.0;-3.0;17.0
3929;17.07;17.0;20.0;-3.0;17.0
3939;17.136666666666667;17.0;20.0;-3.0;17.0
3949;17.126666666666665;17.0;20.0;-3.0;17.0
3959;17.15;17.0;20.0;-3.0;17.0
3969;17.123333333333335;17.0;20.0;-3.0;17.0
3979;17.03;17.0;19.0;-2.0;17.0
3989;17.14;17.0;20.0;-3.0;17.0
3999;17.063333333333333;17.0;20.0;-3.0;17.0
4009;17.173333333333332;17.0;20.0;-3.0;17.0
4019;17.073333333333334;17.0;20.0;-3.0;17.0
4029;17.07;17.0;20.0;-3.0;17.0
4039;17.133333333333333;17.0;20.0;-3.0;17.0
4049;17.143333333333334;17.0;20.0;-3.0;17.0
4059;17.083333333333332;17.0;20.0;-3.0;17.0
4069;17.08;17.0;20.0;-3.0;17.0
4079;17.096666666666668;17.0;20.0;-3.0;17.0
4089;17.06;17.0;20.0;-3.0;17.0
4099;17.093333333333334;17.0;20.0;-3.0;17.0
4109;17.12;17.0;20.0;-3.0;17.0
4119;17.156666666666666;17.0;20.0;-3.0;17.0
4129;17.093333333333334;17.0;20.0;-3.0;17.0
4139;17.09;17.0;20.0;-3.0;17.0
4149;17.08;17.0;20.0;-3.0;17.0
4159;17.11;17.0;20.0;-3.0;17.0
4169;17.113333333333333;17.0;20.0;-3.0;17.0
4179;17.093333333333334;17.0;20.0;-3.0;17.0
4189;17.063333333333333;17.0;20.0;-3.0;17.0
4199;17.136666666666667;17.0;20.0;-3.0;17.0
4209;17.043333333333333;17.0;20.0;-3.0;17.0
4219;17.136666666666667;17.0;20.0;-3.0;17.0
4229;17.116666666666667;17.0;20.0;-3.0;17.0
4239;17.083333333333332;17.0;20.0;-3.0;17.0
4249;17.063333333333333;17.0;20.0;-3.0;17.0
4259;17.08;17.0;20.0;-3.0;17.0
4269;17.083333333333332;17.0;20.0;-3.0;17.0
4279;17.033333333333335;17.0;20.0;-3.0;17.0
4289;17.123333333333335;17.0;20.0;-3.0;17.0
4299;17.106666666666666;17.0;20.0;-3.0;17.0
4309;17.096666666666668;17.0;20.0;-3.0;17.0
4319;17.12;17.0;20.0;-3.0;17.0
4329;17.083333333333332;17.0;20.0;-3.0;17.0
4339;17.073333333333334;17.0;20.0;-3.0;17.0
4349;17.1;17.0;20.0;-3.0;17.0
4359;17.093333333333334;17.0;20.0;-3.0;17.0
4369;17.14666666666667;17.0;20.0;-3.0;17.0
4379;17.1;17.0;20.0;-3.0;17.0
4389;17.09;17.0;20.0;-3.0;17.0
4399;17.16;17.0;20.0;-3.0;17.0
4409;17.113333333333333;17.0;20.0;-3.0;17.0
4419;17.106666666666666;17.0;20.0;-3.0;17.0
4429;17.12;17.0;20.0;-3.0;17.0
4439;17.113333333333333;17.0;20.0;-3.0;17.0
4449;17.156666666666666;17.0;20.0;-3.0;17.0
4459;17.07;17.0;20.0;-3.0;17.0
4469;17.126666666666665;17.0;20.0;-3.0;17.0
4479;17.123333333333335;17.0;20.0;-3.0;17.0
4489;17.066666666666666;17.0;20.0;-3.0;17.0
4499;17.066666666666666;17.0;20.0;-3.0;17.0
4509;17.133333333333333;17.0;20.0;-3.0;17.0
4519;17.1;17.0;20.0;-3.0;17.0
4529;17.09;17.0;20.0;-3.0;17.0
4539;17.096666666666668;17.0;20.0;-3.0;17.0
4549;17.12;17.0;20.0;-3.0;17.0
4559;17.113333333333333;17.0;20.0;-3.0;17.0
4569;17.06;17.0;20.0;-3.0;17.0
4579;17.143333333333334;17.0;20.0;-3.0;17.0
4589;17.083333333333332;17.0;20.0;-3.0;17.0
4599;17.106666666666666;17.0;20.0;-3.0;17.0
4609;17.093333333333334;17.0;20.0;-3.0;17.0
4619;17.083333333333332;17.0;20.0;-3.0;17.0
4629;17.11;17.0;20.0;-3.0;17.0
4639;17.1;17.0;20.0;-3.0;17.0
4649;17.10333333333333;17.0;20.0;-3.0;17.0
4659;17.10333333333333;17.0;20.0;-3.0;17.0
4669;17.093333333333334;17.0;20.0;-3.0;17.0
4679;17.08;17.0;20.0;-3.0;17.0
4689;17.05;17.0;20.0;-3.0;17.0
4699;17.21;17.0;20.0;-3.0;17.0
4709;17.126666666666665;17.0;20.0;-3.0;17.0
4719;17.126666666666665;17.0;20.0;-3.0;17.0
4729;17.11;17.0;20.0;-3.0;17.0
4739;17.06;17.0;20.0;-3.0;17.0
4749;17.1;17.0;20.0;-3.0;17.0
4759;17.226666666666667;17.0;20.0;-3.0;17.0
4769;17.19333333333333;17.0;20.0;-3.0;17.0
4779;17.08;17.0;20.0;-3.0;17.0
4789;17.09;17.0;20.0;-3.0;17.0
4799;17.113333333333333;17.0;20.0;-3.0;17.0
4809;17.14;17.0;20.0;-3.0;17.0
4819;17.156666666666666;17.0;20.0;-3.0;17.0
4829;17.1;17.0;20.0;-3.0;17.0
4839;17.09;17.0;20.0;-3.0;17.0
4849;17.15;17.0;20.0;-3.0;17.0
4859;17.07;17.0;20.0;-3.0;17.0
4869;17.123333333333335;17.0;20.0;-3.0;17.0
4879;17.126666666666665;17.0;20.0;-3.0;17.0
4889;17.1;17.0;20.0;-3.0;17.0
4899;17.106666666666666;17.0;20.0;-3.0;17.0
4909;17.126666666666665;17.0;20.0;-3.0;17.0
4919;17.1;17.0;20.0;-3.0;17.0
4929;17.113333333333333;17.0;20.0;-3.0;17.0
4939;17.173333333333332;17.0;20.0;-3.0;17.0
4949;17.143333333333334;17.0;20.0;-3.0;17.0
4959;17.106666666666666;17.0;20.0;-3.0;17.0
4969;17.14666666666667;17.0;20.0;-3.0;17.0
4979;17.063333333333333;17.0;20.0;-3.0;17.0
4989;17.11;17.0;20.0;-3.0;17.0
4999;17.08;17.0;20.0;-3.0;17.0
5009;17.096666666666668;17.0;20.0;-3.0;17.0
5019;17.083333333333332;17.0;20.0;-3.0;17.0
5029;17.09;17.0;20.0;-3.0;17.0
5039;17.06;17.0;20.0;-3.0;17.0
5049;17.116666666666667;17.0;21.0;-4.0;17.0
5059;17.093333333333334;17.0;20.0;-3.0;17.0
5069;17.076666666666668;17.0;20.0;-3.0;17.0
5079;17.116666666666667;17.0;20.0;-3.0;17.0
5089;17.05666666666667;17.0;20.0;-3.0;17.0
5099;17.096666666666668;17.0;20.0;-3.0;17.0
5109;17.1;17.0;20.0;-3.0;17.0
5119;17.09;17.0;20.0;-3.0;17.0
5129;17.093333333333334;17.0;20.0;-3.0;17.0
5139;17.11;17.0;20.0;-3.0;17.0
5149;17.09;17.0;20.0;-3.0;17.0
5159;17.06;17.0;20.0;-3.0;17.0
5169;17.113333333333333;17.0;20.0;-3.0;17.0
5179;17.12;17.0;20.0;-3.0;17.0
5189;17.153333333333332;17.0;20.0;-3.0;17.0
5199;17.086666666666666;17.0;20.0;-3.0;17.0
5209;17.10333333333333;17.0;20.0;-3.0;17.0
5219;17.086666666666666;17.0;20.0;-3.0;17.0
5229;17.09;17.0;20.0;-3.0;17.0
5239;17.113333333333333;17.0;20.0;-3.0;17.0
5249;17.106666666666666;17.0;20.0;-3.0;17.0
5259;17.066666666666666;17.0;20.0;-3.0;17.0
5269;17.126666666666665;17.0;20.0;-3.0;17.0
5279;17.1;17.0;20.0;-3.0;17.0
5289;17.12;17.0;20.0;-3.0;17.0
5299;17.05;17.0;20.0;-3.0;17.0
5309;17.126666666666665;17.0;20.0;-3.0;17.0
5319;17.123333333333335;17.0;20.0;-3.0;17.0
5329;17.153333333333332;17.0;20.0;-3.0;17.0
5339;17.096666666666668;17.0;20.0;-3.0;17.0
5349;17.09;17.0;20.0;-3.0;17.0
5359;17.123333333333335;17.0;20.0;-3.0;17.0
5369;17.083333333333332;17.0;20.0;-3.0;17.0
5379;17.116666666666667;17.0;20.0;-3.0;17.0
5389;17.1;17.0;20.0;-3.0;17.0
5399;17.07;17.0;20.0;-3.0;17.0
5409;17.2;17.0;20.0;-3.0;17.0
5419;17.093333333333334;17.0;20.0;-3.0;17.0
5429;17.076666666666668;17.0;20.0;-3.0;17.0
5439;17.08;17.0;20.0;-3.0;17.0
5449;17.073333333333334;17.0;20.0;-3.0;17.0
5459;17.113333333333333;17.0;20.0;-3.0;17.0
5469;17.08;17.0;20.0;-3.0;17.0
5479;17.123333333333335;17.0;20.0;-3.0;17.0
5489;17.073333333333334;17.0;20.0;-3.0;17.0
5499;17.076666666666668;17.0;20.0;-3.0;17.0
5509;17.096666666666668;17.0;20.0;-3.0;17.0
5519;17.093333333333334;17.0;20.0;-3.0;17.0
5529;17.096666666666668;17.0;20.0;-3.0;17.0
5539;17.063333333333333;17.0;20.0;-3.0;17.0
5549;17.11;17.0;20.0;-3.0;17.0
5559;17.11;17.0;20.0;-3.0;17.0
5569;17.14;17.0;20.0;-3.0;17.0
5579;17.083333333333332;17.0;20.0;-3.0;17.0
5589;17.08;17.0;20.0;-3.0;17.0
5599;17.1;17.0;20.0;-3.0;17.0
5609;17.083333333333332;17.0;20.0;-3.0;17.0
5619;17.05666666666667;17.0;20.0;-3.0;17.0
5629;17.136666666666667;17.0;20.0;-3.0;17.0
5639;17.11;17.0;20.0;-3.0;17.0
5649;17.106666666666666;17.0;20.0;-3.0;17.0
5659;17.113333333333333;17.0;20.0;-3.0;17.0
5669;17.13;17.0;20.0;-3.0;17.0
5679;17.066666666666666;17.0;20.0;-3.0;17.0
5689;17.116666666666667;17.0;20.0;-3.0;17.0
5699;17.09;17.0;20.0;-3.0;17.0
5709;17.093333333333334;17.0;20.0;-3.0;17.0
5719;17.073333333333334;17.0;20.0;-3.0;17.0
5729;17.10333333333333;17.0;20.0;-3.0;17.0
5739;17.063333333333333;17.0;20.0;-3.0;17.0
5749;17.13;17.0;20.0;-3.0;17.0
5759;17.123333333333335;17.0;20.0;-3.0;17.0
5769;17.093333333333334;17.0;20.0;-3.0;17.0
5779;17.10333333333333;17.0;20.0;-3.0;17.0
5789;17.086666666666666;17.0;20.0;-3.0;17.0
5799;17.116666666666667;17.0;20.0;-3.0;17.0
5809;17.086666666666666;17.0;20.0;-3.0;17.0
5819;17.076666666666668;17.0;20.0;-3.0;17.0
5829;17.086666666666666;17.0;20.0;-3.0;17.0
5839;17.15;17.0;20.0;-3.0;17.0
5849;17.08;17.0;20.0;-3.0;17.0
5859;17.123333333333335;17.0;20.0;-3.0;17.0
5869;17.10333333333333;17.0;20.0;-3.0;17.0
5879;17.113333333333333;17.0;20.0;-3.0;17.0
5889;17.066666666666666;17.0;20.0;-3.0;17.0
5899;17.073333333333334;17.0;20.0;-3.0;17.0
5909;17.1;17.0;20.0;-3.0;17.0
5919;17.1;17.0;20.0;-3.0;17.0
5929;17.083333333333332;17.0;20.0;-3.0;17.0
5939;17.08;17.0;20.0;-3.0;17.0
5949;17.096666666666668;17.0;20.0;-3.0;17.0
5959;17.10333333333333;17.0;20.0;-3.0;17.0
5969;17.106666666666666;17.0;20.0;-3.0;17.0
5979;17.14666666666667;17.0;20.0;-3.0;17.0
5989;17.083333333333332;17.0;20.0;-3.0;17.0
5999;17.063333333333333;17.0;20.0;-3.0;17.0
6009;17.11;17.0;20.0;-3.0;17.0
6019;17.12;17.0;20.0;-3.0;17.0
6029;17.09;17.0;20.0;-3.0;17.0
6039;17.093333333333334;17.0;20.0;-3.0;17.0
6049;17.043333333333333;17.0;20.0;-3.0;17.0
6059;17.053333333333335;17.0;20.0;-3.0;17.0
6069;17.106666666666666;17.0;20.0;-3.0;17.0
6079;17.116666666666667;17.0;20.0;-3.0;17.0
6089;17.093333333333334;17.0;20.0;-3.0;17.0
6099;17.16;17.0;20.0;-3.0;17.0
6109;17.126666666666665;17.0;20.0;-3.0;17.0
6119;17.12;17.0;20.0;-3.0;17.0
6129;17.09;17.0;20.0;-3.0;17.0
6139;17.113333333333333;17.0;20.0;-3.0;17.0
6149;17.066666666666666;17.0;20.0;-3.0;17.0
6159;17.123333333333335;17.0;20.0;-3.0;17.0
6169;17.026666666666667;17.0;20.0;-3.0;17.0
6179;17.153333333333332;17.0;20.0;-3.0;17.0
6189;17.123333333333335;17.0;20.0;-3.0;17.0
6199;17.08;17.0;20.0;-3.0;17.0
6209;17.1;17.0;20.0;-3.0;17.0
6219;17.073333333333334;17.0;20.0;-3.0;17.0
6229;17.073333333333334;17.0;20.0;-3.0;17.0
6239;17.066666666666666;17.0;20.0;-3.0;17.0
6249;17.08;17.0;20.0;-3.0;17.0
6259;17.073333333333334;17.0;20.0;-3.0;17.0
6269;17.09;17.0;20.0;-3.0;17.0
6279;17.13;17.0;20.0;-3.0;17.0
6289;17.076666666666668;17.0;20.0;-3.0;17.0
6299;17.08;17.0;20.0;-3.0;17.0
6309;17.10333333333333;17.0;20.0;-3.0;17.0
6319;17.14666666666667;17.0;20.0;-3.0;17.0
6329;17.136666666666667;17.0;20.0;-3.0;17.0
6339;17.076666666666668;17.0;20.0;-3.0;17.0
6349;17.116666666666667;17.0;20.0;-3.0;17.0
6359;17.09;17.0;20.0;-3.0;17.0
6369;17.126666666666665;17.0;20.0;-3.0;17.0
6379;17.106666666666666;17.0;20.0;-3.0;17.0
6389;17.086666666666666;17.0;20.0;-3.0;17.0
6399;17.10333333333333;17.0;20.0;-3.0;17.0
6409;17.043333333333333;17.0;20.0;-3.0;17.0
6419;17.113333333333333;17.0;20.0;-3.0;17.0
6429;17.08;17.0;20.0;-3.0;17.0
6439;17.113333333333333;17.0;20.0;-3.0;17.0
6449;17.133333333333333;17.0;20.0;-3.0;17.0
6459;17.083333333333332;17.0;20.0;-3.0;17.0
6469;17.066666666666666;17.0;20.0;-3.0;17.0
6479;17.086666666666666;17.0;20.0;-3.0;17.0
6489;17.063333333333333;17.0;20.0;-3.0;17.0
6499;17.14;17.0;20.0;-3.0;17.0
6509;17.1;17.0;20.0;-3.0;17.0
6519;17.063333333333333;17.0;20.0;-3.0;17.0
6529;17.116666666666667;17.0;20.0;-3.0;17.0
6539;17.113333333333333;17.0;20.0;-3.0;17.0
6549;17.123333333333335;17.0;20.0;-3.0;17.0
6559;17.126666666666665;17.0;20.0;-3.0;17.0
6569;17.096666666666668;17.0;20.0;-3.0;17.0
6579;17.153333333333332;17.0;20.0;-3.0;17.0
6589;17.093333333333334;17.0;20.0;-3.0;17.0
6599;17.15;17.0;20.0;-3.0;17.0
6609;17.043333333333333;17.0;20.0;-3.0;17.0
6619;17.096666666666668;17.0;20.0;-3.0;17.0
6629;17.11;17.0;20.0;-3.0;17.0
6639;17.083333333333332;17.0;20.0;-3.0;17.0
6649;17.09;17.0;20.0;-3.0;17.0
6659;17.1;17.0;20.0;-3.0;17.0
6669;17.093333333333334;17.0;20.0;-3.0;17.0
6679;17.093333333333334;17.0;20.0;-3.0;17.0
6689;17.086666666666666;17.0;20.0;-3.0;17.0
6699;17.12;17.0;20.0;-3.0;17.0
6709;17.06;17.0;20.0;-3.0;17.0
6719;17.10333333333333;17.0;20.0;-3.0;17.0
6729;17.10333333333333;17.0;20.0;-3.0;17.0
6739;17.106666666666666;17.0;20.0;-3.0;17.0
6749;17.14666666666667;17.0;20.0;-3.0;17.0
6759;17.096666666666668;17.0;20.0;-3.0;17.0
6769;17.10333333333333;17.0;20.0;-3.0;17.0
6779;17.09;17.0;20.0;-3.0;17.0
6789;17.093333333333334;17.0;20.0;-3.0;17.0
6799;17.09;17.0;20.0;-3.0;17.0
6809;17.116666666666667;17.0;20.0;-3.0;17.0
6819;17.12;17.0;20.0;-3.0;17.0
6829;17.10333333333333;17.0;20.0;-3.0;17.0
6839;17.05666666666667;17.0;20.0;-3.0;17.0
6849;17.063333333333333;17.0;20.0;-3.0;17.0
6859;17.096666666666668;17.0;20.0;-3.0;17.0
6869;17.12;17.0;20.0;-3.0;17.0
6879;17.063333333333333;17.0;20.0;-3.0;17.0
6889;17.116666666666667;17.0;20.0;-3.0;17.0
6899;17.153333333333332;17.0;20.0;-3.0;17.0
6909;17.113333333333333;17.0;20.0;-3.0;17.0
6919;17.14666666666667;17.0;20.0;-3.0;17.0
6929;17.1;17.0;20.0;-3.0;17.0
6939;17.086666666666666;17.0;20.0;-3.0;17.0
6949;17.143333333333334;17.0;20.0;-3.0;17.0
6959;17.096666666666668;17.0;20.0;-3.0;17.0
6969;17.05666666666667;17.0;20.0;-3.0;17.0
6979;17.143333333333334;17.0;20.0;-3.0;17.0
6989;17.053333333333335;17.0;20.0;-3.0;17.0
6999;17.156666666666666;17.0;20.0;-3.0;17.0
7009;17.113333333333333;17.0;20.0;-3.0;17.0
7019;17.083333333333332;17.0;20.0;-3.0;17.0
7029;17.096666666666668;17.0;20.0;-3.0;17.0
7039;17.153333333333332;17.0;20.0;-3.0;17.0
7049;17.086666666666666;17.0;20.0;-3.0;17.0
7059;17.136666666666667;17.0;20.0;-3.0;17.0
7069;17.073333333333334;17.0;20.0;-3.0;17.0
7079;17.11;17.0;20.0;-3.0;17.0
7089;17.106666666666666;17.0;20.0;-3.0;17.0
7099;17.12;17.0;20.0;-3.0;17.0
7109;17.16;17.0;20.0;-3.0;17.0
7119;17.153333333333332;17.0;20.0;-3.0;17.0
7129;17.15;17.0;20.0;-3.0;17.0
7139;17.12;17.0;20.0;-3.0;17.0
7149;17.093333333333334;17.0;20.0;-3.0;17.0
7159;17.143333333333334;17.0;20.0;-3.0;17.0
7169;17.086666666666666;17.0;20.0;-3.0;17.0
7179;17.10333333333333;17.0;20.0;-3.0;17.0
7189;17.11;17.0;20.0;-3.0;17.0
7199;17.04;17.0;20.0;-3.0;17.0
7209;17.163333333333334;17.0;20.0;-3.0;17.0
7219;17.05666666666667;17.0;20.0;-3.0;17.0
7229;17.123333333333335;17.0;20.0;-3.0;17.0
7239;17.06;17.0;20.0;-3.0;17.0
7249;17.14;17.0;20.0;-3.0;17.0
7259;17.126666666666665;17.0;20.0;-3.0;17.0
7269;17.126666666666665;17.0;20.0;-3.0;17.0
7279;17.05;17.0;20.0;-3.0;17.0
7289;17.076666666666668;17.0;20.0;-3.0;17.0
7299;17.08;17.0;20.0;-3.0;17.0
7309;17.05666666666667;17.0;20.0;-3.0;17.0
7319;17.116666666666667;17.0;20.0;-3.0;17.0
7329;17.096666666666668;17.0;20.0;-3.0;17.0
7339;17.11;17.0;20.0;-3.0;17.0
7349;17.093333333333334;17.0;20.0;-3.0;17.0
7359;17.063333333333333;17.0;20.0;-3.0;17.0
7369;17.113333333333333;17.0;20.0;-3.0;17.0
7379;17.10333333333333;17.0;20.0;-3.0;17.0
7389;17.066666666666666;17.0;20.0;-3.0;17.0
7399;17.133333333333333;17.0;20.0;-3.0;17.0
7409;17.126666666666665;17.0;20.0;-3.0;17.0
7419;17.14;17.0;20.0;-3.0;17.0
7429;17.156666666666666;17.0;20.0;-3.0;17.0
7439;17.133333333333333;17.0;20.0;-3.0;17.0
7449;17.16;17.0;20.0;-3.0;17.0
7459;17.12;17.0;20.0;-3.0;17.0
7469;17.096666666666668;17.0;20.0;-3.0;17.0
7479;17.09;17.0;20.0;-3.0;17.0
7489;17.156666666666666;17.0;20.0;-3.0;17.0
7499;17.106666666666666;17.0;20.0;-3.0;17.0
7509;17.046666666666667;17.0;20.0;-3.0;17.0
7519;17.083333333333332;17.0;20.0;-3.0;17.0
7529;17.1;17.0;20.0;-3.0;17.0
7539;17.1;17.0;20.0;-3.0;17.0
7549;17.036666666666665;17.0;20.0;-3.0;17.0
7559;17.136666666666667;17.0;20.0;-3.0;17.0
7569;17.113333333333333;17.0;20.0;-3.0;17.0
7579;17.086666666666666;17.0;20.0;-3.0;17.0
7589;17.1;17.0;20.0;-3.0;17.0
7599;17.083333333333332;17.0;20.0;-3.0;17.0
7609;17.143333333333334;17.0;20.0;-3.0;17.0
7619;17.106666666666666;17.0;20.0;-3.0;17.0
7629;17.116666666666667;17.0;20.0;-3.0;17.0
7639;17.073333333333334;17.0;20.0;-3.0;17.0
7649;17.07;17.0;20.0;-3.0;17.0
7659;17.1;17.0;20.0;-3.0;17.0
7669;17.093333333333334;17.0;20.0;-3.0;17.0
7679;17.1;17.0;20.0;-3.0;17.0
7689;17.116666666666667;17.0;20.0;-3.0;17.0
7699;17.12;17.0;20.0;-3.0;17.0
7709;17.12;17.0;20.0;-3.0;17.0
7719;17.066666666666666;17.0;20.0;-3.0;17.0
7729;17.076666666666668;17.0;20.0;-3.0;17.0
7739;17.143333333333334;17.0;20.0;-3.0;17.0
7749;17.1;17.0;20.0;-3.0;17.0
7759;17.07;17.0;20.0;-3.0;17.0
7769;17.173333333333332;17.0;20.0;-3.0;17.0
7779;17.13;17.0;20.0;-3.0;17.0
7789;17.136666666666667;17.0;20.0;-3.0;17.0
7799;17.09;17.0;20.0;-3.0;17.0
7809;17.12;17.0;20.0;-3.0;17.0
7819;17.076666666666668;17.0;20.0;-3.0;17.0
7829;17.123333333333335;17.0;20.0;-3.0;17.0
7839;17.093333333333334;17.0;20.0;-3.0;17.0
7849;17.09;17.0;20.0;-3.0;17.0
7859;17.15;17.0;20.0;-3.0;17.0
7869;17.053333333333335;17.0;20.0;-3.0;17.0
7879;17.15;17.0;20.0;-3.0;17.0
7889;17.10333333333333;17.0;20.0;-3.0;17.0
7899;17.08;17.0;20.0;-3.0;17.0
7909;17.06;17.0;20.0;-3.0;17.0
7919;17.136666666666667;17.0;20.0;-3.0;17.0
7929;17.10333333333333;17.0;20.0;-3.0;17.0
7939;17.076666666666668;17.0;20.0;-3.0;17.0
7949;17.093333333333334;17.0;20.0;-3.0;17.0
7959;17.076666666666668;17.0;20.0;-3.0;17.0
7969;17.066666666666666;17.0;20.0;-3.0;17.0
7979;17.096666666666668;17.0;20.0;-3.0;17.0
7989;17.143333333333334;17.0;20.0;-3.0;17.0
7999;17.066666666666666;17.0;20.0;-3.0;17.0
8009;17.05666666666667;17.0;20.0;-3.0;17.0
8019;17.083333333333332;17.0;20.0;-3.0;17.0
8029;17.11;17.0;20.0;-3.0;17.0
8039;17.05666666666667;17.0;20.0;-3.0;17.0
8049;17.106666666666666;17.0;20.0;-3.0;17.0
8059;17.086666666666666;17.0;20.0;-3.0;17.0
8069;17.11;17.0;20.0;-3.0;17.0
8079;17.083333333333332;17.0;20.0;-3.0;17.0
8089;17.10333333333333;17.0;20.0;-3.0;17.0
8099;17.093333333333334;17.0;20.0;-3.0;17.0
8109;17.08;17.0;20.0;-3.0;17.0
8119;17.07;17.0;20.0;-3.0;17.0
8129;17.046666666666667;17.0;20.0;-3.0;17.0
8139;17.153333333333332;17.0;20.0;-3.0;17.0
8149;17.08;17.0;20.0;-3.0;17.0
8159;17.133333333333333;17.0;20.0;-3.0;17.0
8169;17.11;17.0;20.0;-3.0;17.0
8179;17.163333333333334;17.0;20.0;-3.0;17.0
8189;17.11;17.0;20.0;-3.0;17.0
8199;17.07;17.0;20.0;-3.0;17.0
8209;17.083333333333332;17.0;20.0;-3.0;17.0
8219;17.10333333333333;17.0;20.0;-3.0;17.0
8229;17.1;17.0;20.0;-3.0;17.0
8239;17.093333333333334;17.0;20.0;-3.0;17.0
8249;17.096666666666668;17.0;20.0;-3.0;17.0
8259;17.093333333333334;17.0;20.0;-3.0;17.0
8269;17.123333333333335;17.0;20.0;-3.0;17.0
8279;17.106666666666666;17.0;20.0;-3.0;17.0
8289;17.12;17.0;20.0;-3.0;17.0
8299;17.053333333333335;17.0;20.0;-3.0;17.0
8309;17.113333333333333;17.0;20.0;-3.0;17.0
8319;17.13;17.0;20.0;-3.0;17.0
8329;17.073333333333334;17.0;20.0;-3.0;17.0
8339;17.10333333333333;17.0;20.0;-3.0;17.0
8349;17.116666666666667;17.0;20.0;-3.0;17.0
8359;17.12;17.0;20.0;-3.0;17.0
8369;17.086666666666666;17.0;20.0;-3.0;17.0
8379;17.136666666666667;17.0;20.0;-3.0;17.0
8389;17.1;17.0;20.0;-3.0;17.0
8399;17.08;17.0;20.0;-3.0;17.0
8409;17.143333333333334;17.0;20.0;-3.0;17.0
8419;17.096666666666668;17.0;20.0;-3.0;17.0
8429;17.123333333333335;17.0;20.0;-3.0;17.0
8439;17.076666666666668;17.0;20.0;-3.0;17.0
8449;17.14;17.0;20.0;-3.0;17.0
8459;17.10333333333333;17.0;20.0;-3.0;17.0
8469;17.053333333333335;17.0;20.0;-3.0;17.0
8479;17.073333333333334;17.0;20.0;-3.0;17.0
8489;17.113333333333333;17.0;20.0;-3.0;17.0
8499;17.083333333333332;17.0;20.0;-3.0;17.0
8509;17.15;17.0;20.0;-3.0;17.0
8519;17.08;17.0;20.0;-3.0;17.0
8529;17.10333333333333;17.0;20.0;-3.0;17.0
8539;17.143333333333334;17.0;20.0;-3.0;17.0
8549;17.113333333333333;17.0;20.0;-3.0;17.0
8559;17.093333333333334;17.0;20.0;-3.0;17.0
8569;17.116666666666667;17.0;20.0;-3.0;17.0
8579;17.126666666666665;17.0;20.0;-3.0;17.0
8589;17.066666666666666;17.0;20.0;-3.0;17.0
8599;17.133333333333333;17.0;20.0;-3.0;17.0
8609;17.14;17.0;20.0;-3.0;17.0
8619;17.163333333333334;17.0;20.0;-3.0;17.0
8629;17.08;17.0;20.0;-3.0;17.0
8639;17.086666666666666;17.0;20.0;-3.0;17.0
8649;17.11;17.0;20.0;-3.0;17.0
8659;17.06;17.0;20.0;-3.0;17.0
8669;17.083333333333332;17.0;20.0;-3.0;17.0
8679;17.11;17.0;20.0;-3.0;17.0
8689;17.046666666666667;17.0;20.0;-3.0;17.0
8699;17.076666666666668;17.0;20.0;-3.0;17.0
8709;17.163333333333334;17.0;20.0;-3.0;17.0
8719;17.09;17.0;20.0;-3.0;17.0
8729;17.10333333333333;17.0;20.0;-3.0;17.0
8739;17.1;17.0;20.0;-3.0;17.0
8749;17.13;17.0;20.0;-3.0;17.0
8759;17.093333333333334;17.0;20.0;-3.0;17.0
8769;17.083333333333332;17.0;20.0;-3.0;17.0
8779;17.08;17.0;20.0;-3.0;17.0
8789;17.05;17.0;20.0;-3.0;17.0
8799;17.14;17.0;20.0;-3.0;17.0
8809;17.166666666666668;17.0;20.0;-3.0;17.0
8819;17.09;17.0;20.0;-3.0;17.0
8829;17.046666666666667;17.0;20.0;-3.0;17.0
8839;17.093333333333334;17.0;20.0;-3.0;17.0
8849;17.076666666666668;17.0;20.0;-3.0;17.0
8859;17.116666666666667;17.0;20.0;-3.0;17.0
8869;17.083333333333332;17.0;20.0;-3.0;17.0
8879;17.133333333333333;17.0;20.0;-3.0;17.0
8889;17.096666666666668;17.0;20.0;-3.0;17.0
8899;17.176666666666666;17.0;20.0;-3.0;17.0
8909;17.1;17.0;20.0;-3.0;17.0
8919;17.093333333333334;17.0;20.0;-3.0;17.0
8929;17.106666666666666;17.0;20.0;-3.0;17.0
8939;17.14666666666667;17.0;20.0;-3.0;17.0
8949;17.11;17.0;20.0;-3.0;17.0
8959;17.133333333333333;17.0;20.0;-3.0;17.0
8969;17.113333333333333;17.0;20.0;-3.0;17.0
8979;17.073333333333334;17.0;20.0;-3.0;17.0
8989;17.116666666666667;17.0;20.0;-3.0;17.0
8999;17.10333333333333;17.0;20.0;-3.0;17.0
9009;17.09;17.0;20.0;-3.0;17.0
9019;17.086666666666666;17.0;20.0;-3.0;17.0
9029;17.12;17.0;20.0;-3.0;17.0
9039;17.143333333333334;17.0;20.0;-3.0;17.0
9049;17.066666666666666;17.0;20.0;-3.0;17.0
9059;17.1;17.0;20.0;-3.0;17.0
9069;17.116666666666667;17.0;20.0;-3.0;17.0
9079;17.086666666666666;17.0;20.0;-3.0;17.0
9089;17.12;17.0;20.0;-3.0;17.0
9099;17.083333333333332;17.0;20.0;-3.0;17.0
9109;17.14666666666667;17.0;20.0;-3.0;17.0
9119;17.073333333333334;17.0;20.0;-3.0;17.0
9129;17.126666666666665;17.0;20.0;-3.0;17.0
9139;17.13;17.0;20.0;-3.0;17.0
9149;17.133333333333333;17.0;20.0;-3.0;17.0
9159;17.15;17.0;20.0;-3.0;17.0
9169;17.08;17.0;20.0;-3.0;17.0
9179;17.086666666666666;17.0;20.0;-3.0;17.0
9189;17.073333333333334;17.0;20.0;-3.0;17.0
9199;17.09;17.0;20.0;-3.0;17.0
9209;17.076666666666668;17.0;20.0;-3.0;17.0
9219;17.123333333333335;17.0;20.0;-3.0;17.0
9229;17.093333333333334;17.0;20.0;-3.0;17.0
9239;17.113333333333333;17.0;20.0;-3.0;17.0
9249;17.126666666666665;17.0;20.0;-3.0;17.0
9259;17.136666666666667;17.0;20.0;-3.0;17.0
9269;17.066666666666666;17.0;20.0;-3.0;17.0
9279;17.096666666666668;17.0;20.0;-3.0;17.0
9289;17.066666666666666;17.0;20.0;-3.0;17.0
9299;17.116666666666667;17.0;20.0;-3.0;17.0
9309;17.11;17.0;20.0;-3.0;17.0
9319;17.08;17.0;20.0;-3.0;17.0
9329;17.083333333333332;17.0;20.0;-3.0;17.0
9339;17.1;17.0;20.0;-3.0;17.0
9349;17.06;17.0;20.0;-3.0;17.0
9359;17.123333333333335;17.0;20.0;-3.0;17.0
9369;17.126666666666665;17.0;20.0;-3.0;17.0
9379;17.1;17.0;20.0;-3.0;17.0
9389;17.106666666666666;17.0;20.0;-3.0;17.0
9399;17.05;17.0;20.0;-3.0;17.0
9409;17.10333333333333;17.0;20.0;-3.0;17.0
9419;17.11;17.0;20.0;-3.0;17.0
9429;17.13;17.0;20.0;-3.0;17.0
9439;17.07;17.0;20.0;-3.0;17.0
9449;17.15;17.0;20.0;-3.0;17.0
9459;17.106666666666666;17.0;20.0;-3.0;17.0
9469;17.123333333333335;17.0;20.0;-3.0;17.0
9479;17.14666666666667;17.0;20.0;-3.0;17.0
9489;17.113333333333333;17.0;20.0;-3.0;17.0
9499;17.11;17.0;20.0;-3.0;17.0
9509;17.11;17.0;20.0;-3.0;17.0
9519;17.08;17.0;20.0;-3.0;17.0
9529;17.09;17.0;20.0;-3.0;17.0
9539;17.14;17.0;20.0;-3.0;17.0
9549;17.093333333333334;17.0;20.0;-3.0;17.0
9559;17.1;17.0;20.0;-3.0;17.0
9569;17.086666666666666;17.0;20.0;-3.0;17.0
9579;17.12;17.0;20.0;-3.0;17.0
9589;17.083333333333332;17.0;20.0;-3.0;17.0
9599;17.09;17.0;20.0;-3.0;17.0
9609;17.066666666666666;17.0;20.0;-3.0;17.0
9619;17.086666666666666;17.0;20.0;-3.0;17.0
9629;17.10333333333333;17.0;20.0;-3.0;17.0
9639;17.083333333333332;17.0;20.0;-3.0;17.0
9649;17.15;17.0;20.0;-3.0;17.0
9659;17.156666666666666;17.0;20.0;-3.0;17.0
9669;17.073333333333334;17.0;20.0;-3.0;17.0
9679;17.063333333333333;17.0;20.0;-3.0;17.0
9689;17.156666666666666;17.0;20.0;-3.0;17.0
9699;17.136666666666667;17.0;20.0;-3.0;17.0
9709;17.12;17.0;20.0;-3.0;17.0
9719;17.113333333333333;17.0;20.0;-3.0;17.0
9729;17.073333333333334;17.0;20.0;-3.0;17.0
9739;17.14;17.0;20.0;-3.0;17.0
9749;17.113333333333333;17.0;20.0;-3.0;17.0
9759;17.1;17.0;20.0;-3.0;17.0
9769;17.096666666666668;17.0;20.0;-3.0;17.0
9779;17.09;17.0;20.0;-3.0;17.0
9789;17.09;17.0;20.0;-3.0;17.0
9799;17.133333333333333;17.0;20.0;-3.0;17.0
9809;17.063333333333333;17.0;20.0;-3.0;17.0
9819;17.076666666666668;17.0;20.0;-3.0;17.0
9829;17.11;17.0;20.0;-3.0;17.0
9839;17.07;17.0;20.0;-3.0;17.0
9849;17.143333333333334;17.0;20.0;-3.0;17.0
9859;17.08;17.0;20.0;-3.0;17.0
9869;17.123333333333335;17.0;20.0;-3.0;17.0
9879;17.053333333333335;17.0;20.0;-3.0;17.0
9889;17.096666666666668;17.0;20.0;-3.0;17.0
9899;17.076666666666668;17.0;20.0;-3.0;17.0
9909;17.15;17.0;20.0;-3.0;17.0
9919;17.17;17.0;20.0;-3.0;17.0
9929;17.133333333333333;17.0;20.0;-3.0;17.0
9939;17.12;17.0;20.0;-3.0;17.0
9949;17.066666666666666;17.0;20.0;-3.0;17.0
9959;17.05666666666667;17.0;20.0;-3.0;17.0
9969;17.096666666666668;17.0;20.0;-3.0;17.0
9979;17.126666666666665;17.0;20.0;-3.0;17.0
9989;17.116666666666667;17.0;20.0;-3.0;17.0
9999;17.1;17.0;20.0;-3.0;17.0
10009;17.076666666666668;17.0;20.0;-3.0;17.0
10019;17.15;17.0;20.0;-3.0;17.0
10029;17.09;17.0;20.0;-3.0;17.0
10039;17.11;17.0;20.0;-3.0;17.0
10049;17.05666666666667;17.0;20.0;-3.0;17.0
10059;17.133333333333333;17.0;20.0;-3.0;17.0
10069;17.10333333333333;17.0;20.0;-3.0;17.0
10079;17.08;17.0;20.0;-3.0;17.0
10089;17.1;17.0;20.0;-3.0;17.0
10099;17.093333333333334;17.0;20.0;-3.0;17.0
10109;17.066666666666666;17.0;20.0;-3.0;17.0
10119;17.046666666666667;17.0;20.0;-3.0;17.0
10129;17.14666666666667;17.0;20.0;-3.0;17.0
10139;17.136666666666667;17.0;20.0;-3.0;17.0
10149;17.066666666666666;17.0;20.0;-3.0;17.0
10159;17.05;17.0;20.0;-3.0;17.0
10169;17.12;17.0;20.0;-3.0;17.0
10179;17.10333333333333;17.0;20.0;-3.0;17.0
10189;17.086666666666666;17.0;20.0;-3.0;17.0
10199;17.11;17.0;20.0;-3.0;17.0
10209;17.066666666666666;17.0;20.0;-3.0;17.0
10219;17.126666666666665;17.0;20.0;-3.0;17.0
10229;17.073333333333334;17.0;20.0;-3.0;17.0
10239;17.063333333333333;17.0;20.0;-3.0;17.0
10249;17.14666666666667;17.0;20.0;-3.0;17.0
10259;17.13;17.0;20.0;-3.0;17.0
10269;17.106666666666666;17.0;20.0;-3.0;17.0
10279;17.136666666666667;17.0;20.0;-3.0;17.0
10289;17.073333333333334;17.0;20.0;-3.0;17.0
10299;17.116666666666667;17.0;20.0;-3.0;17.0
10309;17.08;17.0;20.0;-3.0;17.0
10319;17.076666666666668;17.0;20.0;-3.0;17.0
10329;17.136666666666667;17.0;20.0;-3.0;17.0
10339;17.07;17.0;20.0;-3.0;17.0
10349;17.156666666666666;17.0;20.0;-3.0;17.0
10359;17.176666666666666;17.0;20.0;-3.0;17.0
10369;17.10333333333333;17.0;20.0;-3.0;17.0
10379;17.05666666666667;17.0;20.0;-3.0;17.0
10389;17.113333333333333;17.0;20.0;-3.0;17.0
10399;17.076666666666668;17.0;20.0;-3.0;17.0
10409;17.10333333333333;17.0;20.0;-3.0;17.0
10419;17.10333333333333;17.0;20.0;-3.0;17.0
10429;17.063333333333333;17.0;20.0;-3.0;17.0
10439;17.073333333333334;17.0;20.0;-3.0;17.0
10449;17.08;17.0;20.0;-3.0;17.0
10459;17.156666666666666;17.0;20.0;-3.0;17.0
10469;17.086666666666666;17.0;20.0;-3.0;17.0
10479;17.086666666666666;17.0;20.0;-3.0;17.0
10489;17.12;17.0;20.0;-3.0;17.0
10499;17.073333333333334;17.0;20.0;-3.0;17.0
10509;17.086666666666666;17.0;20.0;-3.0;17.0
10519;17.126666666666665;17.0;20.0;-3.0;17.0
10529;17.13;17.0;20.0;-3.0;17.0
10539;17.116666666666667;17.0;20.0;-3.0;17.0
10549;17.11;17.0;20.0;-3.0;17.0
10559;17.10333333333333;17.0;20.0;-3.0;17.0
10569;17.116666666666667;17.0;20.0;-3.0;17.0
10579;17.143333333333334;17.0;20.0;-3.0;17.0
10589;17.15;17.0;20.0;-3.0;17.0
10599;17.083333333333332;17.0;20.0;-3.0;17.0
10609;17.083333333333332;17.0;20.0;-3.0;17.0
10619;17.12;17.0;20.0;-3.0;17.0
10629;17.076666666666668;17.0;20.0;-3.0;17.0
10639;17.066666666666666;17.0;20.0;-3.0;17.0
10649;17.086666666666666;17.0;20.0;-3.0;17.0
10659;17.066666666666666;17.0;20.0;-3.0;17.0
10669;17.10333333333333;17.0;20.0;-3.0;17.0
10679;17.113333333333333;17.0;20.0;-3.0;17.0
10689;17.073333333333334;17.0;20.0;-3.0;17.0
10699;17.09;17.0;20.0;-3.0;17.0
10709;17.093333333333334;17.0;20.0;-3.0;17.0
10719;17.10333333333333;17.0;20.0;-3.0;17.0
10729;17.076666666666668;17.0;20.0;-3.0;17.0
10739;17.11;17.0;20.0;-3.0;17.0
10749;17.116666666666667;17.0;20.0;-3.0;17.0
10759;17.083333333333332;17.0;20.0;-3.0;17.0
10769;17.106666666666666;17.0;20.0;-3.0;17.0
10779;17.126666666666665;17.0;20.0;-3.0;17.0
10789;17.086666666666666;17.0;20.0;-3.0;17.0
10799;17.106666666666666;17.0;20.0;-3.0;17.0
10809;17.14666666666667;17.0;20.0;-3.0;17.0
10819;17.1;17.0;20.0;-3.0;17.0
10829;17.123333333333335;17.0;20.0;-3.0;17.0
10839;17.10333333333333;17.0;20.0;-3.0;17.0
10849;17.1;17.0;20.0;-3.0;17.0
10859;17.11;17.0;20.0;-3.0;17.0
10869;17.093333333333334;17.0;20.0;-3.0;17.0
10879;17.173333333333332;17.0;20.0;-3.0;17.0
10889;17.12;17.0;20.0;-3.0;17.0
10899;17.11;17.0;20.0;-3.0;17.0
10909;17.1;17.0;20.0;-3.0;17.0
10919;17.073333333333334;17.0;20.0;-3.0;17.0
10929;17.086666666666666;17.0;20.0;-3.0;17.0
10939;17.1;17.0;20.0;-3.0;17.0
10949;17.08;17.0;20.0;-3.0;17.0
10959;17.113333333333333;17.0;20.0;-3.0;17.0
10969;17.073333333333334;17.0;20.0;-3.0;17.0
10979;17.083333333333332;17.0;20.0;-3.0;17.0
10989;17.143333333333334;17.0;20.0;-3.0;17.0
10999;17.116666666666667;17.0;20.0;-3.0;17.0
11009;17.12;17.0;20.0;-3.0;17.0
11019;17.14666666666667;17.0;20.0;-3.0;17.0
11029;17.1;17.0;20.0;-3.0;17.0
11039;17.173333333333332;17.0;20.0;-3.0;17.0
11049;17.08;17.0;20.0;-3.0;17.0
11059;17.10333333333333;17.0;20.0;-3.0;17.0
11069;17.143333333333334;17.0;20.0;-3.0;17.0
11079;17.083333333333332;17.0;20.0;-3.0;17.0
11089;17.08;17.0;20.0;-3.0;17.0
11099;17.106666666666666;17.0;20.0;-3.0;17.0
11109;17.12;17.0;20.0;-3.0;17.0
11119;17.05666666666667;17.0;20.0;-3.0;17.0
11129;17.096666666666668;17.0;20.0;-3.0;17.0
11139;17.116666666666667;17.0;20.0;-3.0;17.0
11149;17.116666666666667;17.0;20.0;-3.0;17.0
11159;17.093333333333334;17.0;20.0;-3.0;17.0
11169;17.15;17.0;20.0;-3.0;17.0
11179;17.106666666666666;17.0;20.0;-3.0;17.0
11189;17.113333333333333;17.0;20.0;-3.0;17.0
11199;17.1;17.0;20.0;-3.0;17.0
11209;17.096666666666668;17.0;20.0;-3.0;17.0
11219;17.1;17.0;20.0;-3.0;17.0
11229;17.15;17.0;20.0;-3.0;17.0
11239;17.1;17.0;20.0;-3.0;17.0
11249;17.133333333333333;17.0;20.0;-3.0;17.0
11259;17.083333333333332;17.0;20.0;-3.0;17.0
11269;17.096666666666668;17.0;20.0;-3.0;17.0
11279;17.09;17.0;20.0;-3.0;17.0
11289;17.156666666666666;17.0;20.0;-3.0;17.0
11299;17.096666666666668;17.0;20.0;-3.0;17.0
11309;17.1;17.0;20.0;-3.0;17.0
11319;17.086666666666666;17.0;20.0;-3.0;17.0
11329;17.076666666666668;17.0;20.0;-3.0;17.0
11339;17.063333333333333;17.0;20.0;-3.0;17.0
11349;17.106666666666666;17.0;20.0;-3.0;17.0
11359;17.083333333333332;17.0;20.0;-3.0;17.0
11369;17.10333333333333;17.0;20.0;-3.0;17.0
11379;17.096666666666668;17.0;20.0;-3.0;17.0
11389;17.18;17.0;20.0;-3.0;17.0
11399;17.093333333333334;17.0;20.0;-3.0;17.0
11409;17.1;17.0;20.0;-3.0;17.0
11419;17.09;17.0;20.0;-3.0;17.0
11429;17.046666666666667;17.0;20.0;-3.0;17.0
11439;17.126666666666665;17.0;20.0;-3.0;17.0
11449;17.076666666666668;17.0;20.0;-3.0;17.0
11459;17.12;17.0;20.0;-3.0;17.0
11469;17.113333333333333;17.0;20.0;-3.0;17.0
11479;17.063333333333333;17.0;20.0;-3.0;17.0
11489;17.123333333333335;17.0;20.0;-3.0;17.0
11499;17.123333333333335;17.0;20.0;-3.0;17.0
11509;17.086666666666666;17.0;20.0;-3.0;17.0
11519;17.143333333333334;17.0;20.0;-3.0;17.0
11529;17.143333333333334;17.0;20.0;-3.0;17.0
11539;17.093333333333334;17.0;20.0;-3.0;17.0
11549;17.116666666666667;17.0;20.0;-3.0;17.0
11559;17.096666666666668;17.0;20.0;-3.0;17.0
11569;17.106666666666666;17.0;20.0;-3.0;17.0
11579;17.116666666666667;17.0;20.0;-3.0;17.0
11589;17.086666666666666;17.0;20.0;-3.0;17.0
11599;17.12;17.0;20.0;-3.0;17.0
11609;17.083333333333332;17.0;20.0;-3.0;17.0
11619;17.096666666666668;17.0;20.0;-3.0;17.0
11629;17.136666666666667;17.0;20.0;-3.0;17.0
11639;17.1;17.0;20.0;-3.0;17.0
11649;17.136666666666667;17.0;20.0;-3.0;17.0
11659;17.06;17.0;20.0;-3.0;17.0
11669;17.13;17.0;20.0;-3.0;17.0
11679;17.073333333333334;17.0;20.0;-3.0;17.0
11689;17.09;17.0;20.0;-3.0;17.0
11699;17.093333333333334;17.0;20.0;-3.0;17.0
11709;17.063333333333333;17.0;20.0;-3.0;17.0
11719;17.136666666666667;17.0;20.0;-3.0;17.0
11729;17.073333333333334;17.0;20.0;-3.0;17.0
11739;17.09;17.0;20.0;-3.0;17.0
11749;17.096666666666668;17.0;20.0;-3.0;17.0
11759;17.106666666666666;17.0;20.0;-3.0;17.0
11769;17.11;17.0;20.0;-3.0;17.0
11779;17.043333333333333;17.0;20.0;-3.0;17.0
11789;17.066666666666666;17.0;20.0;-3.0;17.0
11799;17.11;17.0;20.0;-3.0;17.0
11809;17.123333333333335;17.0;20.0;-3.0;17.0
11819;17.09;17.0;20.0;-3.0;17.0
11829;17.116666666666667;17.0;20.0;-3.0;17.0
11839;17.1;17.0;20.0;-3.0;17.0
11849;17.123333333333335;17.0;20.0;-3.0;17.0
11859;17.076666666666668;17.0;20.0;-3.0;17.0
11869;17.1;17.0;20.0;-3.0;17.0
11879;17.093333333333334;17.0;20.0;-3.0;17.0
11889;17.093333333333334;17.0;20.0;-3.0;17.0
11899;17.073333333333334;17.0;20.0;-3.0;17.0
11909;17.106666666666666;17.0;20.0;-3.0;17.0
11919;17.13;17.0;20.0;-3.0;17.0
11929;17.106666666666666;17.0;20.0;-3.0;17.0
11939;17.11;17.0;20.0;-3.0;17.0
11949;17.13;17.0;20.0;-3.0;17.0
11959;17.09;17.0;20.0;-3.0;17.0
11969;17.113333333333333;17.0;20.0;-3.0;17.0
11979;17.06;17.0;20.0;-3.0;17.0
11989;17.116666666666667;17.0;20.0;-3.0;17.0
11999;17.123333333333335;17.0;20.0;-3.0;17.0
12009;17.043333333333333;17.0;20.0;-3.0;17.0
12019;17.116666666666667;17.0;20.0;-3.0;17.0
12029;17.12;17.0;20.0;-3.0;17.0
12039;17.093333333333334;17.0;20.0;-3.0;17.0
12049;17.093333333333334;17.0;20.0;-3.0;17.0
12059;17.096666666666668;17.0;20.0;-3.0;17.0
12069;17.10333333333333;17.0;20.0;-3.0;17.0
12079;17.133333333333333;17.0;20.0;-3.0;17.0
12089;17.05666666666667;17.0;20.0;-3.0;17.0
12099;17.133333333333333;17.0;20.0;-3.0;17.0
12109;17.09;17.0;20.0;-3.0;17.0
12119;17.08;17.0;20.0;-3.0;17.0
12129;17.13;17.0;20.0;-3.0;17.0
12139;17.09;17.0;20.0;-3.0;17.0
12149;17.136666666666667;17.0;20.0;-3.0;17.0
12159;17.07;17.0;20.0;-3.0;17.0
12169;17.1;17.0;20.0;-3.0;17.0
12179;17.16;17.0;20.0;-3.0;17.0
12189;17.116666666666667;17.0;20.0;-3.0;17.0
12199;17.1;17.0;20.0;-3.0;17.0
12209;17.09;17.0;20.0;-3.0;17.0
12219;17.113333333333333;17.0;20.0;-3.0;17.0
12229;17.09;17.0;20.0;-3.0;17.0
12239;17.093333333333334;17.0;20.0;-3.0;17.0
12249;17.083333333333332;17.0;20.0;-3.0;17.0
12259;17.083333333333332;17.0;20.0;-3.0;17.0
12269;17.113333333333333;17.0;20.0;-3.0;17.0
12279;17.106666666666666;17.0;20.0;-3.0;17.0
12289;17.073333333333334;17.0;20.0;-3.0;17.0
12299;17.116666666666667;17.0;20.0;-3.0;17.0
12309;17.106666666666666;17.0;20.0;-3.0;17.0
12319;17.073333333333334;17.0;20.0;-3.0;17.0
12329;17.07;17.0;20.0;-3.0;17.0
12339;17.106666666666666;17.0;20.0;-3.0;17.0
12349;17.06;17.0;20.0;-3.0;17.0
12359;17.113333333333333;17.0;20.0;-3.0;17.0
12369;17.106666666666666;17.0;20.0;-3.0;17.0
12379;17.10333333333333;17.0;20.0;-3.0;17.0
12389;17.13;17.0;20.0;-3.0;17.0
12399;17.08;17.0;20.0;-3.0;17.0
12409;17.073333333333334;17.0;20.0;-3.0;17.0
12419;17.093333333333334;17.0;20.0;-3.0;17.0
12429;17.09;17.0;20.0;-3.0;17.0
12439;17.11;17.0;20.0;-3.0;17.0
12449;17.136666666666667;17.0;20.0;-3.0;17.0
12459;17.093333333333334;17.0;20.0;-3.0;17.0
12469;17.07;17.0;20.0;-3.0;17.0
12479;17.083333333333332;17.0;20.0;-3.0;17.0
12489;17.12;17.0;20.0;-3.0;17.0
12499;17.133333333333333;17.0;20.0;-3.0;17.0
12509;17.13;17.0;20.0;-3.0;17.0
12519;17.093333333333334;17.0;20.0;-3.0;17.0
12529;17.11;17.0;20.0;-3.0;17.0
12539;17.13;17.0;20.0;-3.0;17.0
12549;17.096666666666668;17.0;20.0;-3.0;17.0
12559;17.123333333333335;17.0;20.0;-3.0;17.0
12569;17.046666666666667;17.0;19.0;-2.0;17.0
12579;17.06;17.0;20.0;-3.0;17.0
12589;17.05666666666667;17.0;20.0;-3.0;17.0
12599;17.113333333333333;17.0;20.0;-3.0;17.0
12609;17.15;17.0;20.0;-3.0;17.0
12619;17.083333333333332;17.0;20.0;-3.0;17.0
12629;17.1;17.0;20.0;-3.0;17.0
12639;17.136666666666667;17.0;20.0;-3.0;17.0
12649;17.12;17.0;20.0;-3.0;17.0
12659;17.063333333333333;17.0;20.0;-3.0;17.0
12669;17.12;17.0;20.0;-3.0;17.0
12679;17.153333333333332;17.0;20.0;-3.0;17.0
12689;17.08;17.0;20.0;-3.0;17.0
12699;17.09;17.0;20.0;-3.0;17.0
12709;17.156666666666666;17.0;20.0;-3.0;17.0
12719;17.1;17.0;20.0;-3.0;17.0
12729;17.06;17.0;20.0;-3.0;17.0
12739;17.116666666666667;17.0;20.0;-3.0;17.0
12749;17.096666666666668;17.0;20.0;-3.0;17.0
12759;17.09;17.0;20.0;-3.0;17.0
12769;17.10333333333333;17.0;20.0;-3.0;17.0
12779;17.10333333333333;17.0;20.0;-3.0;17.0
12789;17.12;17.0;20.0;-3.0;17.0
12799;17.1;17.0;20.0;-3.0;17.0
12809;17.106666666666666;17.0;20.0;-3.0;17.0
12819;17.14666666666667;17.0;20.0;-3.0;17.0
12829;17.143333333333334;17.0;20.0;-3.0;17.0
12839;17.123333333333335;17.0;20.0;-3.0;17.0
12849;17.16;17.0;20.0;-3.0;17.0
12859;17.163333333333334;17.0;20.0;-3.0;17.0
12869;17.133333333333333;17.0;20.0;-3.0;17.0
12879;17.12;17.0;20.0;-3.0;17.0
12889;17.11;17.0;20.0;-3.0;17.0
12899;17.06;17.0;20.0;-3.0;17.0
12909;17.083333333333332;17.0;20.0;-3.0;17.0
12919;17.09;17.0;20.0;-3.0;17.0
12929;17.086666666666666;17.0;20.0;-3.0;17.0
12939;17.106666666666666;17.0;20.0;-3.0;17.0
12949;17.116666666666667;17.0;20.0;-3.0;17.0
12959;17.05;17.0;20.0;-3.0;17.0
12969;17.12;17.0;20.0;-3.0;17.0
12979;17.11;17.0;20.0;-3.0;17.0
12989;17.113333333333333;17.0;20.0;-3.0;17.0
12999;17.106666666666666;17.0;20.0;-3.0;17.0
13009;17.176666666666666;17.0;20.0;-3.0;17.0
13019;17.06;17.0;20.0;-3.0;17.0
13029;17.13;17.0;20.0;-3.0;17.0
13039;17.10333333333333;17.0;20.0;-3.0;17.0
13049;17.086666666666666;17.0;20.0;-3.0;17.0
13059;17.136666666666667;17.0;20.0;-3.0;17.0
13069;17.13;17.0;20.0;-3.0;17.0
13079;17.036666666666665;17.0;20.0;-3.0;17.0
13089;17.10333333333333;17.0;20.0;-3.0;17.0
13099;17.053333333333335;17.0;20.0;-3.0;17.0
13109;17.12;17.0;20.0;-3.0;17.0
13119;17.143333333333334;17.0;20.0;-3.0;17.0
13129;17.106666666666666;17.0;20.0;-3.0;17.0
13139;17.11;17.0;20.0;-3.0;17.0
13149;17.116666666666667;17.0;20.0;-3.0;17.0
13159;17.1;17.0;20.0;-3.0;17.0
13169;17.05666666666667;17.0;20.0;-3.0;17.0
13179;17.07;17.0;20.0;-3.0;17.0
13189;17.043333333333333;17.0;20.0;-3.0;17.0
13199;17.086666666666666;17.0;20.0;-3.0;17.0
13209;17.05;17.0;20.0;-3.0;17.0
13219;17.086666666666666;17.0;20.0;-3.0;17.0
13229;17.136666666666667;17.0;20.0;-3.0;17.0
13239;17.10333333333333;17.0;20.0;-3.0;17.0
13249;17.123333333333335;17.0;20.0;-3.0;17.0
13259;17.113333333333333;17.0;20.0;-3.0;17.0
13269;17.08;17.0;20.0;-3.0;17.0
13279;17.09;17.0;20.0;-3.0;17.0
13289;17.153333333333332;17.0;20.0;-3.0;17.0
13299;17.133333333333333;17.0;20.0;-3.0;17.0
13309;17.06;17.0;20.0;-3.0;17.0
13319;17.083333333333332;17.0;20.0;-3.0;17.0
13329;17.123333333333335;17.0;20.0;-3.0;17.0
13339;17.15;17.0;20.0;-3.0;17.0
13349;17.10333333333333;17.0;20.0;-3.0;17.0
13359;17.10333333333333;17.0;20.0;-3.0;17.0
13369;17.123333333333335;17.0;20.0;-3.0;17.0
13379;17.1;17.0;20.0;-3.0;17.0
13389;17.073333333333334;17.0;20.0;-3.0;17.0
13399;17.106666666666666;17.0;20.0;-3.0;17.0
13409;17.06;17.0;20.0;-3.0;17.0
13419;17.126666666666665;17.0;20.0;-3.0;17.0
13429;17.063333333333333;17.0;20.0;-3.0;17.0
13439;17.123333333333335;17.0;20.0;-3.0;17.0
13449;17.096666666666668;17.0;20.0;-3.0;17.0
13459;17.086666666666666;17.0;20.0;-3.0;17.0
13469;17.06;17.0;20.0;-3.0;17.0
13479;17.096666666666668;17.0;20.0;-3.0;17.0
13489;17.08;17.0;20.0;-3.0;17.0
13499;17.10333333333333;17.0;20.0;-3.0;17.0
13509;17.10333333333333;17.0;20.0;-3.0;17.0
13519;17.083333333333332;17.0;20.0;-3.0;17.0
13529;17.083333333333332;17.0;20.0;-3.0;17.0
13539;17.116666666666667;17.0;20.0;-3.0;17.0
13549;17.133333333333333;17.0;20.0;-3.0;17.0
13559;17.136666666666667;17.0;20.0;-3.0;17.0
13569;17.06;17.0;20.0;-3.0;17.0
13579;17.096666666666668;17.0;20.0;-3.0;17.0
13589;17.1;17.0;20.0;-3.0;17.0
13599;17.113333333333333;17.0;20.0;-3.0;17.0
13609;17.086666666666666;17.0;20.0;-3.0;17.0
13619;17.1;17.0;20.0;-3.0;17.0
13629;17.10333333333333;17.0;20.0;-3.0;17.0
13639;17.136666666666667;17.0;20.0;-3.0;17.0
13649;17.096666666666668;17.0;20.0;-3.0;17.0
13659;17.10333333333333;17.0;20.0;-3.0;17.0
13669;17.1;17.0;20.0;-3.0;17.0
13679;17.066666666666666;17.0;20.0;-3.0;17.0
13689;17.1;17.0;20.0;-3.0;17.0
13699;17.13;17.0;20.0;-3.0;17.0
13709;17.046666666666667;17.0;20.0;-3.0;17.0
13719;17.09;17.0;20.0;-3.0;17.0
13729;17.126666666666665;17.0;20.0;-3.0;17.0
13739;17.15;17.0;20.0;-3.0;17.0
13749;17.16;17.0;20.0;-3.0;17.0
13759;17.096666666666668;17.0;20.0;-3.0;17.0
13769;17.106666666666666;17.0;20.0;-3.0;17.0
13779;17.08;17.0;20.0;-3.0;17.0
13789;17.136666666666667;17.0;20.0;-3.0;17.0
13799;17.116666666666667;17.0;20.0;-3.0;17.0
13809;17.15;17.0;20.0;-3.0;17.0
13819;17.106666666666666;17.0;20.0;-3.0;17.0
13829;17.046666666666667;17.0;20.0;-3.0;17.0
13839;17.063333333333333;17.0;20.0;-3.0;17.0
13849;17.086666666666666;17.0;20.0;-3.0;17.0
13859;17.066666666666666;17.0;20.0;-3.0;17.0
13869;17.14666666666667;17.0;20.0;-3.0;17.0
13879;17.19;17.0;20.0;-3.0;17.0
13889;17.12;17.0;20.0;-3.0;17.0
13899;17.05;17.0;20.0;-3.0;17.0
13909;17.13;17.0;20.0;-3.0;17.0
13919;17.126666666666665;17.0;20.0;-3.0;17.0
13929;17.066666666666666;17.0;20.0;-3.0;17.0
13939;17.086666666666666;17.0;20.0;-3.0;17.0
13949;17.106666666666666;17.0;20.0;-3.0;17.0
13959;17.043333333333333;17.0;20.0;-3.0;17.0
13969;17.086666666666666;17.0;20.0;-3.0;17.0
13979;17.123333333333335;17.0;20.0;-3.0;17.0
13989;17.116666666666667;17.0;20.0;-3.0;17.0
13999;17.066666666666666;17.0;20.0;-3.0;17.0
14009;17.14666666666667;17.0;20.0;-3.0;17.0
14019;17.1;17.0;20.0;-3.0;17.0
14029;17.133333333333333;17.0;20.0;-3.0;17.0
14039;17.10333333333333;17.0;20.0;-3.0;17.0
14049;17.076666666666668;17.0;20.0;-3.0;17.0
14059;17.12;17.0;20.0;-3.0;17.0
14069;17.053333333333335;17.0;20.0;-3.0;17.0
14079;17.113333333333333;17.0;20.0;-3.0;17.0
14089;17.12;17.0;20.0;-3.0;17.0
14099;17.08;17.0;20.0;-3.0;17.0
14109;17.073333333333334;17.0;20.0;-3.0;17.0
14119;17.09;17.0;20.0;-3.0;17.0
14129;17.093333333333334;17.0;20.0;-3.0;17.0
14139;17.123333333333335;17.0;20.0;-3.0;17.0
14149;17.203333333333333;17.0;20.0;-3.0;17.0
14159;17.126666666666665;17.0;20.0;-3.0;17.0
14169;17.09;17.0;20.0;-3.0;17.0
14179;17.063333333333333;17.0;20.0;-3.0;17.0
14189;17.073333333333334;17.0;20.0;-3.0;17.0
14199;17.136666666666667;17.0;20.0;-3.0;17.0
14209;17.136666666666667;17.0;20.0;-3.0;17.0
14219;17.12;17.0;20.0;-3.0;17.0
14229;17.073333333333334;17.0;20.0;-3.0;17.0
14239;17.083333333333332;17.0;20.0;-3.0;17.0
14249;17.106666666666666;17.0;20.0;-3.0;17.0
14259;17.116666666666667;17.0;20.0;-3.0;17.0
14269;17.053333333333335;17.0;20.0;-3.0;17.0
14279;17.093333333333334;17.0;20.0;-3.0;17.0
14289;17.116666666666667;17.0;20.0;-3.0;17.0
14299;17.09;17.0;20.0;-3.0;17.0
14309;17.136666666666667;17.0;20.0;-3.0;17.0
14319;17.09;17.0;20.0;-3.0;17.0
14329;17.086666666666666;17.0;20.0;-3.0;17.0
14339;17.093333333333334;17.0;20.0;-3.0;17.0
14349;17.126666666666665;17.0;20.0;-3.0;17.0
14359;17.10333333333333;17.0;20.0;-3.0;17.0
14369;17.10333333333333;17.0;20.0;-3.0;17.0
14379;17.126666666666665;17.0;20.0;-3.0;17.0
14389;17.10333333333333;17.0;20.0;-3.0;17.0
14399;17.133333333333333;17.0;20.0;-3.0;17.0
14409;17.18;17.0;20.0;-3.0;17.0
14419;17.076666666666668;17.0;20.0;-3.0;17.0
14429;17.07;17.0;20.0;-3.0;17.0
14439;17.063333333333333;17.0;20.0;-3.0;17.0
14449;17.093333333333334;17.0;20.0;-3.0;17.0
14459;17.17;17.0;20.0;-3.0;17.0
14469;17.106666666666666;17.0;20.0;-3.0;17.0
14479;17.09;17.0;20.0;-3.0;17.0
14489;17.08;17.0;20.0;-3.0;17.0
14499;17.096666666666668;17.0;20.0;-3.0;17.0
14509;17.113333333333333;17.0;20.0;-3.0;17.0
14519;17.076666666666668;17.0;20.0;-3.0;17.0
14529;17.143333333333334;17.0;20.0;-3.0;17.0
14539;17.15;17.0;20.0;-3.0;17.0
14549;17.10333333333333;17.0;20.0;-3.0;17.0
14559;17.04;17.0;20.0;-3.0;17.0
14569;17.09;17.0;20.0;-3.0;17.0
14579;17.06;17.0;20.0;-3.0;17.0
14589;17.143333333333334;17.0;20.0;-3.0;17.0
14599;17.096666666666668;17.0;20.0;-3.0;17.0
14609;17.196666666666665;17.0;20.0;-3.0;17.0
14619;17.1;17.0;20.0;-3.0;17.0
14629;17.13;17.0;20.0;-3.0;17.0
14639;17.08;17.0;20.0;-3.0;17.0
14649;17.106666666666666;17.0;20.0;-3.0;17.0
14659;17.13;17.0;20.0;-3.0;17.0
14669;17.083333333333332;17.0;20.0;-3.0;17.0
14679;17.17;17.0;20.0;-3.0;17.0
14689;17.13;17.0;20.0;-3.0;17.0
14699;17.11;17.0;20.0;-3.0;17.0
14709;17.09;17.0;20.0;-3.0;17.0
14719;17.07;17.0;20.0;-3.0;17.0
14729;17.136666666666667;17.0;20.0;-3.0;17.0
14739;17.13;17.0;20.0;-3.0;17.0
14749;17.10333333333333;17.0;20.0;-3.0;17.0
14759;17.11;17.0;20.0;-3.0;17.0
14769;17.093333333333334;17.0;20.0;-3.0;17.0
14779;17.123333333333335;17.0;20.0;-3.0;17.0
14789;17.083333333333332;17.0;20.0;-3.0;17.0
14799;17.10333333333333;17.0;20.0;-3.0;17.0
14809;17.14666666666667;17.0;20.0;-3.0;17.0
14819;17.126666666666665;17.0;20.0;-3.0;17.0
14829;17.173333333333332;17.0;20.0;-3.0;17.0
14839;17.116666666666667;17.0;20.0;-3.0;17.0
14849;17.12;17.0;20.0;-3.0;17.0
14859;17.086666666666666;17.0;20.0;-3.0;17.0
14869;17.09;17.0;20.0;-3.0;17.0
14879;17.066666666666666;17.0;20.0;-3.0;17.0
14889;17.13;17.0;20.0;-3.0;17.0
14899;17.143333333333334;17.0;20.0;-3.0;17.0
14909;17.04;17.0;20.0;-3.0;17.0
14919;17.113333333333333;17.0;20.0;-3.0;17.0
14929;17.13;17.0;20.0;-3.0;17.0
14939;17.15;17.0;20.0;-3.0;17.0
14949;17.156666666666666;17.0;20.0;-3.0;17.0
14959;17.093333333333334;17.0;20.0;-3.0;17.0
14969;17.1;17.0;20.0;-3.0;17.0
14979;17.106666666666666;17.0;20.0;-3.0;17.0
14989;17.11;17.0;20.0;-3.0;17.0
14999;17.143333333333334;17.0;20.0;-3.0;17.0
