geracao;media da geracao;fitness do melhor da geracao;fitness do pior da geracao;relacao entre melhor e pior;fitness do melhor da run
Probabilidade Recombinação: 0.7
Probabilidade Mutação: 0.049999999999999996
Tipo de Selecção: Torneio
Tipo de Mutação: Simples Al.
Tamanho População: 300
Máximo de Gerações: 15000
0;84.60333333333334;69.0;101.0;-32.0;69.0
0;75.43666666666667;64.0;87.0;-23.0;64.0
9;55.23;53.0;60.0;-7.0;53.0
19;45.82333333333333;44.0;48.0;-4.0;44.0
29;37.013333333333335;36.0;40.0;-4.0;36.0
39;31.093333333333334;31.0;34.0;-3.0;31.0
49;29.1;28.0;32.0;-4.0;28.0
59;27.973333333333333;26.0;31.0;-5.0;26.0
69;25.266666666666666;25.0;29.0;-4.0;25.0
79;23.126666666666665;23.0;26.0;-3.0;23.0
89;21.12;21.0;24.0;-3.0;21.0
99;21.106666666666666;21.0;24.0;-3.0;21.0
109;21.073333333333334;21.0;24.0;-3.0;21.0
119;21.12;21.0;24.0;-3.0;21.0
129;20.13;20.0;23.0;-3.0;20.0
139;19.083333333333332;19.0;22.0;-3.0;19.0
149;17.063333333333333;17.0;20.0;-3.0;17.0
159;17.096666666666668;17.0;20.0;-3.0;17.0
169;15.083333333333334;15.0;18.0;-3.0;15.0
179;15.136666666666667;15.0;18.0;-3.0;15.0
189;15.113333333333333;15.0;18.0;-3.0;15.0
199;15.136666666666667;15.0;18.0;-3.0;15.0
209;15.14;15.0;18.0;-3.0;15.0
219;14.096666666666666;14.0;17.0;-3.0;14.0
229;14.086666666666666;14.0;17.0;-3.0;14.0
239;14.126666666666667;14.0;17.0;-3.0;14.0
249;14.09;14.0;17.0;-3.0;14.0
259;14.086666666666666;14.0;17.0;-3.0;14.0
269;14.09;14.0;17.0;-3.0;14.0
279;14.133333333333333;14.0;17.0;-3.0;14.0
289;14.113333333333333;14.0;17.0;-3.0;14.0
299;14.08;14.0;17.0;-3.0;14.0
309;14.103333333333333;14.0;17.0;-3.0;14.0
319;14.123333333333333;14.0;17.0;-3.0;14.0
329;14.133333333333333;14.0;17.0;-3.0;14.0
339;14.143333333333333;14.0;17.0;-3.0;14.0
349;14.116666666666667;14.0;17.0;-3.0;14.0
359;14.116666666666667;14.0;17.0;-3.0;14.0
369;14.133333333333333;14.0;17.0;-3.0;14.0
379;14.086666666666666;14.0;17.0;-3.0;14.0
389;14.076666666666666;14.0;17.0;-3.0;14.0
399;14.096666666666666;14.0;17.0;-3.0;14.0
409;14.103333333333333;14.0;17.0;-3.0;14.0
419;14.086666666666666;14.0;17.0;-3.0;14.0
429;14.086666666666666;14.0;17.0;-3.0;14.0
439;14.126666666666667;14.0;17.0;-3.0;14.0
449;14.15;14.0;17.0;-3.0;14.0
459;14.103333333333333;14.0;17.0;-3.0;14.0
469;14.12;14.0;17.0;-3.0;14.0
479;14.14;14.0;17.0;-3.0;14.0
489;14.193333333333333;14.0;17.0;-3.0;14.0
499;14.116666666666667;14.0;17.0;-3.0;14.0
509;14.156666666666666;14.0;17.0;-3.0;14.0
519;14.103333333333333;14.0;17.0;-3.0;14.0
529;14.09;14.0;17.0;-3.0;14.0
539;14.1;14.0;17.0;-3.0;14.0
549;14.103333333333333;14.0;17.0;-3.0;14.0
559;14.153333333333334;14.0;17.0;-3.0;14.0
569;14.096666666666666;14.0;17.0;-3.0;14.0
579;14.07;14.0;17.0;-3.0;14.0
589;14.096666666666666;14.0;17.0;-3.0;14.0
599;14.056666666666667;14.0;17.0;-3.0;14.0
609;14.09;14.0;17.0;-3.0;14.0
619;14.153333333333334;14.0;17.0;-3.0;14.0
629;14.083333333333334;14.0;17.0;-3.0;14.0
639;14.113333333333333;14.0;17.0;-3.0;14.0
649;14.11;14.0;17.0;-3.0;14.0
659;14.136666666666667;14.0;17.0;-3.0;14.0
669;14.086666666666666;14.0;17.0;-3.0;14.0
679;14.106666666666667;14.0;17.0;-3.0;14.0
689;14.136666666666667;14.0;17.0;-3.0;14.0
699;14.133333333333333;14.0;17.0;-3.0;14.0
709;14.066666666666666;14.0;17.0;-3.0;14.0
719;14.11;14.0;17.0;-3.0;14.0
729;14.136666666666667;14.0;17.0;-3.0;14.0
739;14.13;14.0;17.0;-3.0;14.0
749;14.126666666666667;14.0;17.0;-3.0;14.0
759;14.106666666666667;14.0;17.0;-3.0;14.0
769;14.06;14.0;17.0;-3.0;14.0
779;14.103333333333333;13.0;17.0;-4.0;13.0
789;13.12;13.0;16.0;-3.0;13.0
799;13.116666666666667;13.0;16.0;-3.0;13.0
809;13.09;13.0;16.0;-3.0;13.0
819;13.113333333333333;13.0;16.0;-3.0;13.0
829;13.14;13.0;16.0;-3.0;13.0
839;13.09;13.0;16.0;-3.0;13.0
849;13.096666666666666;13.0;16.0;-3.0;13.0
859;13.08;13.0;16.0;-3.0;13.0
869;13.13;13.0;16.0;-3.0;13.0
879;13.08;13.0;16.0;-3.0;13.0
889;13.153333333333334;13.0;16.0;-3.0;13.0
899;13.08;13.0;16.0;-3.0;13.0
909;13.11;13.0;16.0;-3.0;13.0
919;13.09;13.0;16.0;-3.0;13.0
929;13.11;13.0;16.0;-3.0;13.0
939;13.13;13.0;16.0;-3.0;13.0
949;13.13;13.0;16.0;-3.0;13.0
959;13.15;13.0;16.0;-3.0;13.0
969;13.17;13.0;16.0;-3.0;13.0
979;13.163333333333334;13.0;16.0;-3.0;13.0
989;13.103333333333333;13.0;16.0;-3.0;13.0
999;13.136666666666667;13.0;16.0;-3.0;13.0
1009;13.06;13.0;16.0;-3.0;13.0
1019;13.146666666666667;13.0;16.0;-3.0;13.0
1029;13.113333333333333;13.0;16.0;-3.0;13.0
1039;12.15;12.0;15.0;-3.0;12.0
1049;12.18;12.0;15.0;-3.0;12.0
1059;12.09;12.0;15.0;-3.0;12.0
1069;12.083333333333334;12.0;15.0;-3.0;12.0
1079;12.123333333333333;12.0;15.0;-3.0;12.0
1089;12.103333333333333;12.0;15.0;-3.0;12.0
1099;12.12;12.0;15.0;-3.0;12.0
1109;12.143333333333333;12.0;15.0;-3.0;12.0
1119;12.13;12.0;15.0;-3.0;12.0
1129;12.11;12.0;15.0;-3.0;12.0
1139;12.06;12.0;15.0;-3.0;12.0
1149;12.126666666666667;12.0;15.0;-3.0;12.0
1159;12.153333333333334;12.0;15.0;-3.0;12.0
1169;11.44;11.0;15.0;-4.0;11.0
1179;10.15;10.0;13.0;-3.0;10.0
1189;10.103333333333333;10.0;13.0;-3.0;10.0
1199;10.136666666666667;10.0;13.0;-3.0;10.0
1209;10.116666666666667;10.0;13.0;-3.0;10.0
1219;10.12;10.0;13.0;-3.0;10.0
1229;10.086666666666666;10.0;13.0;-3.0;10.0
1239;10.073333333333334;10.0;13.0;-3.0;10.0
1249;10.09;10.0;13.0;-3.0;10.0
1259;10.086666666666666;10.0;13.0;-3.0;10.0
1269;10.086666666666666;10.0;13.0;-3.0;10.0
1279;10.14;10.0;13.0;-3.0;10.0
1289;10.126666666666667;10.0;13.0;-3.0;10.0
1299;10.083333333333334;10.0;13.0;-3.0;10.0
1309;10.11;10.0;13.0;-3.0;10.0
1319;10.173333333333334;10.0;13.0;-3.0;10.0
1329;10.153333333333334;10.0;13.0;-3.0;10.0
1339;10.116666666666667;10.0;13.0;-3.0;10.0
1349;10.113333333333333;10.0;13.0;-3.0;10.0
1359;10.133333333333333;10.0;13.0;-3.0;10.0
1369;10.073333333333334;10.0;13.0;-3.0;10.0
1379;10.11;10.0;13.0;-3.0;10.0
1389;10.056666666666667;10.0;13.0;-3.0;10.0
1399;10.116666666666667;10.0;13.0;-3.0;10.0
1409;10.07;10.0;13.0;-3.0;10.0
1419;10.213333333333333;10.0;13.0;-3.0;10.0
1429;10.096666666666666;10.0;13.0;-3.0;10.0
1439;10.113333333333333;10.0;13.0;-3.0;10.0
1449;10.12;10.0;13.0;-3.0;10.0
1459;10.103333333333333;10.0;13.0;-3.0;10.0
1469;10.113333333333333;10.0;13.0;-3.0;10.0
1479;10.056666666666667;10.0;13.0;-3.0;10.0
1489;10.143333333333333;10.0;13.0;-3.0;10.0
1499;10.123333333333333;10.0;13.0;-3.0;10.0
1509;10.07;10.0;13.0;-3.0;10.0
1519;10.12;10.0;13.0;-3.0;10.0
1529;10.096666666666666;10.0;13.0;-3.0;10.0
1539;10.08;10.0;13.0;-3.0;10.0
1549;10.153333333333334;10.0;13.0;-3.0;10.0
1559;10.153333333333334;10.0;13.0;-3.0;10.0
1569;10.086666666666666;10.0;13.0;-3.0;10.0
1579;10.1;10.0;13.0;-3.0;10.0
1589;10.143333333333333;10.0;13.0;-3.0;10.0
1599;10.176666666666666;10.0;13.0;-3.0;10.0
1609;10.11;10.0;13.0;-3.0;10.0
1619;10.113333333333333;10.0;13.0;-3.0;10.0
1629;10.116666666666667;10.0;13.0;-3.0;10.0
1639;10.113333333333333;10.0;13.0;-3.0;10.0
1649;10.126666666666667;10.0;13.0;-3.0;10.0
1659;10.106666666666667;10.0;13.0;-3.0;10.0
1669;10.176666666666666;10.0;13.0;-3.0;10.0
1679;10.09;10.0;13.0;-3.0;10.0
1689;10.12;10.0;13.0;-3.0;10.0
1699;10.1;10.0;13.0;-3.0;10.0
1709;10.143333333333333;10.0;13.0;-3.0;10.0
1719;10.086666666666666;10.0;13.0;-3.0;10.0
1729;10.166666666666666;10.0;13.0;-3.0;10.0
1739;10.123333333333333;10.0;13.0;-3.0;10.0
1749;10.1;10.0;13.0;-3.0;10.0
1759;10.116666666666667;10.0;13.0;-3.0;10.0
1769;10.066666666666666;10.0;13.0;-3.0;10.0
1779;10.13;10.0;13.0;-3.0;10.0
1789;10.056666666666667;10.0;13.0;-3.0;10.0
1799;10.083333333333334;10.0;13.0;-3.0;10.0
1809;10.16;10.0;13.0;-3.0;10.0
1819;10.156666666666666;10.0;13.0;-3.0;10.0
1829;10.06;10.0;13.0;-3.0;10.0
1839;10.116666666666667;10.0;13.0;-3.0;10.0
1849;10.13;10.0;13.0;-3.0;10.0
1859;10.133333333333333;10.0;13.0;-3.0;10.0
1869;10.093333333333334;10.0;13.0;-3.0;10.0
1879;10.113333333333333;10.0;13.0;-3.0;10.0
1889;10.09;10.0;13.0;-3.0;10.0
1899;10.22;10.0;13.0;-3.0;10.0
1909;10.03;10.0;13.0;-3.0;10.0
1919;10.093333333333334;10.0;13.0;-3.0;10.0
1929;10.163333333333334;10.0;13.0;-3.0;10.0
1939;10.13;10.0;13.0;-3.0;10.0
1949;10.106666666666667;10.0;13.0;-3.0;10.0
1959;10.11;10.0;13.0;-3.0;10.0
1969;10.183333333333334;10.0;13.0;-3.0;10.0
1979;10.12;10.0;13.0;-3.0;10.0
1989;10.08;10.0;13.0;-3.0;10.0
1999;10.056666666666667;10.0;13.0;-3.0;10.0
2009;10.106666666666667;10.0;13.0;-3.0;10.0
2019;10.093333333333334;10.0;13.0;-3.0;10.0
2029;10.083333333333334;10.0;13.0;-3.0;10.0
2039;10.12;10.0;13.0;-3.0;10.0
2049;10.12;10.0;13.0;-3.0;10.0
2059;10.12;10.0;13.0;-3.0;10.0
2069;10.166666666666666;10.0;13.0;-3.0;10.0
2079;10.17;10.0;13.0;-3.0;10.0
2089;10.09;10.0;13.0;-3.0;10.0
2099;10.08;10.0;13.0;-3.0;10.0
2109;10.103333333333333;10.0;13.0;-3.0;10.0
2119;10.09;10.0;13.0;-3.0;10.0
2129;10.153333333333334;10.0;13.0;-3.0;10.0
2139;10.14;10.0;13.0;-3.0;10.0
2149;10.133333333333333;10.0;13.0;-3.0;10.0
2159;10.093333333333334;10.0;13.0;-3.0;10.0
2169;10.063333333333333;10.0;13.0;-3.0;10.0
2179;10.08;10.0;13.0;-3.0;10.0
2189;10.063333333333333;10.0;13.0;-3.0;10.0
2199;10.18;10.0;13.0;-3.0;10.0
2209;10.17;10.0;13.0;-3.0;10.0
2219;10.153333333333334;10.0;13.0;-3.0;10.0
2229;10.046666666666667;10.0;13.0;-3.0;10.0
2239;10.146666666666667;10.0;13.0;-3.0;10.0
2249;10.143333333333333;10.0;13.0;-3.0;10.0
2259;10.1;10.0;13.0;-3.0;10.0
2269;10.133333333333333;10.0;13.0;-3.0;10.0
2279;10.076666666666666;10.0;13.0;-3.0;10.0
2289;10.1;10.0;13.0;-3.0;10.0
2299;10.093333333333334;10.0;13.0;-3.0;10.0
2309;10.12;10.0;13.0;-3.0;10.0
2319;10.09;10.0;13.0;-3.0;10.0
2329;10.12;10.0;13.0;-3.0;10.0
2339;9.983333333333333;8.0;13.0;-5.0;8.0
2349;8.09;8.0;11.0;-3.0;8.0
2359;8.163333333333334;8.0;11.0;-3.0;8.0
2369;8.11;8.0;11.0;-3.0;8.0
2379;8.113333333333333;8.0;11.0;-3.0;8.0
2389;8.15;8.0;11.0;-3.0;8.0
2399;8.1;8.0;11.0;-3.0;8.0
2409;8.1;8.0;11.0;-3.0;8.0
2419;8.123333333333333;8.0;11.0;-3.0;8.0
2429;8.19;8.0;11.0;-3.0;8.0
2439;8.106666666666667;8.0;11.0;-3.0;8.0
2449;8.09;8.0;11.0;-3.0;8.0
2459;8.11;8.0;11.0;-3.0;8.0
2469;8.12;8.0;11.0;-3.0;8.0
2479;8.093333333333334;8.0;11.0;-3.0;8.0
2489;8.12;8.0;11.0;-3.0;8.0
2499;8.146666666666667;8.0;11.0;-3.0;8.0
2509;8.133333333333333;8.0;11.0;-3.0;8.0
2519;8.116666666666667;8.0;11.0;-3.0;8.0
2529;8.093333333333334;8.0;11.0;-3.0;8.0
2539;8.14;8.0;11.0;-3.0;8.0
2549;8.163333333333334;8.0;11.0;-3.0;8.0
2559;8.076666666666666;8.0;11.0;-3.0;8.0
2569;8.15;8.0;11.0;-3.0;8.0
2579;8.066666666666666;8.0;11.0;-3.0;8.0
2589;8.156666666666666;8.0;11.0;-3.0;8.0
2599;8.113333333333333;8.0;11.0;-3.0;8.0
2609;8.116666666666667;8.0;11.0;-3.0;8.0
2619;8.136666666666667;8.0;11.0;-3.0;8.0
2629;8.09;8.0;11.0;-3.0;8.0
2639;8.063333333333333;8.0;11.0;-3.0;8.0
2649;8.12;8.0;11.0;-3.0;8.0
2659;8.13;8.0;11.0;-3.0;8.0
2669;8.166666666666666;8.0;11.0;-3.0;8.0
2679;8.07;8.0;11.0;-3.0;8.0
2689;8.1;8.0;11.0;-3.0;8.0
2699;8.11;8.0;11.0;-3.0;8.0
2709;8.163333333333334;8.0;11.0;-3.0;8.0
2719;8.116666666666667;8.0;11.0;-3.0;8.0
2729;8.133333333333333;8.0;11.0;-3.0;8.0
2739;8.113333333333333;8.0;11.0;-3.0;8.0
2749;8.096666666666666;8.0;11.0;-3.0;8.0
2759;8.116666666666667;8.0;11.0;-3.0;8.0
2769;8.083333333333334;8.0;11.0;-3.0;8.0
2779;8.203333333333333;8.0;11.0;-3.0;8.0
2789;8.133333333333333;8.0;11.0;-3.0;8.0
2799;8.113333333333333;8.0;11.0;-3.0;8.0
2809;8.12;8.0;11.0;-3.0;8.0
2819;8.17;8.0;11.0;-3.0;8.0
2829;8.15;8.0;11.0;-3.0;8.0
2839;8.066666666666666;8.0;11.0;-3.0;8.0
2849;8.176666666666666;8.0;11.0;-3.0;8.0
2859;8.12;8.0;11.0;-3.0;8.0
2869;8.106666666666667;8.0;11.0;-3.0;8.0
2879;8.12;8.0;11.0;-3.0;8.0
2889;8.106666666666667;8.0;11.0;-3.0;8.0
2899;8.14;8.0;11.0;-3.0;8.0
2909;8.1;8.0;11.0;-3.0;8.0
2919;8.136666666666667;8.0;11.0;-3.0;8.0
2929;8.096666666666666;8.0;11.0;-3.0;8.0
2939;8.103333333333333;8.0;11.0;-3.0;8.0
2949;8.086666666666666;8.0;11.0;-3.0;8.0
2959;8.106666666666667;8.0;11.0;-3.0;8.0
2969;8.113333333333333;8.0;11.0;-3.0;8.0
2979;8.18;8.0;11.0;-3.0;8.0
2989;8.146666666666667;8.0;11.0;-3.0;8.0
2999;8.15;8.0;11.0;-3.0;8.0
3009;8.08;8.0;11.0;-3.0;8.0
3019;8.096666666666666;8.0;11.0;-3.0;8.0
3029;8.163333333333334;8.0;11.0;-3.0;8.0
3039;8.156666666666666;8.0;11.0;-3.0;8.0
3049;8.08;8.0;11.0;-3.0;8.0
3059;8.166666666666666;8.0;11.0;-3.0;8.0
3069;8.123333333333333;8.0;11.0;-3.0;8.0
3079;8.076666666666666;8.0;11.0;-3.0;8.0
3089;8.123333333333333;8.0;11.0;-3.0;8.0
3099;8.116666666666667;8.0;11.0;-3.0;8.0
3109;8.083333333333334;8.0;11.0;-3.0;8.0
3119;8.06;8.0;11.0;-3.0;8.0
3129;8.173333333333334;8.0;11.0;-3.0;8.0
3139;8.096666666666666;8.0;11.0;-3.0;8.0
3149;8.166666666666666;8.0;11.0;-3.0;8.0
3159;8.133333333333333;8.0;11.0;-3.0;8.0
3169;8.153333333333334;8.0;11.0;-3.0;8.0
3179;8.09;8.0;11.0;-3.0;8.0
3189;8.133333333333333;8.0;11.0;-3.0;8.0
3199;8.12;8.0;11.0;-3.0;8.0
3209;8.1;8.0;11.0;-3.0;8.0
3219;8.103333333333333;8.0;11.0;-3.0;8.0
3229;8.12;8.0;11.0;-3.0;8.0
3239;8.08;8.0;11.0;-3.0;8.0
3249;8.113333333333333;8.0;11.0;-3.0;8.0
3259;8.106666666666667;8.0;11.0;-3.0;8.0
3269;8.123333333333333;8.0;11.0;-3.0;8.0
3279;8.133333333333333;8.0;11.0;-3.0;8.0
3289;8.1;8.0;11.0;-3.0;8.0
3299;8.1;8.0;11.0;-3.0;8.0
3309;8.156666666666666;8.0;11.0;-3.0;8.0
3319;8.133333333333333;8.0;11.0;-3.0;8.0
3329;8.066666666666666;8.0;11.0;-3.0;8.0
3339;8.136666666666667;8.0;11.0;-3.0;8.0
3349;8.07;8.0;11.0;-3.0;8.0
3359;8.05;8.0;11.0;-3.0;8.0
3369;8.1;8.0;11.0;-3.0;8.0
3379;8.12;8.0;11.0;-3.0;8.0
3389;8.143333333333333;8.0;11.0;-3.0;8.0
3399;8.113333333333333;8.0;11.0;-3.0;8.0
3409;8.106666666666667;8.0;11.0;-3.0;8.0
3419;8.146666666666667;8.0;11.0;-3.0;8.0
3429;8.043333333333333;8.0;11.0;-3.0;8.0
3439;8.09;8.0;11.0;-3.0;8.0
3449;8.1;8.0;11.0;-3.0;8.0
3459;8.183333333333334;8.0;11.0;-3.0;8.0
3469;8.103333333333333;8.0;11.0;-3.0;8.0
3479;8.17;8.0;11.0;-3.0;8.0
3489;8.13;8.0;11.0;-3.0;8.0
3499;8.083333333333334;8.0;11.0;-3.0;8.0
3509;8.123333333333333;8.0;11.0;-3.0;8.0
3519;8.143333333333333;8.0;11.0;-3.0;8.0
3529;8.113333333333333;8.0;11.0;-3.0;8.0
3539;8.116666666666667;8.0;11.0;-3.0;8.0
3549;8.103333333333333;8.0;11.0;-3.0;8.0
3559;8.176666666666666;8.0;11.0;-3.0;8.0
3569;8.11;8.0;11.0;-3.0;8.0
3579;8.16;8.0;11.0;-3.0;8.0
3589;8.136666666666667;8.0;11.0;-3.0;8.0
3599;8.116666666666667;8.0;11.0;-3.0;8.0
3609;8.11;8.0;11.0;-3.0;8.0
3619;8.11;8.0;11.0;-3.0;8.0
3629;8.166666666666666;8.0;11.0;-3.0;8.0
3639;8.093333333333334;8.0;11.0;-3.0;8.0
3649;8.106666666666667;8.0;11.0;-3.0;8.0
3659;8.136666666666667;8.0;11.0;-3.0;8.0
3669;8.066666666666666;8.0;11.0;-3.0;8.0
3679;8.083333333333334;8.0;11.0;-3.0;8.0
3689;8.146666666666667;8.0;11.0;-3.0;8.0
3699;8.076666666666666;8.0;11.0;-3.0;8.0
3709;8.096666666666666;8.0;11.0;-3.0;8.0
3719;8.17;8.0;11.0;-3.0;8.0
3729;8.126666666666667;8.0;11.0;-3.0;8.0
3739;8.123333333333333;8.0;11.0;-3.0;8.0
3749;8.103333333333333;8.0;11.0;-3.0;8.0
3759;8.133333333333333;8.0;11.0;-3.0;8.0
3769;8.103333333333333;8.0;11.0;-3.0;8.0
3779;8.126666666666667;8.0;11.0;-3.0;8.0
3789;8.136666666666667;8.0;11.0;-3.0;8.0
3799;8.113333333333333;8.0;11.0;-3.0;8.0
3809;8.136666666666667;8.0;11.0;-3.0;8.0
3819;8.123333333333333;8.0;11.0;-3.0;8.0
3829;8.1;8.0;11.0;-3.0;8.0
3839;8.183333333333334;8.0;11.0;-3.0;8.0
3849;8.073333333333334;8.0;11.0;-3.0;8.0
3859;8.126666666666667;8.0;11.0;-3.0;8.0
3869;8.173333333333334;8.0;11.0;-3.0;8.0
3879;8.13;8.0;11.0;-3.0;8.0
3889;8.133333333333333;8.0;11.0;-3.0;8.0
3899;8.093333333333334;8.0;11.0;-3.0;8.0
3909;8.116666666666667;8.0;11.0;-3.0;8.0
3919;8.083333333333334;8.0;11.0;-3.0;8.0
3929;8.136666666666667;8.0;11.0;-3.0;8.0
3939;8.153333333333334;8.0;11.0;-3.0;8.0
3949;8.103333333333333;8.0;11.0;-3.0;8.0
3959;8.143333333333333;8.0;11.0;-3.0;8.0
3969;8.113333333333333;8.0;11.0;-3.0;8.0
3979;8.166666666666666;8.0;11.0;-3.0;8.0
3989;8.06;8.0;11.0;-3.0;8.0
3999;8.12;8.0;11.0;-3.0;8.0
4009;8.15;8.0;11.0;-3.0;8.0
4019;8.126666666666667;8.0;11.0;-3.0;8.0
4029;8.176666666666666;8.0;11.0;-3.0;8.0
4039;8.133333333333333;8.0;11.0;-3.0;8.0
4049;8.1;8.0;11.0;-3.0;8.0
4059;8.11;8.0;11.0;-3.0;8.0
4069;8.113333333333333;8.0;11.0;-3.0;8.0
4079;8.113333333333333;8.0;11.0;-3.0;8.0
4089;8.116666666666667;8.0;11.0;-3.0;8.0
4099;8.126666666666667;8.0;11.0;-3.0;8.0
4109;8.13;8.0;11.0;-3.0;8.0
4119;8.07;8.0;11.0;-3.0;8.0
4129;8.033333333333333;8.0;11.0;-3.0;8.0
4139;8.186666666666667;8.0;11.0;-3.0;8.0
4149;8.123333333333333;8.0;11.0;-3.0;8.0
4159;8.106666666666667;8.0;11.0;-3.0;8.0
4169;8.12;8.0;11.0;-3.0;8.0
4179;8.136666666666667;8.0;11.0;-3.0;8.0
4189;8.143333333333333;8.0;11.0;-3.0;8.0
4199;8.123333333333333;8.0;11.0;-3.0;8.0
4209;8.156666666666666;8.0;11.0;-3.0;8.0
4219;8.14;8.0;11.0;-3.0;8.0
4229;8.08;8.0;11.0;-3.0;8.0
4239;8.143333333333333;8.0;11.0;-3.0;8.0
4249;8.103333333333333;8.0;11.0;-3.0;8.0
4259;8.116666666666667;8.0;11.0;-3.0;8.0
4269;8.063333333333333;8.0;11.0;-3.0;8.0
4279;8.17;8.0;11.0;-3.0;8.0
4289;8.116666666666667;8.0;11.0;-3.0;8.0
4299;8.173333333333334;8.0;11.0;-3.0;8.0
4309;8.153333333333334;8.0;11.0;-3.0;8.0
4319;8.103333333333333;8.0;11.0;-3.0;8.0
4329;8.183333333333334;8.0;11.0;-3.0;8.0
4339;8.14;8.0;11.0;-3.0;8.0
4349;8.12;8.0;11.0;-3.0;8.0
4359;8.133333333333333;8.0;11.0;-3.0;8.0
4369;8.14;8.0;11.0;-3.0;8.0
4379;8.103333333333333;8.0;11.0;-3.0;8.0
4389;8.106666666666667;8.0;11.0;-3.0;8.0
4399;8.166666666666666;8.0;11.0;-3.0;8.0
4409;8.133333333333333;8.0;11.0;-3.0;8.0
4419;8.096666666666666;8.0;11.0;-3.0;8.0
4429;8.133333333333333;8.0;11.0;-3.0;8.0
4439;8.123333333333333;8.0;11.0;-3.0;8.0
4449;8.15;8.0;11.0;-3.0;8.0
4459;8.093333333333334;8.0;11.0;-3.0;8.0
4469;8.1;8.0;11.0;-3.0;8.0
4479;8.106666666666667;8.0;11.0;-3.0;8.0
4489;8.096666666666666;8.0;11.0;-3.0;8.0
4499;8.123333333333333;8.0;11.0;-3.0;8.0
4509;8.136666666666667;8.0;11.0;-3.0;8.0
4519;8.113333333333333;8.0;11.0;-3.0;8.0
4529;8.196666666666667;8.0;11.0;-3.0;8.0
4539;8.136666666666667;8.0;11.0;-3.0;8.0
4549;8.106666666666667;8.0;11.0;-3.0;8.0
4559;8.116666666666667;8.0;11.0;-3.0;8.0
4569;8.096666666666666;8.0;11.0;-3.0;8.0
4579;8.163333333333334;8.0;11.0;-3.0;8.0
4589;8.093333333333334;8.0;11.0;-3.0;8.0
4599;8.12;8.0;11.0;-3.0;8.0
4609;8.083333333333334;8.0;11.0;-3.0;8.0
4619;8.07;8.0;11.0;-3.0;8.0
4629;8.106666666666667;8.0;11.0;-3.0;8.0
4639;8.113333333333333;8.0;11.0;-3.0;8.0
4649;8.096666666666666;8.0;11.0;-3.0;8.0
4659;8.123333333333333;8.0;11.0;-3.0;8.0
4669;8.116666666666667;8.0;11.0;-3.0;8.0
4679;8.1;8.0;11.0;-3.0;8.0
4689;8.133333333333333;8.0;11.0;-3.0;8.0
4699;8.1;8.0;11.0;-3.0;8.0
4709;8.11;8.0;11.0;-3.0;8.0
4719;8.15;8.0;11.0;-3.0;8.0
4729;8.136666666666667;8.0;11.0;-3.0;8.0
4739;8.116666666666667;8.0;11.0;-3.0;8.0
4749;8.1;8.0;11.0;-3.0;8.0
4759;8.12;8.0;11.0;-3.0;8.0
4769;8.093333333333334;8.0;11.0;-3.0;8.0
4779;8.056666666666667;8.0;11.0;-3.0;8.0
4789;8.146666666666667;8.0;11.0;-3.0;8.0
4799;8.05;8.0;11.0;-3.0;8.0
4809;8.11;8.0;11.0;-3.0;8.0
4819;8.17;8.0;11.0;-3.0;8.0
4829;8.09;8.0;11.0;-3.0;8.0
4839;8.05;8.0;11.0;-3.0;8.0
4849;8.103333333333333;8.0;11.0;-3.0;8.0
4859;8.146666666666667;8.0;11.0;-3.0;8.0
4869;8.123333333333333;8.0;11.0;-3.0;8.0
4879;8.103333333333333;8.0;11.0;-3.0;8.0
4889;8.066666666666666;8.0;11.0;-3.0;8.0
4899;8.09;8.0;11.0;-3.0;8.0
4909;8.116666666666667;8.0;11.0;-3.0;8.0
4919;8.133333333333333;8.0;11.0;-3.0;8.0
4929;8.093333333333334;8.0;11.0;-3.0;8.0
4939;8.21;8.0;11.0;-3.0;8.0
4949;8.13;8.0;11.0;-3.0;8.0
4959;8.103333333333333;8.0;11.0;-3.0;8.0
4969;8.08;8.0;11.0;-3.0;8.0
4979;8.136666666666667;8.0;11.0;-3.0;8.0
4989;8.123333333333333;8.0;11.0;-3.0;8.0
4999;8.133333333333333;8.0;11.0;-3.0;8.0
5009;8.07;8.0;11.0;-3.0;8.0
5019;8.08;8.0;11.0;-3.0;8.0
5029;8.19;8.0;11.0;-3.0;8.0
5039;8.133333333333333;8.0;11.0;-3.0;8.0
5049;8.116666666666667;8.0;11.0;-3.0;8.0
5059;8.086666666666666;8.0;11.0;-3.0;8.0
5069;8.096666666666666;8.0;11.0;-3.0;8.0
5079;8.093333333333334;8.0;11.0;-3.0;8.0
5089;8.106666666666667;8.0;11.0;-3.0;8.0
5099;8.156666666666666;8.0;11.0;-3.0;8.0
5109;8.146666666666667;8.0;11.0;-3.0;8.0
5119;8.093333333333334;8.0;11.0;-3.0;8.0
5129;8.07;8.0;11.0;-3.0;8.0
5139;8.1;8.0;11.0;-3.0;8.0
5149;8.123333333333333;8.0;11.0;-3.0;8.0
5159;8.11;8.0;11.0;-3.0;8.0
5169;8.146666666666667;8.0;11.0;-3.0;8.0
5179;8.136666666666667;8.0;11.0;-3.0;8.0
5189;8.12;8.0;11.0;-3.0;8.0
5199;8.156666666666666;8.0;11.0;-3.0;8.0
5209;8.163333333333334;8.0;11.0;-3.0;8.0
5219;8.113333333333333;8.0;11.0;-3.0;8.0
5229;8.13;8.0;11.0;-3.0;8.0
5239;8.096666666666666;8.0;11.0;-3.0;8.0
5249;8.076666666666666;8.0;11.0;-3.0;8.0
5259;8.116666666666667;8.0;11.0;-3.0;8.0
5269;8.103333333333333;8.0;11.0;-3.0;8.0
5279;8.14;8.0;11.0;-3.0;8.0
5289;8.083333333333334;8.0;11.0;-3.0;8.0
5299;8.123333333333333;8.0;11.0;-3.0;8.0
5309;8.076666666666666;8.0;11.0;-3.0;8.0
5319;8.12;8.0;11.0;-3.0;8.0
5329;8.116666666666667;8.0;11.0;-3.0;8.0
5339;8.143333333333333;8.0;11.0;-3.0;8.0
5349;8.133333333333333;8.0;11.0;-3.0;8.0
5359;8.116666666666667;8.0;11.0;-3.0;8.0
5369;8.186666666666667;8.0;11.0;-3.0;8.0
5379;8.093333333333334;8.0;11.0;-3.0;8.0
5389;8.08;8.0;11.0;-3.0;8.0
5399;8.1;8.0;11.0;-3.0;8.0
5409;8.1;8.0;11.0;-3.0;8.0
5419;8.09;8.0;11.0;-3.0;8.0
5429;8.076666666666666;8.0;11.0;-3.0;8.0
5439;8.093333333333334;8.0;11.0;-3.0;8.0
5449;8.12;8.0;11.0;-3.0;8.0
5459;8.096666666666666;8.0;11.0;-3.0;8.0
5469;8.156666666666666;8.0;11.0;-3.0;8.0
5479;8.096666666666666;8.0;11.0;-3.0;8.0
5489;8.093333333333334;8.0;11.0;-3.0;8.0
5499;8.126666666666667;8.0;11.0;-3.0;8.0
5509;8.15;8.0;11.0;-3.0;8.0
5519;8.086666666666666;8.0;11.0;-3.0;8.0
5529;8.106666666666667;8.0;11.0;-3.0;8.0
5539;8.093333333333334;8.0;11.0;-3.0;8.0
5549;8.133333333333333;8.0;11.0;-3.0;8.0
5559;8.1;8.0;11.0;-3.0;8.0
5569;8.136666666666667;8.0;11.0;-3.0;8.0
5579;8.156666666666666;8.0;11.0;-3.0;8.0
5589;8.173333333333334;8.0;11.0;-3.0;8.0
5599;8.06;8.0;11.0;-3.0;8.0
5609;8.136666666666667;8.0;11.0;-3.0;8.0
5619;8.143333333333333;8.0;11.0;-3.0;8.0
5629;8.14;8.0;11.0;-3.0;8.0
5639;8.136666666666667;8.0;11.0;-3.0;8.0
5649;8.103333333333333;8.0;11.0;-3.0;8.0
5659;8.096666666666666;8.0;11.0;-3.0;8.0
5669;8.083333333333334;8.0;11.0;-3.0;8.0
5679;8.123333333333333;8.0;11.0;-3.0;8.0
5689;8.126666666666667;8.0;11.0;-3.0;8.0
5699;8.083333333333334;8.0;11.0;-3.0;8.0
5709;8.06;8.0;11.0;-3.0;8.0
5719;8.146666666666667;8.0;11.0;-3.0;8.0
5729;8.136666666666667;8.0;11.0;-3.0;8.0
5739;8.16;8.0;11.0;-3.0;8.0
5749;8.156666666666666;8.0;11.0;-3.0;8.0
5759;8.073333333333334;8.0;11.0;-3.0;8.0
5769;8.056666666666667;8.0;11.0;-3.0;8.0
5779;8.163333333333334;8.0;11.0;-3.0;8.0
5789;8.076666666666666;8.0;11.0;-3.0;8.0
5799;8.143333333333333;8.0;11.0;-3.0;8.0
5809;8.16;8.0;11.0;-3.0;8.0
5819;8.1;8.0;11.0;-3.0;8.0
5829;8.193333333333333;8.0;11.0;-3.0;8.0
5839;8.136666666666667;8.0;11.0;-3.0;8.0
5849;8.18;8.0;11.0;-3.0;8.0
5859;8.123333333333333;8.0;11.0;-3.0;8.0
5869;8.14;8.0;11.0;-3.0;8.0
5879;8.096666666666666;8.0;11.0;-3.0;8.0
5889;8.03;8.0;11.0;-3.0;8.0
5899;8.116666666666667;8.0;11.0;-3.0;8.0
5909;8.146666666666667;8.0;11.0;-3.0;8.0
5919;8.103333333333333;8.0;11.0;-3.0;8.0
5929;8.113333333333333;8.0;11.0;-3.0;8.0
5939;8.123333333333333;8.0;11.0;-3.0;8.0
5949;8.156666666666666;8.0;11.0;-3.0;8.0
5959;8.133333333333333;8.0;11.0;-3.0;8.0
5969;8.123333333333333;8.0;11.0;-3.0;8.0
5979;8.103333333333333;8.0;11.0;-3.0;8.0
5989;8.163333333333334;8.0;11.0;-3.0;8.0
5999;8.17;8.0;11.0;-3.0;8.0
6009;8.116666666666667;8.0;11.0;-3.0;8.0
6019;8.103333333333333;8.0;11.0;-3.0;8.0
6029;8.1;8.0;11.0;-3.0;8.0
6039;8.153333333333334;8.0;11.0;-3.0;8.0
6049;8.183333333333334;8.0;11.0;-3.0;8.0
6059;8.12;8.0;11.0;-3.0;8.0
6069;8.076666666666666;8.0;11.0;-3.0;8.0
6079;8.116666666666667;8.0;11.0;-3.0;8.0
6089;8.17;8.0;11.0;-3.0;8.0
6099;8.143333333333333;8.0;11.0;-3.0;8.0
6109;8.16;8.0;11.0;-3.0;8.0
6119;8.17;8.0;11.0;-3.0;8.0
6129;8.106666666666667;8.0;11.0;-3.0;8.0
6139;8.15;8.0;11.0;-3.0;8.0
6149;8.09;8.0;11.0;-3.0;8.0
6159;8.16;8.0;11.0;-3.0;8.0
6169;8.17;8.0;11.0;-3.0;8.0
6179;8.13;8.0;11.0;-3.0;8.0
6189;8.096666666666666;8.0;11.0;-3.0;8.0
6199;8.1;8.0;11.0;-3.0;8.0
6209;8.156666666666666;8.0;11.0;-3.0;8.0
6219;8.15;8.0;11.0;-3.0;8.0
6229;8.076666666666666;8.0;11.0;-3.0;8.0
6239;8.1;8.0;11.0;-3.0;8.0
6249;8.103333333333333;8.0;11.0;-3.0;8.0
6259;8.12;8.0;11.0;-3.0;8.0
6269;8.136666666666667;8.0;11.0;-3.0;8.0
6279;8.173333333333334;8.0;11.0;-3.0;8.0
6289;8.1;8.0;11.0;-3.0;8.0
6299;8.116666666666667;8.0;11.0;-3.0;8.0
6309;8.106666666666667;8.0;11.0;-3.0;8.0
6319;8.146666666666667;8.0;11.0;-3.0;8.0
6329;8.12;8.0;11.0;-3.0;8.0
6339;8.09;8.0;11.0;-3.0;8.0
6349;8.156666666666666;8.0;11.0;-3.0;8.0
6359;8.143333333333333;8.0;11.0;-3.0;8.0
6369;8.15;8.0;11.0;-3.0;8.0
6379;8.09;8.0;11.0;-3.0;8.0
6389;8.11;8.0;11.0;-3.0;8.0
6399;8.113333333333333;8.0;11.0;-3.0;8.0
6409;8.1;8.0;11.0;-3.0;8.0
6419;8.09;8.0;11.0;-3.0;8.0
6429;8.133333333333333;8.0;11.0;-3.0;8.0
6439;8.14;8.0;11.0;-3.0;8.0
6449;8.12;8.0;11.0;-3.0;8.0
6459;8.116666666666667;8.0;11.0;-3.0;8.0
6469;8.076666666666666;8.0;11.0;-3.0;8.0
6479;8.123333333333333;8.0;11.0;-3.0;8.0
6489;8.123333333333333;8.0;11.0;-3.0;8.0
6499;8.09;8.0;11.0;-3.0;8.0
6509;8.14;8.0;11.0;-3.0;8.0
6519;8.113333333333333;8.0;11.0;-3.0;8.0
6529;8.11;8.0;11.0;-3.0;8.0
6539;8.15;8.0;11.0;-3.0;8.0
6549;8.14;8.0;11.0;-3.0;8.0
6559;8.123333333333333;8.0;11.0;-3.0;8.0
6569;8.136666666666667;8.0;11.0;-3.0;8.0
6579;8.126666666666667;8.0;11.0;-3.0;8.0
6589;8.106666666666667;8.0;11.0;-3.0;8.0
6599;8.12;8.0;11.0;-3.0;8.0
6609;8.15;8.0;11.0;-3.0;8.0
6619;8.13;8.0;11.0;-3.0;8.0
6629;8.213333333333333;8.0;11.0;-3.0;8.0
6639;8.13;8.0;11.0;-3.0;8.0
6649;8.13;8.0;11.0;-3.0;8.0
6659;8.116666666666667;8.0;11.0;-3.0;8.0
6669;8.16;8.0;11.0;-3.0;8.0
6679;8.106666666666667;8.0;11.0;-3.0;8.0
6689;8.066666666666666;8.0;11.0;-3.0;8.0
6699;8.113333333333333;8.0;11.0;-3.0;8.0
6709;8.126666666666667;8.0;11.0;-3.0;8.0
6719;8.146666666666667;8.0;11.0;-3.0;8.0
6729;8.106666666666667;8.0;11.0;-3.0;8.0
6739;8.126666666666667;8.0;11.0;-3.0;8.0
6749;8.133333333333333;8.0;11.0;-3.0;8.0
6759;8.14;8.0;11.0;-3.0;8.0
6769;8.136666666666667;8.0;11.0;-3.0;8.0
6779;8.116666666666667;8.0;11.0;-3.0;8.0
6789;8.096666666666666;8.0;11.0;-3.0;8.0
6799;8.146666666666667;8.0;11.0;-3.0;8.0
6809;8.08;8.0;11.0;-3.0;8.0
6819;8.13;8.0;11.0;-3.0;8.0
6829;8.176666666666666;8.0;11.0;-3.0;8.0
6839;8.103333333333333;8.0;11.0;-3.0;8.0
6849;8.076666666666666;8.0;11.0;-3.0;8.0
6859;8.06;8.0;11.0;-3.0;8.0
6869;8.09;8.0;11.0;-3.0;8.0
6879;8.09;8.0;11.0;-3.0;8.0
6889;8.123333333333333;8.0;11.0;-3.0;8.0
6899;8.1;8.0;11.0;-3.0;8.0
6909;8.133333333333333;8.0;11.0;-3.0;8.0
6919;8.076666666666666;8.0;11.0;-3.0;8.0
6929;8.14;8.0;11.0;-3.0;8.0
6939;8.106666666666667;8.0;11.0;-3.0;8.0
6949;8.096666666666666;8.0;11.0;-3.0;8.0
6959;8.083333333333334;8.0;11.0;-3.0;8.0
6969;8.123333333333333;8.0;11.0;-3.0;8.0
6979;8.06;8.0;11.0;-3.0;8.0
6989;8.18;8.0;11.0;-3.0;8.0
6999;8.133333333333333;8.0;11.0;-3.0;8.0
7009;8.13;8.0;11.0;-3.0;8.0
7019;8.09;8.0;11.0;-3.0;8.0
7029;8.03;8.0;11.0;-3.0;8.0
7039;8.123333333333333;8.0;11.0;-3.0;8.0
7049;8.03;8.0;11.0;-3.0;8.0
7059;8.08;8.0;11.0;-3.0;8.0
7069;8.156666666666666;8.0;11.0;-3.0;8.0
7079;8.123333333333333;8.0;11.0;-3.0;8.0
7089;8.123333333333333;8.0;11.0;-3.0;8.0
7099;8.14;8.0;11.0;-3.0;8.0
7109;8.063333333333333;8.0;11.0;-3.0;8.0
7119;8.17;8.0;11.0;-3.0;8.0
7129;8.07;8.0;11.0;-3.0;8.0
7139;8.143333333333333;8.0;11.0;-3.0;8.0
7149;8.14;8.0;11.0;-3.0;8.0
7159;8.07;8.0;11.0;-3.0;8.0
7169;8.13;8.0;11.0;-3.0;8.0
7179;8.13;8.0;11.0;-3.0;8.0
7189;8.143333333333333;8.0;11.0;-3.0;8.0
7199;8.116666666666667;8.0;11.0;-3.0;8.0
7209;8.116666666666667;8.0;11.0;-3.0;8.0
7219;8.076666666666666;8.0;11.0;-3.0;8.0
7229;8.09;8.0;11.0;-3.0;8.0
7239;8.083333333333334;8.0;11.0;-3.0;8.0
7249;8.1;8.0;11.0;-3.0;8.0
7259;8.116666666666667;8.0;11.0;-3.0;8.0
7269;8.126666666666667;8.0;11.0;-3.0;8.0
7279;8.11;8.0;11.0;-3.0;8.0
7289;8.136666666666667;8.0;11.0;-3.0;8.0
7299;8.19;8.0;11.0;-3.0;8.0
7309;8.156666666666666;8.0;11.0;-3.0;8.0
7319;8.126666666666667;8.0;11.0;-3.0;8.0
7329;8.136666666666667;8.0;11.0;-3.0;8.0
7339;8.056666666666667;8.0;11.0;-3.0;8.0
7349;8.13;8.0;11.0;-3.0;8.0
7359;8.103333333333333;8.0;11.0;-3.0;8.0
7369;8.18;8.0;11.0;-3.0;8.0
7379;8.086666666666666;8.0;11.0;-3.0;8.0
7389;8.183333333333334;8.0;11.0;-3.0;8.0
7399;8.08;8.0;11.0;-3.0;8.0
7409;8.103333333333333;8.0;11.0;-3.0;8.0
7419;8.12;8.0;11.0;-3.0;8.0
7429;8.076666666666666;8.0;11.0;-3.0;8.0
7439;8.073333333333334;8.0;11.0;-3.0;8.0
7449;8.053333333333333;8.0;11.0;-3.0;8.0
7459;8.133333333333333;8.0;11.0;-3.0;8.0
7469;8.156666666666666;8.0;11.0;-3.0;8.0
7479;8.12;8.0;11.0;-3.0;8.0
7489;8.09;8.0;11.0;-3.0;8.0
7499;8.123333333333333;8.0;11.0;-3.0;8.0
7509;8.136666666666667;8.0;11.0;-3.0;8.0
7519;8.093333333333334;8.0;11.0;-3.0;8.0
7529;8.093333333333334;8.0;11.0;-3.0;8.0
7539;8.09;8.0;11.0;-3.0;8.0
7549;8.14;8.0;11.0;-3.0;8.0
7559;8.153333333333334;8.0;11.0;-3.0;8.0
7569;8.096666666666666;8.0;11.0;-3.0;8.0
7579;8.113333333333333;8.0;11.0;-3.0;8.0
7589;8.14;8.0;11.0;-3.0;8.0
7599;8.17;8.0;11.0;-3.0;8.0
7609;8.126666666666667;8.0;11.0;-3.0;8.0
7619;8.136666666666667;8.0;11.0;-3.0;8.0
7629;8.066666666666666;8.0;11.0;-3.0;8.0
7639;8.106666666666667;8.0;11.0;-3.0;8.0
7649;8.13;8.0;11.0;-3.0;8.0
7659;8.05;8.0;11.0;-3.0;8.0
7669;8.196666666666667;8.0;11.0;-3.0;8.0
7679;8.17;8.0;11.0;-3.0;8.0
7689;8.083333333333334;8.0;11.0;-3.0;8.0
7699;8.136666666666667;8.0;11.0;-3.0;8.0
7709;8.173333333333334;8.0;11.0;-3.0;8.0
7719;8.093333333333334;8.0;11.0;-3.0;8.0
7729;8.12;8.0;11.0;-3.0;8.0
7739;8.123333333333333;8.0;11.0;-3.0;8.0
7749;8.17;8.0;11.0;-3.0;8.0
7759;8.113333333333333;8.0;11.0;-3.0;8.0
7769;8.146666666666667;8.0;11.0;-3.0;8.0
7779;8.16;8.0;11.0;-3.0;8.0
7789;8.066666666666666;8.0;11.0;-3.0;8.0
7799;8.143333333333333;8.0;11.0;-3.0;8.0
7809;8.083333333333334;8.0;11.0;-3.0;8.0
7819;8.103333333333333;8.0;11.0;-3.0;8.0
7829;8.203333333333333;8.0;11.0;-3.0;8.0
7839;8.076666666666666;8.0;11.0;-3.0;8.0
7849;8.173333333333334;8.0;11.0;-3.0;8.0
7859;8.146666666666667;8.0;11.0;-3.0;8.0
7869;8.15;8.0;11.0;-3.0;8.0
7879;8.103333333333333;8.0;11.0;-3.0;8.0
7889;8.15;8.0;11.0;-3.0;8.0
7899;8.11;8.0;11.0;-3.0;8.0
7909;8.036666666666667;8.0;11.0;-3.0;8.0
7919;8.1;8.0;11.0;-3.0;8.0
7929;8.216666666666667;8.0;11.0;-3.0;8.0
7939;8.2;8.0;11.0;-3.0;8.0
7949;8.206666666666667;8.0;11.0;-3.0;8.0
7959;8.13;8.0;11.0;-3.0;8.0
7969;8.073333333333334;8.0;11.0;-3.0;8.0
7979;8.13;8.0;11.0;-3.0;8.0
7989;8.07;8.0;11.0;-3.0;8.0
7999;8.17;8.0;11.0;-3.0;8.0
8009;8.143333333333333;8.0;11.0;-3.0;8.0
8019;8.126666666666667;8.0;11.0;-3.0;8.0
8029;8.12;8.0;11.0;-3.0;8.0
8039;8.09;8.0;11.0;-3.0;8.0
8049;8.133333333333333;8.0;11.0;-3.0;8.0
8059;8.116666666666667;8.0;11.0;-3.0;8.0
8069;8.106666666666667;8.0;11.0;-3.0;8.0
8079;8.133333333333333;8.0;11.0;-3.0;8.0
8089;8.116666666666667;8.0;11.0;-3.0;8.0
8099;8.12;8.0;11.0;-3.0;8.0
8109;8.14;8.0;11.0;-3.0;8.0
8119;8.18;8.0;11.0;-3.0;8.0
8129;8.17;8.0;11.0;-3.0;8.0
8139;8.133333333333333;8.0;11.0;-3.0;8.0
8149;8.116666666666667;8.0;11.0;-3.0;8.0
8159;8.11;8.0;11.0;-3.0;8.0
8169;8.153333333333334;8.0;11.0;-3.0;8.0
8179;8.073333333333334;8.0;11.0;-3.0;8.0
8189;8.106666666666667;8.0;11.0;-3.0;8.0
8199;8.146666666666667;8.0;11.0;-3.0;8.0
8209;8.15;8.0;11.0;-3.0;8.0
8219;8.11;8.0;11.0;-3.0;8.0
8229;8.15;8.0;11.0;-3.0;8.0
8239;8.19;8.0;11.0;-3.0;8.0
8249;8.086666666666666;8.0;11.0;-3.0;8.0
8259;8.126666666666667;8.0;11.0;-3.0;8.0
8269;8.066666666666666;8.0;11.0;-3.0;8.0
8279;8.113333333333333;8.0;11.0;-3.0;8.0
8289;8.146666666666667;8.0;11.0;-3.0;8.0
8299;8.076666666666666;8.0;11.0;-3.0;8.0
8309;8.19;8.0;11.0;-3.0;8.0
8319;8.126666666666667;8.0;11.0;-3.0;8.0
8329;8.173333333333334;8.0;11.0;-3.0;8.0
8339;8.073333333333334;8.0;11.0;-3.0;8.0
8349;8.14;8.0;11.0;-3.0;8.0
8359;8.116666666666667;8.0;11.0;-3.0;8.0
8369;8.103333333333333;8.0;11.0;-3.0;8.0
8379;8.106666666666667;8.0;11.0;-3.0;8.0
8389;8.086666666666666;8.0;11.0;-3.0;8.0
8399;8.22;8.0;11.0;-3.0;8.0
8409;8.14;8.0;11.0;-3.0;8.0
8419;8.11;8.0;11.0;-3.0;8.0
8429;8.133333333333333;8.0;11.0;-3.0;8.0
8439;8.116666666666667;8.0;11.0;-3.0;8.0
8449;8.133333333333333;8.0;11.0;-3.0;8.0
8459;8.12;8.0;11.0;-3.0;8.0
8469;8.14;8.0;11.0;-3.0;8.0
8479;8.07;8.0;11.0;-3.0;8.0
8489;8.146666666666667;8.0;11.0;-3.0;8.0
8499;8.083333333333334;8.0;11.0;-3.0;8.0
8509;8.083333333333334;8.0;11.0;-3.0;8.0
8519;8.09;8.0;11.0;-3.0;8.0
8529;8.116666666666667;8.0;11.0;-3.0;8.0
8539;8.156666666666666;8.0;11.0;-3.0;8.0
8549;8.1;8.0;11.0;-3.0;8.0
8559;8.146666666666667;8.0;11.0;-3.0;8.0
8569;8.103333333333333;8.0;11.0;-3.0;8.0
8579;8.096666666666666;8.0;11.0;-3.0;8.0
8589;8.156666666666666;8.0;11.0;-3.0;8.0
8599;8.07;8.0;11.0;-3.0;8.0
8609;8.113333333333333;8.0;11.0;-3.0;8.0
8619;8.113333333333333;8.0;11.0;-3.0;8.0
8629;8.076666666666666;8.0;11.0;-3.0;8.0
8639;8.113333333333333;8.0;11.0;-3.0;8.0
8649;8.11;8.0;11.0;-3.0;8.0
8659;8.143333333333333;8.0;11.0;-3.0;8.0
8669;8.156666666666666;8.0;11.0;-3.0;8.0
8679;8.153333333333334;8.0;11.0;-3.0;8.0
8689;8.083333333333334;8.0;11.0;-3.0;8.0
8699;8.103333333333333;8.0;11.0;-3.0;8.0
8709;8.13;8.0;11.0;-3.0;8.0
8719;8.113333333333333;8.0;11.0;-3.0;8.0
8729;8.066666666666666;8.0;11.0;-3.0;8.0
8739;8.096666666666666;8.0;11.0;-3.0;8.0
8749;8.096666666666666;8.0;11.0;-3.0;8.0
8759;8.143333333333333;8.0;11.0;-3.0;8.0
8769;8.143333333333333;8.0;11.0;-3.0;8.0
8779;8.086666666666666;8.0;11.0;-3.0;8.0
8789;8.126666666666667;8.0;11.0;-3.0;8.0
8799;8.11;8.0;11.0;-3.0;8.0
8809;8.126666666666667;8.0;11.0;-3.0;8.0
8819;8.123333333333333;8.0;11.0;-3.0;8.0
8829;8.08;8.0;11.0;-3.0;8.0
8839;8.12;8.0;11.0;-3.0;8.0
8849;8.13;8.0;11.0;-3.0;8.0
8859;8.133333333333333;8.0;11.0;-3.0;8.0
8869;8.14;8.0;11.0;-3.0;8.0
8879;8.15;8.0;11.0;-3.0;8.0
8889;8.103333333333333;8.0;11.0;-3.0;8.0
8899;8.17;8.0;11.0;-3.0;8.0
8909;8.136666666666667;8.0;11.0;-3.0;8.0
8919;8.153333333333334;8.0;11.0;-3.0;8.0
8929;8.103333333333333;8.0;11.0;-3.0;8.0
8939;8.17;8.0;11.0;-3.0;8.0
8949;8.053333333333333;8.0;11.0;-3.0;8.0
8959;8.066666666666666;8.0;11.0;-3.0;8.0
8969;8.086666666666666;8.0;11.0;-3.0;8.0
8979;8.113333333333333;8.0;11.0;-3.0;8.0
8989;8.196666666666667;8.0;11.0;-3.0;8.0
8999;8.11;8.0;11.0;-3.0;8.0
9009;8.176666666666666;8.0;11.0;-3.0;8.0
9019;8.123333333333333;8.0;11.0;-3.0;8.0
9029;8.143333333333333;8.0;11.0;-3.0;8.0
9039;8.093333333333334;8.0;11.0;-3.0;8.0
9049;8.07;8.0;11.0;-3.0;8.0
9059;8.11;8.0;11.0;-3.0;8.0
9069;8.143333333333333;8.0;11.0;-3.0;8.0
9079;8.133333333333333;8.0;11.0;-3.0;8.0
9089;8.126666666666667;8.0;11.0;-3.0;8.0
9099;8.14;8.0;11.0;-3.0;8.0
9109;8.13;8.0;11.0;-3.0;8.0
9119;8.123333333333333;8.0;11.0;-3.0;8.0
9129;8.153333333333334;8.0;11.0;-3.0;8.0
9139;8.14;8.0;11.0;-3.0;8.0
9149;8.1;8.0;11.0;-3.0;8.0
9159;8.106666666666667;8.0;11.0;-3.0;8.0
9169;8.096666666666666;8.0;11.0;-3.0;8.0
9179;8.133333333333333;8.0;11.0;-3.0;8.0
9189;8.113333333333333;8.0;11.0;-3.0;8.0
9199;8.126666666666667;8.0;11.0;-3.0;8.0
9209;8.12;8.0;11.0;-3.0;8.0
9219;8.036666666666667;8.0;11.0;-3.0;8.0
9229;8.103333333333333;8.0;11.0;-3.0;8.0
9239;8.166666666666666;8.0;11.0;-3.0;8.0
9249;8.076666666666666;8.0;11.0;-3.0;8.0
9259;8.12;8.0;11.0;-3.0;8.0
9269;8.166666666666666;8.0;11.0;-3.0;8.0
9279;8.103333333333333;8.0;11.0;-3.0;8.0
9289;8.15;8.0;11.0;-3.0;8.0
9299;8.08;8.0;11.0;-3.0;8.0
9309;8.14;8.0;11.0;-3.0;8.0
9319;8.093333333333334;8.0;11.0;-3.0;8.0
9329;8.1;8.0;11.0;-3.0;8.0
9339;8.176666666666666;8.0;11.0;-3.0;8.0
9349;8.086666666666666;8.0;11.0;-3.0;8.0
9359;8.14;8.0;11.0;-3.0;8.0
9369;8.12;8.0;11.0;-3.0;8.0
9379;8.106666666666667;8.0;11.0;-3.0;8.0
9389;8.106666666666667;8.0;11.0;-3.0;8.0
9399;8.13;8.0;11.0;-3.0;8.0
9409;8.12;8.0;11.0;-3.0;8.0
9419;8.116666666666667;8.0;11.0;-3.0;8.0
9429;8.063333333333333;8.0;11.0;-3.0;8.0
9439;8.17;8.0;11.0;-3.0;8.0
9449;8.123333333333333;8.0;11.0;-3.0;8.0
9459;8.096666666666666;8.0;11.0;-3.0;8.0
9469;8.126666666666667;8.0;11.0;-3.0;8.0
9479;8.133333333333333;8.0;11.0;-3.0;8.0
9489;8.136666666666667;8.0;11.0;-3.0;8.0
9499;8.14;8.0;11.0;-3.0;8.0
9509;8.113333333333333;8.0;11.0;-3.0;8.0
9519;8.156666666666666;8.0;11.0;-3.0;8.0
9529;8.106666666666667;8.0;11.0;-3.0;8.0
9539;8.156666666666666;8.0;11.0;-3.0;8.0
9549;8.15;8.0;11.0;-3.0;8.0
9559;8.136666666666667;8.0;11.0;-3.0;8.0
9569;8.133333333333333;8.0;11.0;-3.0;8.0
9579;8.19;8.0;11.0;-3.0;8.0
9589;8.146666666666667;8.0;11.0;-3.0;8.0
9599;8.13;8.0;11.0;-3.0;8.0
9609;8.083333333333334;8.0;11.0;-3.0;8.0
9619;8.123333333333333;8.0;11.0;-3.0;8.0
9629;8.076666666666666;8.0;11.0;-3.0;8.0
9639;8.103333333333333;8.0;11.0;-3.0;8.0
9649;8.123333333333333;8.0;11.0;-3.0;8.0
9659;8.083333333333334;8.0;11.0;-3.0;8.0
9669;8.126666666666667;8.0;11.0;-3.0;8.0
9679;8.113333333333333;8.0;11.0;-3.0;8.0
9689;8.12;8.0;11.0;-3.0;8.0
9699;8.193333333333333;8.0;11.0;-3.0;8.0
9709;8.106666666666667;8.0;11.0;-3.0;8.0
9719;8.156666666666666;8.0;11.0;-3.0;8.0
9729;8.146666666666667;8.0;11.0;-3.0;8.0
9739;8.156666666666666;8.0;11.0;-3.0;8.0
9749;8.08;8.0;11.0;-3.0;8.0
9759;8.133333333333333;8.0;11.0;-3.0;8.0
9769;8.11;8.0;11.0;-3.0;8.0
9779;8.116666666666667;8.0;11.0;-3.0;8.0
9789;8.076666666666666;8.0;11.0;-3.0;8.0
9799;8.043333333333333;8.0;11.0;-3.0;8.0
9809;8.12;8.0;11.0;-3.0;8.0
9819;8.126666666666667;8.0;11.0;-3.0;8.0
9829;8.056666666666667;8.0;11.0;-3.0;8.0
9839;8.103333333333333;8.0;11.0;-3.0;8.0
9849;8.15;8.0;11.0;-3.0;8.0
9859;8.103333333333333;8.0;11.0;-3.0;8.0
9869;8.143333333333333;8.0;11.0;-3.0;8.0
9879;8.11;8.0;11.0;-3.0;8.0
9889;8.14;8.0;11.0;-3.0;8.0
9899;8.17;8.0;11.0;-3.0;8.0
9909;8.163333333333334;8.0;11.0;-3.0;8.0
9919;8.166666666666666;8.0;11.0;-3.0;8.0
9929;8.136666666666667;8.0;11.0;-3.0;8.0
9939;8.133333333333333;8.0;11.0;-3.0;8.0
9949;8.143333333333333;8.0;11.0;-3.0;8.0
9959;8.16;8.0;11.0;-3.0;8.0
9969;8.116666666666667;8.0;11.0;-3.0;8.0
9979;8.13;8.0;11.0;-3.0;8.0
9989;8.163333333333334;8.0;11.0;-3.0;8.0
9999;8.05;8.0;11.0;-3.0;8.0
10009;8.143333333333333;8.0;11.0;-3.0;8.0
10019;8.096666666666666;8.0;11.0;-3.0;8.0
10029;8.153333333333334;8.0;11.0;-3.0;8.0
10039;8.113333333333333;8.0;11.0;-3.0;8.0
10049;8.11;8.0;11.0;-3.0;8.0
10059;8.133333333333333;8.0;11.0;-3.0;8.0
10069;8.17;8.0;11.0;-3.0;8.0
10079;8.143333333333333;8.0;11.0;-3.0;8.0
10089;8.143333333333333;8.0;11.0;-3.0;8.0
10099;8.16;8.0;11.0;-3.0;8.0
10109;8.12;8.0;11.0;-3.0;8.0
10119;8.156666666666666;8.0;11.0;-3.0;8.0
10129;8.17;8.0;11.0;-3.0;8.0
10139;8.123333333333333;8.0;11.0;-3.0;8.0
10149;8.103333333333333;8.0;11.0;-3.0;8.0
10159;8.1;8.0;11.0;-3.0;8.0
10169;8.153333333333334;8.0;11.0;-3.0;8.0
10179;8.113333333333333;8.0;11.0;-3.0;8.0
10189;8.136666666666667;8.0;11.0;-3.0;8.0
10199;8.136666666666667;8.0;11.0;-3.0;8.0
10209;8.146666666666667;8.0;11.0;-3.0;8.0
10219;8.14;8.0;11.0;-3.0;8.0
10229;8.17;8.0;11.0;-3.0;8.0
10239;8.12;8.0;11.0;-3.0;8.0
10249;8.113333333333333;8.0;11.0;-3.0;8.0
10259;8.19;8.0;11.0;-3.0;8.0
10269;8.14;8.0;11.0;-3.0;8.0
10279;8.14;8.0;11.0;-3.0;8.0
10289;8.133333333333333;8.0;11.0;-3.0;8.0
10299;8.14;8.0;11.0;-3.0;8.0
10309;8.116666666666667;8.0;11.0;-3.0;8.0
10319;8.083333333333334;8.0;11.0;-3.0;8.0
10329;8.073333333333334;8.0;11.0;-3.0;8.0
10339;8.126666666666667;8.0;11.0;-3.0;8.0
10349;8.066666666666666;8.0;11.0;-3.0;8.0
10359;8.15;8.0;11.0;-3.0;8.0
10369;8.093333333333334;8.0;11.0;-3.0;8.0
10379;8.17;8.0;11.0;-3.0;8.0
10389;8.103333333333333;8.0;11.0;-3.0;8.0
10399;8.143333333333333;8.0;11.0;-3.0;8.0
10409;8.123333333333333;8.0;11.0;-3.0;8.0
10419;8.1;8.0;11.0;-3.0;8.0
10429;8.12;8.0;11.0;-3.0;8.0
10439;8.096666666666666;8.0;11.0;-3.0;8.0
10449;8.143333333333333;8.0;11.0;-3.0;8.0
10459;8.15;8.0;11.0;-3.0;8.0
10469;8.116666666666667;8.0;11.0;-3.0;8.0
10479;8.153333333333334;8.0;11.0;-3.0;8.0
10489;8.07;8.0;11.0;-3.0;8.0
10499;8.08;8.0;11.0;-3.0;8.0
10509;8.103333333333333;8.0;11.0;-3.0;8.0
10519;8.066666666666666;8.0;11.0;-3.0;8.0
10529;8.176666666666666;8.0;11.0;-3.0;8.0
10539;8.096666666666666;8.0;11.0;-3.0;8.0
10549;8.123333333333333;8.0;11.0;-3.0;8.0
10559;8.116666666666667;8.0;11.0;-3.0;8.0
10569;8.13;8.0;11.0;-3.0;8.0
10579;8.116666666666667;8.0;11.0;-3.0;8.0
10589;8.113333333333333;8.0;11.0;-3.0;8.0
10599;8.14;8.0;11.0;-3.0;8.0
10609;8.103333333333333;8.0;11.0;-3.0;8.0
10619;8.113333333333333;8.0;11.0;-3.0;8.0
10629;8.086666666666666;8.0;11.0;-3.0;8.0
10639;8.166666666666666;8.0;11.0;-3.0;8.0
10649;8.163333333333334;8.0;11.0;-3.0;8.0
10659;8.113333333333333;8.0;11.0;-3.0;8.0
10669;8.123333333333333;8.0;11.0;-3.0;8.0
10679;8.163333333333334;8.0;11.0;-3.0;8.0
10689;8.113333333333333;8.0;11.0;-3.0;8.0
10699;8.15;8.0;11.0;-3.0;8.0
10709;8.113333333333333;8.0;11.0;-3.0;8.0
10719;8.11;8.0;11.0;-3.0;8.0
10729;8.116666666666667;8.0;11.0;-3.0;8.0
10739;8.126666666666667;8.0;11.0;-3.0;8.0
10749;8.126666666666667;8.0;11.0;-3.0;8.0
10759;8.166666666666666;8.0;11.0;-3.0;8.0
10769;8.096666666666666;8.0;11.0;-3.0;8.0
10779;8.11;8.0;11.0;-3.0;8.0
10789;8.096666666666666;8.0;11.0;-3.0;8.0
10799;8.146666666666667;8.0;11.0;-3.0;8.0
10809;8.156666666666666;8.0;11.0;-3.0;8.0
10819;8.106666666666667;8.0;11.0;-3.0;8.0
10829;8.136666666666667;8.0;11.0;-3.0;8.0
10839;8.093333333333334;8.0;11.0;-3.0;8.0
10849;8.093333333333334;8.0;11.0;-3.0;8.0
10859;8.103333333333333;8.0;11.0;-3.0;8.0
10869;8.08;8.0;11.0;-3.0;8.0
10879;8.12;8.0;11.0;-3.0;8.0
10889;8.096666666666666;8.0;11.0;-3.0;8.0
10899;8.093333333333334;8.0;11.0;-3.0;8.0
10909;8.116666666666667;8.0;11.0;-3.0;8.0
10919;8.123333333333333;8.0;11.0;-3.0;8.0
10929;8.183333333333334;8.0;11.0;-3.0;8.0
10939;8.116666666666667;8.0;11.0;-3.0;8.0
10949;8.11;8.0;11.0;-3.0;8.0
10959;8.086666666666666;8.0;11.0;-3.0;8.0
10969;8.09;8.0;11.0;-3.0;8.0
10979;8.19;8.0;11.0;-3.0;8.0
10989;8.156666666666666;8.0;11.0;-3.0;8.0
10999;8.103333333333333;8.0;11.0;-3.0;8.0
11009;8.16;8.0;11.0;-3.0;8.0
11019;8.13;8.0;11.0;-3.0;8.0
11029;8.126666666666667;8.0;11.0;-3.0;8.0
11039;8.173333333333334;8.0;11.0;-3.0;8.0
11049;8.146666666666667;8.0;11.0;-3.0;8.0
11059;8.056666666666667;8.0;11.0;-3.0;8.0
11069;8.126666666666667;8.0;11.0;-3.0;8.0
11079;8.113333333333333;8.0;11.0;-3.0;8.0
11089;8.11;8.0;11.0;-3.0;8.0
11099;8.1;8.0;11.0;-3.0;8.0
11109;8.096666666666666;8.0;11.0;-3.0;8.0
11119;8.17;8.0;11.0;-3.0;8.0
11129;8.086666666666666;8.0;11.0;-3.0;8.0
11139;8.1;8.0;11.0;-3.0;8.0
11149;8.093333333333334;8.0;11.0;-3.0;8.0
11159;8.106666666666667;8.0;11.0;-3.0;8.0
11169;8.103333333333333;8.0;11.0;-3.0;8.0
11179;8.12;8.0;11.0;-3.0;8.0
11189;8.136666666666667;8.0;11.0;-3.0;8.0
11199;8.113333333333333;8.0;11.0;-3.0;8.0
11209;8.166666666666666;8.0;11.0;-3.0;8.0
11219;8.173333333333334;8.0;11.0;-3.0;8.0
11229;8.13;8.0;11.0;-3.0;8.0
11239;8.11;8.0;11.0;-3.0;8.0
11249;8.136666666666667;8.0;11.0;-3.0;8.0
11259;8.086666666666666;8.0;11.0;-3.0;8.0
11269;8.123333333333333;8.0;11.0;-3.0;8.0
11279;8.126666666666667;8.0;11.0;-3.0;8.0
11289;8.126666666666667;8.0;11.0;-3.0;8.0
11299;8.09;8.0;11.0;-3.0;8.0
11309;8.113333333333333;8.0;11.0;-3.0;8.0
11319;8.183333333333334;8.0;11.0;-3.0;8.0
11329;8.14;8.0;11.0;-3.0;8.0
11339;8.096666666666666;8.0;11.0;-3.0;8.0
11349;8.14;8.0;11.0;-3.0;8.0
11359;8.126666666666667;8.0;11.0;-3.0;8.0
11369;8.156666666666666;8.0;11.0;-3.0;8.0
11379;8.136666666666667;8.0;11.0;-3.0;8.0
11389;8.12;8.0;11.0;-3.0;8.0
11399;8.083333333333334;8.0;11.0;-3.0;8.0
11409;8.11;8.0;11.0;-3.0;8.0
11419;8.123333333333333;8.0;11.0;-3.0;8.0
11429;8.116666666666667;8.0;11.0;-3.0;8.0
11439;8.123333333333333;8.0;11.0;-3.0;8.0
11449;8.07;8.0;11.0;-3.0;8.0
11459;8.143333333333333;8.0;11.0;-3.0;8.0
11469;8.126666666666667;8.0;11.0;-3.0;8.0
11479;8.113333333333333;8.0;11.0;-3.0;8.0
11489;7.113333333333333;7.0;10.0;-3.0;7.0
11499;7.133333333333334;7.0;10.0;-3.0;7.0
11509;7.196666666666666;7.0;10.0;-3.0;7.0
11519;7.193333333333333;7.0;10.0;-3.0;7.0
11529;7.173333333333333;7.0;10.0;-3.0;7.0
11539;7.066666666666666;7.0;10.0;-3.0;7.0
11549;7.136666666666667;7.0;10.0;-3.0;7.0
11559;7.123333333333333;7.0;10.0;-3.0;7.0
11569;7.13;7.0;10.0;-3.0;7.0
11579;7.136666666666667;7.0;10.0;-3.0;7.0
11589;7.123333333333333;7.0;10.0;-3.0;7.0
11599;7.126666666666667;7.0;10.0;-3.0;7.0
11609;7.113333333333333;7.0;10.0;-3.0;7.0
11619;7.17;7.0;10.0;-3.0;7.0
11629;7.233333333333333;7.0;10.0;-3.0;7.0
11639;7.1066666666666665;7.0;10.0;-3.0;7.0
11649;7.156666666666666;7.0;10.0;-3.0;7.0
11659;7.13;7.0;10.0;-3.0;7.0
11669;7.083333333333333;7.0;10.0;-3.0;7.0
11679;7.12;7.0;10.0;-3.0;7.0
11689;7.1033333333333335;7.0;10.0;-3.0;7.0
11699;7.113333333333333;7.0;10.0;-3.0;7.0
11709;7.066666666666666;7.0;10.0;-3.0;7.0
11719;7.12;7.0;10.0;-3.0;7.0
11729;7.116666666666666;7.0;10.0;-3.0;7.0
11739;7.1466666666666665;7.0;10.0;-3.0;7.0
11749;7.153333333333333;7.0;10.0;-3.0;7.0
11759;7.12;7.0;10.0;-3.0;7.0
11769;7.1033333333333335;7.0;10.0;-3.0;7.0
11779;7.11;7.0;10.0;-3.0;7.0
11789;7.0633333333333335;7.0;10.0;-3.0;7.0
11799;7.09;7.0;10.0;-3.0;7.0
11809;7.076666666666667;7.0;10.0;-3.0;7.0
11819;7.133333333333334;7.0;10.0;-3.0;7.0
11829;7.1066666666666665;7.0;10.0;-3.0;7.0
11839;7.13;7.0;10.0;-3.0;7.0
11849;7.113333333333333;7.0;10.0;-3.0;7.0
11859;7.136666666666667;7.0;10.0;-3.0;7.0
11869;7.1033333333333335;7.0;10.0;-3.0;7.0
11879;7.13;7.0;10.0;-3.0;7.0
11889;7.073333333333333;7.0;10.0;-3.0;7.0
11899;7.086666666666667;7.0;10.0;-3.0;7.0
11909;7.113333333333333;7.0;10.0;-3.0;7.0
11919;7.15;7.0;10.0;-3.0;7.0
11929;7.15;7.0;10.0;-3.0;7.0
11939;7.116666666666666;7.0;10.0;-3.0;7.0
11949;7.12;7.0;10.0;-3.0;7.0
11959;7.073333333333333;7.0;10.0;-3.0;7.0
11969;7.11;7.0;10.0;-3.0;7.0
11979;7.086666666666667;7.0;10.0;-3.0;7.0
11989;7.083333333333333;7.0;10.0;-3.0;7.0
11999;7.1;7.0;10.0;-3.0;7.0
12009;7.083333333333333;7.0;10.0;-3.0;7.0
12019;7.12;7.0;10.0;-3.0;7.0
12029;7.173333333333333;7.0;10.0;-3.0;7.0
12039;7.123333333333333;7.0;10.0;-3.0;7.0
12049;7.073333333333333;7.0;10.0;-3.0;7.0
12059;7.1;7.0;10.0;-3.0;7.0
12069;7.076666666666667;7.0;10.0;-3.0;7.0
12079;7.123333333333333;7.0;10.0;-3.0;7.0
12089;7.1;7.0;10.0;-3.0;7.0
12099;7.153333333333333;7.0;10.0;-3.0;7.0
12109;7.126666666666667;7.0;10.0;-3.0;7.0
12119;7.096666666666667;7.0;10.0;-3.0;7.0
12129;7.123333333333333;7.0;10.0;-3.0;7.0
12139;7.14;7.0;10.0;-3.0;7.0
12149;7.14;7.0;10.0;-3.0;7.0
12159;7.11;7.0;10.0;-3.0;7.0
12169;7.113333333333333;7.0;10.0;-3.0;7.0
12179;7.14;7.0;10.0;-3.0;7.0
12189;7.13;7.0;10.0;-3.0;7.0
12199;7.18;7.0;10.0;-3.0;7.0
12209;7.166666666666667;7.0;10.0;-3.0;7.0
12219;7.14;7.0;10.0;-3.0;7.0
12229;7.116666666666666;7.0;10.0;-3.0;7.0
12239;7.166666666666667;7.0;10.0;-3.0;7.0
12249;7.1466666666666665;7.0;10.0;-3.0;7.0
12259;7.09;7.0;10.0;-3.0;7.0
12269;7.14;7.0;10.0;-3.0;7.0
12279;7.126666666666667;7.0;10.0;-3.0;7.0
12289;7.21;7.0;10.0;-3.0;7.0
12299;7.14;7.0;10.0;-3.0;7.0
12309;7.15;7.0;10.0;-3.0;7.0
12319;7.056666666666667;7.0;10.0;-3.0;7.0
12329;7.1033333333333335;7.0;10.0;-3.0;7.0
12339;7.116666666666666;7.0;10.0;-3.0;7.0
12349;7.12;7.0;10.0;-3.0;7.0
12359;7.1433333333333335;7.0;10.0;-3.0;7.0
12369;7.1066666666666665;7.0;10.0;-3.0;7.0
12379;7.173333333333333;7.0;10.0;-3.0;7.0
12389;7.1066666666666665;7.0;10.0;-3.0;7.0
12399;7.12;7.0;10.0;-3.0;7.0
12409;7.13;7.0;10.0;-3.0;7.0
12419;7.13;7.0;10.0;-3.0;7.0
12429;7.096666666666667;7.0;10.0;-3.0;7.0
12439;7.093333333333334;7.0;10.0;-3.0;7.0
12449;7.073333333333333;7.0;10.0;-3.0;7.0
12459;7.12;7.0;10.0;-3.0;7.0
12469;7.13;7.0;10.0;-3.0;7.0
12479;7.126666666666667;7.0;10.0;-3.0;7.0
12489;7.1466666666666665;7.0;10.0;-3.0;7.0
12499;7.083333333333333;7.0;10.0;-3.0;7.0
12509;7.096666666666667;7.0;10.0;-3.0;7.0
12519;7.18;7.0;10.0;-3.0;7.0
12529;7.133333333333334;7.0;10.0;-3.0;7.0
12539;7.1466666666666665;7.0;10.0;-3.0;7.0
12549;7.153333333333333;7.0;10.0;-3.0;7.0
12559;7.066666666666666;7.0;10.0;-3.0;7.0
12569;7.1033333333333335;7.0;10.0;-3.0;7.0
12579;7.136666666666667;7.0;10.0;-3.0;7.0
12589;7.08;7.0;10.0;-3.0;7.0
12599;7.14;7.0;10.0;-3.0;7.0
12609;7.1;7.0;10.0;-3.0;7.0
12619;7.163333333333333;7.0;10.0;-3.0;7.0
12629;7.19;7.0;10.0;-3.0;7.0
12639;7.116666666666666;7.0;10.0;-3.0;7.0
12649;7.076666666666667;7.0;10.0;-3.0;7.0
12659;7.1;7.0;10.0;-3.0;7.0
12669;7.1466666666666665;7.0;10.0;-3.0;7.0
12679;7.126666666666667;7.0;10.0;-3.0;7.0
12689;7.096666666666667;7.0;10.0;-3.0;7.0
12699;7.11;7.0;10.0;-3.0;7.0
12709;7.1033333333333335;7.0;10.0;-3.0;7.0
12719;7.116666666666666;7.0;10.0;-3.0;7.0
12729;7.116666666666666;7.0;10.0;-3.0;7.0
12739;7.1033333333333335;7.0;10.0;-3.0;7.0
12749;7.203333333333333;7.0;10.0;-3.0;7.0
12759;7.116666666666666;7.0;10.0;-3.0;7.0
12769;7.096666666666667;7.0;10.0;-3.0;7.0
12779;7.126666666666667;7.0;10.0;-3.0;7.0
12789;7.116666666666666;7.0;10.0;-3.0;7.0
12799;7.096666666666667;7.0;10.0;-3.0;7.0
12809;7.116666666666666;7.0;10.0;-3.0;7.0
12819;7.1033333333333335;7.0;10.0;-3.0;7.0
12829;7.123333333333333;7.0;10.0;-3.0;7.0
12839;7.19;7.0;10.0;-3.0;7.0
12849;7.1433333333333335;7.0;10.0;-3.0;7.0
12859;7.15;7.0;10.0;-3.0;7.0
12869;7.1466666666666665;7.0;10.0;-3.0;7.0
12879;7.123333333333333;7.0;10.0;-3.0;7.0
12889;7.196666666666666;7.0;10.0;-3.0;7.0
12899;7.136666666666667;7.0;10.0;-3.0;7.0
12909;7.1033333333333335;7.0;10.0;-3.0;7.0
12919;7.136666666666667;7.0;10.0;-3.0;7.0
12929;7.123333333333333;7.0;10.0;-3.0;7.0
12939;7.056666666666667;7.0;10.0;-3.0;7.0
12949;7.123333333333333;7.0;10.0;-3.0;7.0
12959;7.096666666666667;7.0;10.0;-3.0;7.0
12969;7.156666666666666;7.0;10.0;-3.0;7.0
12979;7.123333333333333;7.0;10.0;-3.0;7.0
12989;7.19;7.0;10.0;-3.0;7.0
12999;7.116666666666666;7.0;10.0;-3.0;7.0
13009;7.136666666666667;7.0;10.0;-3.0;7.0
13019;7.1066666666666665;7.0;10.0;-3.0;7.0
13029;7.113333333333333;7.0;10.0;-3.0;7.0
13039;7.13;7.0;10.0;-3.0;7.0
13049;7.163333333333333;7.0;10.0;-3.0;7.0
13059;7.08;7.0;10.0;-3.0;7.0
13069;7.166666666666667;7.0;10.0;-3.0;7.0
13079;7.163333333333333;7.0;10.0;-3.0;7.0
13089;7.08;7.0;10.0;-3.0;7.0
13099;7.123333333333333;7.0;10.0;-3.0;7.0
13109;7.066666666666666;7.0;10.0;-3.0;7.0
13119;7.13;7.0;10.0;-3.0;7.0
13129;7.053333333333334;7.0;10.0;-3.0;7.0
13139;7.1033333333333335;7.0;10.0;-3.0;7.0
13149;7.04;7.0;10.0;-3.0;7.0
13159;7.136666666666667;7.0;10.0;-3.0;7.0
13169;7.183333333333334;7.0;10.0;-3.0;7.0
13179;7.126666666666667;7.0;10.0;-3.0;7.0
13189;7.093333333333334;7.0;10.0;-3.0;7.0
13199;7.19;7.0;10.0;-3.0;7.0
13209;7.096666666666667;7.0;10.0;-3.0;7.0
13219;7.096666666666667;7.0;10.0;-3.0;7.0
13229;7.15;7.0;10.0;-3.0;7.0
13239;7.11;7.0;10.0;-3.0;7.0
13249;7.1466666666666665;7.0;10.0;-3.0;7.0
13259;7.18;7.0;10.0;-3.0;7.0
13269;7.173333333333333;7.0;10.0;-3.0;7.0
13279;7.073333333333333;7.0;10.0;-3.0;7.0
13289;7.123333333333333;7.0;10.0;-3.0;7.0
13299;7.09;7.0;10.0;-3.0;7.0
13309;7.1033333333333335;7.0;10.0;-3.0;7.0
13319;7.086666666666667;7.0;10.0;-3.0;7.0
13329;7.193333333333333;7.0;10.0;-3.0;7.0
13339;7.0633333333333335;7.0;10.0;-3.0;7.0
13349;7.156666666666666;7.0;10.0;-3.0;7.0
13359;7.11;7.0;10.0;-3.0;7.0
13369;7.086666666666667;7.0;10.0;-3.0;7.0
13379;7.1;7.0;10.0;-3.0;7.0
13389;7.086666666666667;7.0;10.0;-3.0;7.0
13399;7.15;7.0;10.0;-3.0;7.0
13409;7.13;7.0;10.0;-3.0;7.0
13419;7.1433333333333335;7.0;10.0;-3.0;7.0
13429;7.086666666666667;7.0;10.0;-3.0;7.0
13439;7.173333333333333;7.0;10.0;-3.0;7.0
13449;7.166666666666667;7.0;10.0;-3.0;7.0
13459;7.1066666666666665;7.0;10.0;-3.0;7.0
13469;7.116666666666666;7.0;10.0;-3.0;7.0
13479;7.156666666666666;7.0;10.0;-3.0;7.0
13489;7.066666666666666;7.0;10.0;-3.0;7.0
13499;7.08;7.0;10.0;-3.0;7.0
13509;7.136666666666667;7.0;10.0;-3.0;7.0
13519;7.156666666666666;7.0;10.0;-3.0;7.0
13529;7.156666666666666;7.0;10.0;-3.0;7.0
13539;7.173333333333333;7.0;10.0;-3.0;7.0
13549;7.1;7.0;10.0;-3.0;7.0
13559;7.046666666666667;7.0;10.0;-3.0;7.0
13569;7.16;7.0;10.0;-3.0;7.0
13579;7.1466666666666665;7.0;10.0;-3.0;7.0
13589;7.13;7.0;10.0;-3.0;7.0
13599;7.13;7.0;10.0;-3.0;7.0
13609;7.176666666666667;7.0;10.0;-3.0;7.0
13619;7.11;7.0;10.0;-3.0;7.0
13629;7.066666666666666;7.0;10.0;-3.0;7.0
13639;7.083333333333333;7.0;10.0;-3.0;7.0
13649;7.13;7.0;10.0;-3.0;7.0
13659;7.14;7.0;10.0;-3.0;7.0
13669;7.133333333333334;7.0;10.0;-3.0;7.0
13679;7.08;7.0;10.0;-3.0;7.0
13689;7.2;7.0;10.0;-3.0;7.0
13699;7.13;7.0;10.0;-3.0;7.0
13709;7.056666666666667;7.0;10.0;-3.0;7.0
13719;7.156666666666666;7.0;10.0;-3.0;7.0
13729;7.1066666666666665;7.0;10.0;-3.0;7.0
13739;7.156666666666666;7.0;10.0;-3.0;7.0
13749;7.0633333333333335;7.0;10.0;-3.0;7.0
13759;7.176666666666667;7.0;10.0;-3.0;7.0
13769;7.156666666666666;7.0;10.0;-3.0;7.0
13779;7.176666666666667;7.0;10.0;-3.0;7.0
13789;7.15;7.0;10.0;-3.0;7.0
13799;7.126666666666667;7.0;10.0;-3.0;7.0
13809;7.1866666666666665;7.0;10.0;-3.0;7.0
13819;7.14;7.0;10.0;-3.0;7.0
13829;7.1066666666666665;7.0;10.0;-3.0;7.0
13839;7.123333333333333;7.0;10.0;-3.0;7.0
13849;7.23;7.0;10.0;-3.0;7.0
13859;7.126666666666667;7.0;10.0;-3.0;7.0
13869;7.14;7.0;10.0;-3.0;7.0
13879;7.04;7.0;10.0;-3.0;7.0
13889;7.123333333333333;7.0;10.0;-3.0;7.0
13899;7.183333333333334;7.0;10.0;-3.0;7.0
13909;7.133333333333334;7.0;10.0;-3.0;7.0
13919;7.133333333333334;7.0;10.0;-3.0;7.0
13929;7.163333333333333;7.0;10.0;-3.0;7.0
13939;7.133333333333334;7.0;10.0;-3.0;7.0
13949;7.123333333333333;7.0;10.0;-3.0;7.0
13959;7.113333333333333;7.0;10.0;-3.0;7.0
13969;7.153333333333333;7.0;10.0;-3.0;7.0
13979;7.056666666666667;7.0;10.0;-3.0;7.0
13989;7.11;7.0;10.0;-3.0;7.0
13999;7.086666666666667;7.0;10.0;-3.0;7.0
14009;7.07;7.0;10.0;-3.0;7.0
14019;7.1466666666666665;7.0;10.0;-3.0;7.0
14029;7.15;7.0;10.0;-3.0;7.0
14039;7.1066666666666665;7.0;10.0;-3.0;7.0
14049;7.096666666666667;7.0;10.0;-3.0;7.0
14059;7.086666666666667;7.0;10.0;-3.0;7.0
14069;7.1;7.0;10.0;-3.0;7.0
14079;7.116666666666666;7.0;10.0;-3.0;7.0
14089;7.113333333333333;7.0;10.0;-3.0;7.0
14099;7.07;7.0;10.0;-3.0;7.0
14109;7.076666666666667;7.0;10.0;-3.0;7.0
14119;7.1;7.0;10.0;-3.0;7.0
14129;7.12;7.0;10.0;-3.0;7.0
14139;7.1066666666666665;7.0;10.0;-3.0;7.0
14149;7.11;7.0;10.0;-3.0;7.0
14159;7.086666666666667;7.0;10.0;-3.0;7.0
14169;7.086666666666667;7.0;10.0;-3.0;7.0
14179;7.136666666666667;7.0;10.0;-3.0;7.0
14189;7.11;7.0;10.0;-3.0;7.0
14199;7.173333333333333;7.0;10.0;-3.0;7.0
14209;7.156666666666666;7.0;10.0;-3.0;7.0
14219;7.13;7.0;10.0;-3.0;7.0
14229;7.086666666666667;7.0;10.0;-3.0;7.0
14239;7.11;7.0;10.0;-3.0;7.0
14249;7.15;7.0;10.0;-3.0;7.0
14259;7.156666666666666;7.0;10.0;-3.0;7.0
14269;7.1033333333333335;7.0;10.0;-3.0;7.0
14279;7.1033333333333335;7.0;10.0;-3.0;7.0
14289;7.083333333333333;7.0;10.0;-3.0;7.0
14299;7.12;7.0;10.0;-3.0;7.0
14309;7.083333333333333;7.0;10.0;-3.0;7.0
14319;7.083333333333333;7.0;10.0;-3.0;7.0
14329;7.12;7.0;10.0;-3.0;7.0
14339;7.1033333333333335;7.0;10.0;-3.0;7.0
14349;7.13;7.0;10.0;-3.0;7.0
14359;7.1;7.0;10.0;-3.0;7.0
14369;7.133333333333334;7.0;10.0;-3.0;7.0
14379;7.126666666666667;7.0;10.0;-3.0;7.0
14389;7.126666666666667;7.0;10.0;-3.0;7.0
14399;7.126666666666667;7.0;10.0;-3.0;7.0
14409;7.1066666666666665;7.0;10.0;-3.0;7.0
14419;7.1033333333333335;7.0;10.0;-3.0;7.0
14429;7.11;7.0;10.0;-3.0;7.0
14439;7.163333333333333;7.0;10.0;-3.0;7.0
14449;7.123333333333333;7.0;10.0;-3.0;7.0
14459;7.09;7.0;10.0;-3.0;7.0
14469;7.12;7.0;10.0;-3.0;7.0
14479;7.056666666666667;7.0;10.0;-3.0;7.0
14489;7.1066666666666665;7.0;10.0;-3.0;7.0
14499;7.13;7.0;10.0;-3.0;7.0
14509;7.096666666666667;7.0;10.0;-3.0;7.0
14519;7.156666666666666;7.0;10.0;-3.0;7.0
14529;7.096666666666667;7.0;10.0;-3.0;7.0
14539;7.1033333333333335;7.0;10.0;-3.0;7.0
14549;7.1466666666666665;7.0;10.0;-3.0;7.0
14559;7.156666666666666;7.0;10.0;-3.0;7.0
14569;7.14;7.0;10.0;-3.0;7.0
14579;7.116666666666666;7.0;10.0;-3.0;7.0
14589;7.096666666666667;7.0;10.0;-3.0;7.0
14599;7.1;7.0;10.0;-3.0;7.0
14609;7.12;7.0;10.0;-3.0;7.0
14619;7.093333333333334;7.0;10.0;-3.0;7.0
14629;7.123333333333333;7.0;10.0;-3.0;7.0
14639;7.133333333333334;7.0;10.0;-3.0;7.0
14649;7.1466666666666665;7.0;10.0;-3.0;7.0
14659;7.09;7.0;10.0;-3.0;7.0
14669;7.126666666666667;7.0;10.0;-3.0;7.0
14679;7.086666666666667;7.0;10.0;-3.0;7.0
14689;7.1;7.0;10.0;-3.0;7.0
14699;7.116666666666666;7.0;10.0;-3.0;7.0
14709;7.14;7.0;10.0;-3.0;7.0
14719;7.126666666666667;7.0;10.0;-3.0;7.0
14729;7.113333333333333;7.0;10.0;-3.0;7.0
14739;7.113333333333333;7.0;10.0;-3.0;7.0
14749;7.126666666666667;7.0;10.0;-3.0;7.0
14759;7.11;7.0;10.0;-3.0;7.0
14769;7.06;7.0;10.0;-3.0;7.0
14779;7.1433333333333335;7.0;10.0;-3.0;7.0
14789;7.11;7.0;10.0;-3.0;7.0
14799;7.136666666666667;7.0;10.0;-3.0;7.0
14809;7.156666666666666;7.0;10.0;-3.0;7.0
14819;7.11;7.0;10.0;-3.0;7.0
14829;7.123333333333333;7.0;10.0;-3.0;7.0
14839;7.133333333333334;7.0;10.0;-3.0;7.0
14849;7.156666666666666;7.0;10.0;-3.0;7.0
14859;7.113333333333333;7.0;10.0;-3.0;7.0
14869;7.116666666666666;7.0;10.0;-3.0;7.0
14879;7.09;7.0;10.0;-3.0;7.0
14889;7.13;7.0;10.0;-3.0;7.0
14899;7.133333333333334;7.0;10.0;-3.0;7.0
14909;7.1;7.0;10.0;-3.0;7.0
14919;7.176666666666667;7.0;10.0;-3.0;7.0
14929;7.163333333333333;7.0;10.0;-3.0;7.0
14939;7.123333333333333;7.0;10.0;-3.0;7.0
14949;7.11;7.0;10.0;-3.0;7.0
14959;7.156666666666666;7.0;10.0;-3.0;7.0
14969;7.166666666666667;7.0;10.0;-3.0;7.0
14979;7.12;7.0;10.0;-3.0;7.0
14989;7.1;7.0;10.0;-3.0;7.0
14999;7.123333333333333;7.0;10.0;-3.0;7.0
