geracao;media da geracao;fitness do melhor da geracao;fitness do pior da geracao;relacao entre melhor e pior;fitness do melhor da run
Probabilidade Recombinação: 0.7
Probabilidade Mutação: 0.049999999999999996
Tipo de Selecção: Torneio
Tipo de Mutação: Simples Al.
Tamanho População: 300
Máximo de Gerações: 15000
0;76.64;63.0;96.0;-33.0;63.0
0;69.18333333333334;58.0;82.0;-24.0;58.0
9;34.026666666666664;33.0;37.0;-4.0;33.0
19;31.136666666666667;30.0;34.0;-4.0;30.0
29;26.29;24.0;30.0;-6.0;24.0
39;21.63;21.0;26.0;-5.0;21.0
49;21.04;21.0;24.0;-3.0;21.0
59;21.113333333333333;21.0;24.0;-3.0;21.0
69;21.12;21.0;24.0;-3.0;21.0
79;21.13;21.0;24.0;-3.0;21.0
89;20.133333333333333;20.0;23.0;-3.0;20.0
99;20.08;20.0;23.0;-3.0;20.0
109;20.106666666666666;20.0;23.0;-3.0;20.0
119;20.09;20.0;23.0;-3.0;20.0
129;19.14;19.0;22.0;-3.0;19.0
139;19.116666666666667;19.0;22.0;-3.0;19.0
149;19.09;19.0;22.0;-3.0;19.0
159;19.036666666666665;17.0;22.0;-5.0;17.0
169;17.14;17.0;20.0;-3.0;17.0
179;17.113333333333333;17.0;20.0;-3.0;17.0
189;17.11;17.0;20.0;-3.0;17.0
199;17.11;17.0;20.0;-3.0;17.0
209;17.096666666666668;17.0;20.0;-3.0;17.0
219;17.096666666666668;17.0;20.0;-3.0;17.0
229;17.143333333333334;17.0;20.0;-3.0;17.0
239;17.05666666666667;17.0;20.0;-3.0;17.0
249;17.093333333333334;17.0;20.0;-3.0;17.0
259;17.106666666666666;17.0;20.0;-3.0;17.0
269;17.116666666666667;17.0;20.0;-3.0;17.0
279;17.12;17.0;20.0;-3.0;17.0
289;17.04;17.0;20.0;-3.0;17.0
299;17.09;17.0;20.0;-3.0;17.0
309;17.123333333333335;17.0;20.0;-3.0;17.0
319;17.09;17.0;20.0;-3.0;17.0
329;17.11;17.0;20.0;-3.0;17.0
339;17.123333333333335;17.0;20.0;-3.0;17.0
349;17.083333333333332;17.0;20.0;-3.0;17.0
359;17.116666666666667;17.0;20.0;-3.0;17.0
369;17.16;17.0;20.0;-3.0;17.0
379;17.123333333333335;17.0;20.0;-3.0;17.0
389;17.083333333333332;17.0;20.0;-3.0;17.0
399;17.096666666666668;17.0;20.0;-3.0;17.0
409;17.09;17.0;20.0;-3.0;17.0
419;17.10333333333333;17.0;20.0;-3.0;17.0
429;17.066666666666666;17.0;20.0;-3.0;17.0
439;17.09;17.0;20.0;-3.0;17.0
449;17.093333333333334;17.0;20.0;-3.0;17.0
459;17.07;17.0;20.0;-3.0;17.0
469;17.136666666666667;17.0;20.0;-3.0;17.0
479;17.05;17.0;20.0;-3.0;17.0
489;17.113333333333333;17.0;20.0;-3.0;17.0
499;17.08;17.0;20.0;-3.0;17.0
509;17.086666666666666;17.0;20.0;-3.0;17.0
519;17.126666666666665;17.0;20.0;-3.0;17.0
529;17.093333333333334;17.0;20.0;-3.0;17.0
539;17.1;17.0;20.0;-3.0;17.0
549;17.10333333333333;17.0;20.0;-3.0;17.0
559;17.05666666666667;17.0;20.0;-3.0;17.0
569;17.136666666666667;17.0;20.0;-3.0;17.0
579;17.09;17.0;20.0;-3.0;17.0
589;17.093333333333334;17.0;20.0;-3.0;17.0
599;17.14;17.0;20.0;-3.0;17.0
609;17.106666666666666;17.0;20.0;-3.0;17.0
619;17.12;17.0;20.0;-3.0;17.0
629;17.136666666666667;17.0;20.0;-3.0;17.0
639;17.083333333333332;17.0;20.0;-3.0;17.0
649;17.10333333333333;17.0;20.0;-3.0;17.0
659;17.143333333333334;17.0;20.0;-3.0;17.0
669;17.10333333333333;17.0;20.0;-3.0;17.0
679;17.05666666666667;17.0;20.0;-3.0;17.0
689;17.12;17.0;20.0;-3.0;17.0
699;17.076666666666668;17.0;20.0;-3.0;17.0
709;17.11;17.0;20.0;-3.0;17.0
719;17.073333333333334;17.0;20.0;-3.0;17.0
729;17.123333333333335;17.0;20.0;-3.0;17.0
739;17.133333333333333;16.0;20.0;-4.0;16.0
749;16.113333333333333;16.0;19.0;-3.0;16.0
759;16.1;16.0;19.0;-3.0;16.0
769;16.116666666666667;16.0;19.0;-3.0;16.0
779;16.143333333333334;16.0;19.0;-3.0;16.0
789;16.096666666666668;16.0;19.0;-3.0;16.0
799;16.06;16.0;19.0;-3.0;16.0
809;16.09;16.0;19.0;-3.0;16.0
819;16.136666666666667;16.0;19.0;-3.0;16.0
829;16.10333333333333;16.0;19.0;-3.0;16.0
839;16.076666666666668;16.0;19.0;-3.0;16.0
849;16.066666666666666;16.0;19.0;-3.0;16.0
859;16.13;16.0;19.0;-3.0;16.0
869;16.123333333333335;16.0;19.0;-3.0;16.0
879;16.09;16.0;19.0;-3.0;16.0
889;16.083333333333332;16.0;19.0;-3.0;16.0
899;16.076666666666668;16.0;19.0;-3.0;16.0
909;16.116666666666667;16.0;19.0;-3.0;16.0
919;16.123333333333335;16.0;19.0;-3.0;16.0
929;16.12;16.0;19.0;-3.0;16.0
939;16.086666666666666;16.0;19.0;-3.0;16.0
949;16.106666666666666;16.0;19.0;-3.0;16.0
959;16.173333333333332;16.0;19.0;-3.0;16.0
969;16.06;16.0;19.0;-3.0;16.0
979;16.04;16.0;19.0;-3.0;16.0
989;16.12;16.0;19.0;-3.0;16.0
999;16.10333333333333;16.0;19.0;-3.0;16.0
1009;16.13;16.0;19.0;-3.0;16.0
1019;16.10333333333333;16.0;19.0;-3.0;16.0
1029;16.11;16.0;19.0;-3.0;16.0
1039;16.073333333333334;16.0;19.0;-3.0;16.0
1049;16.126666666666665;16.0;19.0;-3.0;16.0
1059;16.066666666666666;16.0;19.0;-3.0;16.0
1069;16.083333333333332;16.0;19.0;-3.0;16.0
1079;16.063333333333333;16.0;19.0;-3.0;16.0
1089;16.11;16.0;19.0;-3.0;16.0
1099;16.10333333333333;16.0;19.0;-3.0;16.0
1109;16.10333333333333;16.0;19.0;-3.0;16.0
1119;16.113333333333333;16.0;19.0;-3.0;16.0
1129;16.126666666666665;16.0;19.0;-3.0;16.0
1139;16.076666666666668;16.0;19.0;-3.0;16.0
1149;16.12;16.0;19.0;-3.0;16.0
1159;16.143333333333334;16.0;19.0;-3.0;16.0
1169;16.09;16.0;19.0;-3.0;16.0
1179;16.086666666666666;16.0;19.0;-3.0;16.0
1189;16.08;16.0;19.0;-3.0;16.0
1199;16.11;16.0;19.0;-3.0;16.0
1209;16.083333333333332;16.0;19.0;-3.0;16.0
1219;16.12;16.0;19.0;-3.0;16.0
1229;16.12;16.0;19.0;-3.0;16.0
1239;16.14;16.0;19.0;-3.0;16.0
1249;16.066666666666666;16.0;19.0;-3.0;16.0
1259;16.113333333333333;16.0;19.0;-3.0;16.0
1269;16.083333333333332;16.0;19.0;-3.0;16.0
1279;16.08;16.0;19.0;-3.0;16.0
1289;16.11;16.0;19.0;-3.0;16.0
1299;16.083333333333332;16.0;19.0;-3.0;16.0
1309;16.083333333333332;16.0;19.0;-3.0;16.0
1319;16.076666666666668;16.0;19.0;-3.0;16.0
1329;16.073333333333334;16.0;19.0;-3.0;16.0
1339;16.086666666666666;16.0;19.0;-3.0;16.0
1349;16.1;16.0;19.0;-3.0;16.0
1359;16.086666666666666;16.0;19.0;-3.0;16.0
1369;16.156666666666666;16.0;19.0;-3.0;16.0
1379;16.14666666666667;16.0;19.0;-3.0;16.0
1389;16.13;16.0;19.0;-3.0;16.0
1399;16.11;16.0;19.0;-3.0;16.0
1409;16.073333333333334;16.0;19.0;-3.0;16.0
1419;16.113333333333333;16.0;19.0;-3.0;16.0
1429;16.066666666666666;16.0;19.0;-3.0;16.0
1439;16.126666666666665;16.0;19.0;-3.0;16.0
1449;16.083333333333332;16.0;19.0;-3.0;16.0
1459;16.073333333333334;16.0;19.0;-3.0;16.0
1469;16.086666666666666;16.0;19.0;-3.0;16.0
1479;16.12;16.0;19.0;-3.0;16.0
1489;16.043333333333333;16.0;19.0;-3.0;16.0
1499;16.12;16.0;19.0;-3.0;16.0
1509;16.133333333333333;16.0;19.0;-3.0;16.0
1519;16.076666666666668;16.0;19.0;-3.0;16.0
1529;16.073333333333334;16.0;19.0;-3.0;16.0
1539;16.1;16.0;19.0;-3.0;16.0
1549;16.153333333333332;16.0;19.0;-3.0;16.0
1559;16.113333333333333;16.0;19.0;-3.0;16.0
1569;16.096666666666668;16.0;19.0;-3.0;16.0
1579;16.106666666666666;16.0;19.0;-3.0;16.0
1589;16.07;16.0;19.0;-3.0;16.0
1599;16.133333333333333;16.0;19.0;-3.0;16.0
1609;16.123333333333335;16.0;19.0;-3.0;16.0
1619;16.03;16.0;18.0;-2.0;16.0
1629;16.08;16.0;19.0;-3.0;16.0
1639;16.133333333333333;16.0;19.0;-3.0;16.0
1649;16.133333333333333;16.0;19.0;-3.0;16.0
1659;16.063333333333333;16.0;19.0;-3.0;16.0
1669;16.1;16.0;19.0;-3.0;16.0
1679;16.053333333333335;16.0;19.0;-3.0;16.0
1689;16.13;16.0;19.0;-3.0;16.0
1699;16.046666666666667;16.0;19.0;-3.0;16.0
1709;16.093333333333334;16.0;19.0;-3.0;16.0
1719;16.143333333333334;16.0;19.0;-3.0;16.0
1729;16.136666666666667;16.0;19.0;-3.0;16.0
1739;16.11;16.0;19.0;-3.0;16.0
1749;16.10333333333333;16.0;19.0;-3.0;16.0
1759;16.136666666666667;16.0;19.0;-3.0;16.0
1769;16.096666666666668;16.0;19.0;-3.0;16.0
1779;16.093333333333334;16.0;19.0;-3.0;16.0
1789;16.09;16.0;19.0;-3.0;16.0
1799;16.10333333333333;16.0;19.0;-3.0;16.0
1809;16.093333333333334;16.0;19.0;-3.0;16.0
1819;16.113333333333333;16.0;19.0;-3.0;16.0
1829;16.07;16.0;19.0;-3.0;16.0
1839;16.07;16.0;19.0;-3.0;16.0
1849;16.086666666666666;16.0;19.0;-3.0;16.0
1859;16.063333333333333;16.0;19.0;-3.0;16.0
1869;16.09;16.0;19.0;-3.0;16.0
1879;16.09;16.0;19.0;-3.0;16.0
1889;16.08;16.0;19.0;-3.0;16.0
1899;16.173333333333332;16.0;19.0;-3.0;16.0
1909;16.093333333333334;16.0;19.0;-3.0;16.0
1919;16.123333333333335;16.0;19.0;-3.0;16.0
1929;16.083333333333332;16.0;19.0;-3.0;16.0
1939;16.1;16.0;19.0;-3.0;16.0
1949;16.153333333333332;16.0;19.0;-3.0;16.0
1959;16.093333333333334;16.0;19.0;-3.0;16.0
1969;16.106666666666666;16.0;19.0;-3.0;16.0
1979;16.113333333333333;16.0;19.0;-3.0;16.0
1989;16.086666666666666;16.0;19.0;-3.0;16.0
1999;16.06;16.0;19.0;-3.0;16.0
2009;16.13;16.0;19.0;-3.0;16.0
2019;16.11;16.0;19.0;-3.0;16.0
2029;16.126666666666665;16.0;19.0;-3.0;16.0
2039;16.09;16.0;19.0;-3.0;16.0
2049;16.096666666666668;16.0;19.0;-3.0;16.0
2059;16.07;16.0;19.0;-3.0;16.0
2069;16.08;16.0;19.0;-3.0;16.0
2079;16.07;16.0;19.0;-3.0;16.0
2089;16.14666666666667;16.0;19.0;-3.0;16.0
2099;16.106666666666666;16.0;19.0;-3.0;16.0
2109;16.113333333333333;16.0;19.0;-3.0;16.0
2119;16.11;16.0;19.0;-3.0;16.0
2129;16.076666666666668;16.0;19.0;-3.0;16.0
2139;16.106666666666666;16.0;19.0;-3.0;16.0
2149;16.08;16.0;19.0;-3.0;16.0
2159;16.093333333333334;16.0;19.0;-3.0;16.0
2169;16.136666666666667;16.0;19.0;-3.0;16.0
2179;16.066666666666666;16.0;18.0;-2.0;16.0
2189;16.136666666666667;16.0;19.0;-3.0;16.0
2199;16.09;16.0;19.0;-3.0;16.0
2209;16.083333333333332;16.0;19.0;-3.0;16.0
2219;16.063333333333333;16.0;19.0;-3.0;16.0
2229;16.113333333333333;16.0;19.0;-3.0;16.0
2239;16.14666666666667;16.0;19.0;-3.0;16.0
2249;16.136666666666667;16.0;19.0;-3.0;16.0
2259;16.136666666666667;16.0;19.0;-3.0;16.0
2269;16.09;16.0;19.0;-3.0;16.0
2279;16.086666666666666;16.0;19.0;-3.0;16.0
2289;16.08;16.0;19.0;-3.0;16.0
2299;16.07;16.0;19.0;-3.0;16.0
2309;16.106666666666666;16.0;19.0;-3.0;16.0
2319;16.10333333333333;16.0;19.0;-3.0;16.0
2329;16.14;16.0;19.0;-3.0;16.0
2339;16.156666666666666;16.0;19.0;-3.0;16.0
2349;16.073333333333334;16.0;19.0;-3.0;16.0
2359;16.06;16.0;19.0;-3.0;16.0
2369;16.086666666666666;16.0;19.0;-3.0;16.0
2379;16.09;16.0;19.0;-3.0;16.0
2389;16.10333333333333;16.0;19.0;-3.0;16.0
2399;16.09;16.0;19.0;-3.0;16.0
2409;16.12;16.0;19.0;-3.0;16.0
2419;16.123333333333335;16.0;19.0;-3.0;16.0
2429;16.076666666666668;16.0;19.0;-3.0;16.0
2439;16.086666666666666;16.0;19.0;-3.0;16.0
2449;16.1;16.0;19.0;-3.0;16.0
2459;16.116666666666667;16.0;19.0;-3.0;16.0
2469;16.086666666666666;16.0;19.0;-3.0;16.0
2479;16.13;16.0;19.0;-3.0;16.0
2489;16.073333333333334;16.0;19.0;-3.0;16.0
2499;16.126666666666665;16.0;19.0;-3.0;16.0
2509;16.106666666666666;16.0;19.0;-3.0;16.0
2519;16.073333333333334;16.0;19.0;-3.0;16.0
2529;16.106666666666666;16.0;19.0;-3.0;16.0
2539;16.076666666666668;16.0;19.0;-3.0;16.0
2549;16.14;16.0;19.0;-3.0;16.0
2559;16.063333333333333;16.0;18.0;-2.0;16.0
2569;16.123333333333335;16.0;19.0;-3.0;16.0
2579;16.14;16.0;19.0;-3.0;16.0
2589;16.073333333333334;16.0;19.0;-3.0;16.0
2599;16.156666666666666;16.0;19.0;-3.0;16.0
2609;16.12;16.0;19.0;-3.0;16.0
2619;16.113333333333333;16.0;19.0;-3.0;16.0
2629;16.10333333333333;16.0;19.0;-3.0;16.0
2639;16.066666666666666;16.0;19.0;-3.0;16.0
2649;16.08;16.0;19.0;-3.0;16.0
2659;16.1;16.0;19.0;-3.0;16.0
2669;16.11;16.0;19.0;-3.0;16.0
2679;16.156666666666666;16.0;19.0;-3.0;16.0
2689;16.093333333333334;16.0;19.0;-3.0;16.0
2699;16.086666666666666;16.0;19.0;-3.0;16.0
2709;16.073333333333334;16.0;19.0;-3.0;16.0
2719;16.1;16.0;19.0;-3.0;16.0
2729;16.133333333333333;16.0;19.0;-3.0;16.0
2739;16.106666666666666;16.0;19.0;-3.0;16.0
2749;16.133333333333333;16.0;19.0;-3.0;16.0
2759;16.19333333333333;16.0;19.0;-3.0;16.0
2769;16.086666666666666;16.0;19.0;-3.0;16.0
2779;16.1;16.0;19.0;-3.0;16.0
2789;16.136666666666667;16.0;19.0;-3.0;16.0
2799;16.096666666666668;16.0;19.0;-3.0;16.0
2809;16.176666666666666;16.0;19.0;-3.0;16.0
2819;16.04;16.0;19.0;-3.0;16.0
2829;16.08;16.0;19.0;-3.0;16.0
2839;16.1;16.0;19.0;-3.0;16.0
2849;16.076666666666668;16.0;19.0;-3.0;16.0
2859;16.10333333333333;16.0;19.0;-3.0;16.0
2869;16.083333333333332;16.0;19.0;-3.0;16.0
2879;16.1;16.0;19.0;-3.0;16.0
2889;16.086666666666666;16.0;19.0;-3.0;16.0
2899;16.13;16.0;19.0;-3.0;16.0
2909;16.106666666666666;16.0;19.0;-3.0;16.0
2919;16.08;16.0;19.0;-3.0;16.0
2929;16.13;16.0;19.0;-3.0;16.0
2939;16.173333333333332;16.0;19.0;-3.0;16.0
2949;16.093333333333334;16.0;19.0;-3.0;16.0
2959;16.123333333333335;16.0;19.0;-3.0;16.0
2969;16.18;16.0;19.0;-3.0;16.0
2979;16.113333333333333;16.0;19.0;-3.0;16.0
2989;16.183333333333334;16.0;19.0;-3.0;16.0
2999;16.136666666666667;16.0;19.0;-3.0;16.0
3009;16.093333333333334;16.0;19.0;-3.0;16.0
3019;16.12;16.0;19.0;-3.0;16.0
3029;16.05666666666667;16.0;19.0;-3.0;16.0
3039;16.086666666666666;16.0;19.0;-3.0;16.0
3049;16.113333333333333;16.0;19.0;-3.0;16.0
3059;16.10333333333333;16.0;19.0;-3.0;16.0
3069;16.073333333333334;16.0;19.0;-3.0;16.0
3079;16.066666666666666;16.0;19.0;-3.0;16.0
3089;16.096666666666668;16.0;19.0;-3.0;16.0
3099;16.08;16.0;19.0;-3.0;16.0
3109;16.09;16.0;19.0;-3.0;16.0
3119;16.07;16.0;19.0;-3.0;16.0
3129;16.123333333333335;16.0;19.0;-3.0;16.0
3139;16.136666666666667;16.0;19.0;-3.0;16.0
3149;16.113333333333333;16.0;19.0;-3.0;16.0
3159;16.163333333333334;16.0;19.0;-3.0;16.0
3169;16.153333333333332;16.0;19.0;-3.0;16.0
3179;16.1;16.0;19.0;-3.0;16.0
3189;16.106666666666666;16.0;19.0;-3.0;16.0
3199;16.1;16.0;19.0;-3.0;16.0
3209;16.086666666666666;16.0;19.0;-3.0;16.0
3219;16.136666666666667;16.0;19.0;-3.0;16.0
3229;16.073333333333334;16.0;19.0;-3.0;16.0
3239;16.15;16.0;19.0;-3.0;16.0
3249;16.07;16.0;19.0;-3.0;16.0
3259;16.11;16.0;19.0;-3.0;16.0
3269;16.07;16.0;19.0;-3.0;16.0
3279;16.116666666666667;16.0;19.0;-3.0;16.0
3289;16.06;16.0;19.0;-3.0;16.0
3299;16.063333333333333;16.0;19.0;-3.0;16.0
3309;16.11;16.0;19.0;-3.0;16.0
3319;16.12;16.0;19.0;-3.0;16.0
3329;16.1;16.0;19.0;-3.0;16.0
3339;16.076666666666668;16.0;19.0;-3.0;16.0
3349;16.096666666666668;16.0;19.0;-3.0;16.0
3359;16.12;16.0;19.0;-3.0;16.0
3369;16.14;16.0;19.0;-3.0;16.0
3379;16.106666666666666;16.0;19.0;-3.0;16.0
3389;16.11;16.0;19.0;-3.0;16.0
3399;16.106666666666666;16.0;19.0;-3.0;16.0
3409;16.096666666666668;16.0;19.0;-3.0;16.0
3419;16.14;16.0;19.0;-3.0;16.0
3429;16.13;16.0;19.0;-3.0;16.0
3439;16.11;16.0;19.0;-3.0;16.0
3449;16.126666666666665;16.0;19.0;-3.0;16.0
3459;16.07;16.0;19.0;-3.0;16.0
3469;16.093333333333334;16.0;19.0;-3.0;16.0
3479;16.063333333333333;16.0;19.0;-3.0;16.0
3489;16.166666666666668;16.0;19.0;-3.0;16.0
3499;16.1;16.0;19.0;-3.0;16.0
3509;16.143333333333334;16.0;19.0;-3.0;16.0
3519;16.11;16.0;19.0;-3.0;16.0
3529;16.08;16.0;19.0;-3.0;16.0
3539;16.15;16.0;19.0;-3.0;16.0
3549;16.08;16.0;19.0;-3.0;16.0
3559;16.166666666666668;16.0;19.0;-3.0;16.0
3569;16.11;16.0;19.0;-3.0;16.0
3579;16.06;16.0;19.0;-3.0;16.0
3589;16.08;16.0;19.0;-3.0;16.0
3599;16.083333333333332;16.0;19.0;-3.0;16.0
3609;16.086666666666666;16.0;19.0;-3.0;16.0
3619;16.093333333333334;16.0;19.0;-3.0;16.0
3629;16.14;16.0;19.0;-3.0;16.0
3639;16.106666666666666;16.0;19.0;-3.0;16.0
3649;16.05;16.0;19.0;-3.0;16.0
3659;16.106666666666666;16.0;19.0;-3.0;16.0
3669;16.11;16.0;19.0;-3.0;16.0
3679;16.1;16.0;19.0;-3.0;16.0
3689;16.08;16.0;19.0;-3.0;16.0
3699;16.14666666666667;16.0;19.0;-3.0;16.0
3709;16.133333333333333;16.0;19.0;-3.0;16.0
3719;16.08;16.0;19.0;-3.0;16.0
3729;16.05;16.0;19.0;-3.0;16.0
3739;16.11;16.0;19.0;-3.0;16.0
3749;16.06;16.0;19.0;-3.0;16.0
3759;16.1;16.0;19.0;-3.0;16.0
3769;16.063333333333333;16.0;19.0;-3.0;16.0
3779;16.126666666666665;16.0;19.0;-3.0;16.0
3789;16.1;16.0;19.0;-3.0;16.0
3799;16.116666666666667;16.0;19.0;-3.0;16.0
3809;16.093333333333334;16.0;19.0;-3.0;16.0
3819;16.133333333333333;16.0;19.0;-3.0;16.0
3829;16.166666666666668;16.0;19.0;-3.0;16.0
3839;16.08;16.0;19.0;-3.0;16.0
3849;16.11;16.0;19.0;-3.0;16.0
3859;16.073333333333334;16.0;19.0;-3.0;16.0
3869;16.11;16.0;19.0;-3.0;16.0
3879;16.096666666666668;16.0;19.0;-3.0;16.0
3889;16.133333333333333;16.0;19.0;-3.0;16.0
3899;16.10333333333333;16.0;19.0;-3.0;16.0
3909;16.24;16.0;19.0;-3.0;16.0
3919;16.083333333333332;16.0;19.0;-3.0;16.0
3929;16.10333333333333;16.0;19.0;-3.0;16.0
3939;16.086666666666666;16.0;19.0;-3.0;16.0
3949;16.126666666666665;16.0;19.0;-3.0;16.0
3959;16.083333333333332;16.0;19.0;-3.0;16.0
3969;16.136666666666667;16.0;19.0;-3.0;16.0
3979;16.06;16.0;19.0;-3.0;16.0
3989;16.123333333333335;16.0;19.0;-3.0;16.0
3999;16.106666666666666;16.0;19.0;-3.0;16.0
4009;16.076666666666668;16.0;19.0;-3.0;16.0
4019;16.083333333333332;16.0;19.0;-3.0;16.0
4029;16.143333333333334;16.0;19.0;-3.0;16.0
4039;16.08;16.0;19.0;-3.0;16.0
4049;16.123333333333335;16.0;19.0;-3.0;16.0
4059;16.09;16.0;19.0;-3.0;16.0
4069;16.1;16.0;19.0;-3.0;16.0
4079;16.1;16.0;19.0;-3.0;16.0
4089;16.12;16.0;19.0;-3.0;16.0
4099;16.113333333333333;16.0;19.0;-3.0;16.0
4109;16.093333333333334;16.0;19.0;-3.0;16.0
4119;16.093333333333334;16.0;19.0;-3.0;16.0
4129;16.073333333333334;16.0;19.0;-3.0;16.0
4139;16.12;16.0;19.0;-3.0;16.0
4149;16.083333333333332;16.0;19.0;-3.0;16.0
4159;16.073333333333334;16.0;19.0;-3.0;16.0
4169;16.123333333333335;16.0;19.0;-3.0;16.0
4179;16.126666666666665;16.0;19.0;-3.0;16.0
4189;16.073333333333334;16.0;19.0;-3.0;16.0
4199;16.11;16.0;19.0;-3.0;16.0
4209;16.166666666666668;16.0;19.0;-3.0;16.0
4219;16.073333333333334;16.0;19.0;-3.0;16.0
4229;16.03;16.0;19.0;-3.0;16.0
4239;16.073333333333334;16.0;19.0;-3.0;16.0
4249;16.036666666666665;16.0;19.0;-3.0;16.0
4259;16.10333333333333;16.0;19.0;-3.0;16.0
4269;16.083333333333332;16.0;19.0;-3.0;16.0
4279;16.14;16.0;19.0;-3.0;16.0
4289;16.126666666666665;16.0;19.0;-3.0;16.0
4299;16.09;16.0;19.0;-3.0;16.0
4309;16.073333333333334;16.0;19.0;-3.0;16.0
4319;16.063333333333333;16.0;19.0;-3.0;16.0
4329;16.083333333333332;16.0;19.0;-3.0;16.0
4339;16.15;16.0;19.0;-3.0;16.0
4349;16.11;16.0;19.0;-3.0;16.0
4359;16.04;16.0;19.0;-3.0;16.0
4369;16.14;16.0;19.0;-3.0;16.0
4379;16.163333333333334;16.0;19.0;-3.0;16.0
4389;16.073333333333334;16.0;19.0;-3.0;16.0
4399;16.126666666666665;16.0;19.0;-3.0;16.0
4409;16.19333333333333;16.0;19.0;-3.0;16.0
4419;16.12;16.0;19.0;-3.0;16.0
4429;16.106666666666666;16.0;19.0;-3.0;16.0
4439;16.14;16.0;19.0;-3.0;16.0
4449;16.07;16.0;19.0;-3.0;16.0
4459;16.05;16.0;19.0;-3.0;16.0
4469;16.066666666666666;16.0;19.0;-3.0;16.0
4479;16.133333333333333;16.0;19.0;-3.0;16.0
4489;16.083333333333332;16.0;19.0;-3.0;16.0
4499;16.096666666666668;16.0;19.0;-3.0;16.0
4509;16.153333333333332;16.0;19.0;-3.0;16.0
4519;16.09;16.0;19.0;-3.0;16.0
4529;16.06;16.0;19.0;-3.0;16.0
4539;16.116666666666667;16.0;19.0;-3.0;16.0
4549;16.086666666666666;16.0;19.0;-3.0;16.0
4559;16.1;16.0;19.0;-3.0;16.0
4569;16.143333333333334;16.0;19.0;-3.0;16.0
4579;16.17;16.0;19.0;-3.0;16.0
4589;16.123333333333335;16.0;19.0;-3.0;16.0
4599;16.063333333333333;16.0;19.0;-3.0;16.0
4609;16.126666666666665;16.0;19.0;-3.0;16.0
4619;16.10333333333333;16.0;19.0;-3.0;16.0
4629;16.126666666666665;16.0;19.0;-3.0;16.0
4639;16.096666666666668;16.0;19.0;-3.0;16.0
4649;16.173333333333332;16.0;19.0;-3.0;16.0
4659;16.136666666666667;16.0;19.0;-3.0;16.0
4669;16.093333333333334;16.0;19.0;-3.0;16.0
4679;16.166666666666668;16.0;19.0;-3.0;16.0
4689;16.116666666666667;16.0;19.0;-3.0;16.0
4699;16.1;16.0;19.0;-3.0;16.0
4709;16.086666666666666;16.0;19.0;-3.0;16.0
4719;16.136666666666667;16.0;19.0;-3.0;16.0
4729;16.123333333333335;16.0;19.0;-3.0;16.0
4739;16.093333333333334;16.0;19.0;-3.0;16.0
4749;16.123333333333335;16.0;19.0;-3.0;16.0
4759;16.1;16.0;19.0;-3.0;16.0
4769;16.123333333333335;16.0;19.0;-3.0;16.0
4779;16.133333333333333;16.0;19.0;-3.0;16.0
4789;16.08;16.0;19.0;-3.0;16.0
4799;16.126666666666665;16.0;19.0;-3.0;16.0
4809;16.093333333333334;16.0;19.0;-3.0;16.0
4819;16.153333333333332;16.0;19.0;-3.0;16.0
4829;16.106666666666666;16.0;19.0;-3.0;16.0
4839;16.106666666666666;16.0;19.0;-3.0;16.0
4849;16.116666666666667;16.0;19.0;-3.0;16.0
4859;16.13;16.0;19.0;-3.0;16.0
4869;16.116666666666667;16.0;19.0;-3.0;16.0
4879;16.153333333333332;16.0;19.0;-3.0;16.0
4889;16.093333333333334;16.0;19.0;-3.0;16.0
4899;16.07;16.0;19.0;-3.0;16.0
4909;16.106666666666666;16.0;19.0;-3.0;16.0
4919;16.11;16.0;19.0;-3.0;16.0
4929;16.083333333333332;16.0;19.0;-3.0;16.0
4939;16.073333333333334;16.0;19.0;-3.0;16.0
4949;16.133333333333333;16.0;19.0;-3.0;16.0
4959;16.106666666666666;16.0;19.0;-3.0;16.0
4969;16.1;16.0;19.0;-3.0;16.0
4979;16.07;16.0;19.0;-3.0;16.0
4989;16.07;16.0;19.0;-3.0;16.0
4999;16.14666666666667;16.0;19.0;-3.0;16.0
5009;16.07;16.0;19.0;-3.0;16.0
5019;16.13;16.0;19.0;-3.0;16.0
5029;16.12;16.0;19.0;-3.0;16.0
5039;16.086666666666666;16.0;19.0;-3.0;16.0
5049;16.116666666666667;16.0;19.0;-3.0;16.0
5059;16.143333333333334;16.0;19.0;-3.0;16.0
5069;16.11;16.0;19.0;-3.0;16.0
5079;16.05666666666667;16.0;19.0;-3.0;16.0
5089;16.09;16.0;19.0;-3.0;16.0
5099;16.106666666666666;16.0;19.0;-3.0;16.0
5109;16.136666666666667;16.0;19.0;-3.0;16.0
5119;16.096666666666668;16.0;19.0;-3.0;16.0
5129;16.066666666666666;16.0;19.0;-3.0;16.0
5139;16.083333333333332;16.0;19.0;-3.0;16.0
5149;16.136666666666667;16.0;19.0;-3.0;16.0
5159;16.116666666666667;16.0;19.0;-3.0;16.0
5169;16.093333333333334;16.0;19.0;-3.0;16.0
5179;16.113333333333333;16.0;19.0;-3.0;16.0
5189;16.076666666666668;16.0;19.0;-3.0;16.0
5199;16.123333333333335;16.0;19.0;-3.0;16.0
5209;16.043333333333333;16.0;19.0;-3.0;16.0
5219;16.133333333333333;16.0;19.0;-3.0;16.0
5229;16.166666666666668;16.0;19.0;-3.0;16.0
5239;16.13;16.0;19.0;-3.0;16.0
5249;16.126666666666665;16.0;19.0;-3.0;16.0
5259;16.096666666666668;16.0;19.0;-3.0;16.0
5269;16.116666666666667;16.0;19.0;-3.0;16.0
5279;16.10333333333333;16.0;19.0;-3.0;16.0
5289;16.066666666666666;16.0;19.0;-3.0;16.0
5299;16.073333333333334;16.0;19.0;-3.0;16.0
5309;16.12;16.0;19.0;-3.0;16.0
5319;16.086666666666666;16.0;19.0;-3.0;16.0
5329;16.076666666666668;16.0;19.0;-3.0;16.0
5339;16.09;16.0;19.0;-3.0;16.0
5349;16.123333333333335;16.0;19.0;-3.0;16.0
5359;16.083333333333332;16.0;19.0;-3.0;16.0
5369;16.1;16.0;19.0;-3.0;16.0
5379;16.08;16.0;19.0;-3.0;16.0
5389;16.153333333333332;16.0;19.0;-3.0;16.0
5399;16.093333333333334;16.0;19.0;-3.0;16.0
5409;16.16;16.0;19.0;-3.0;16.0
5419;16.116666666666667;16.0;19.0;-3.0;16.0
5429;16.036666666666665;16.0;19.0;-3.0;16.0
5439;16.093333333333334;16.0;19.0;-3.0;16.0
5449;16.096666666666668;16.0;19.0;-3.0;16.0
5459;16.14;16.0;19.0;-3.0;16.0
5469;16.123333333333335;16.0;19.0;-3.0;16.0
5479;16.063333333333333;16.0;19.0;-3.0;16.0
5489;16.12;16.0;19.0;-3.0;16.0
5499;16.093333333333334;16.0;19.0;-3.0;16.0
5509;16.086666666666666;16.0;19.0;-3.0;16.0
5519;16.07;16.0;19.0;-3.0;16.0
5529;16.116666666666667;16.0;19.0;-3.0;16.0
5539;16.143333333333334;16.0;19.0;-3.0;16.0
5549;16.126666666666665;16.0;19.0;-3.0;16.0
5559;16.09;16.0;19.0;-3.0;16.0
5569;16.113333333333333;16.0;19.0;-3.0;16.0
5579;16.116666666666667;16.0;19.0;-3.0;16.0
5589;16.136666666666667;16.0;19.0;-3.0;16.0
5599;16.093333333333334;16.0;19.0;-3.0;16.0
5609;16.096666666666668;16.0;19.0;-3.0;16.0
5619;16.073333333333334;16.0;19.0;-3.0;16.0
5629;16.096666666666668;16.0;19.0;-3.0;16.0
5639;16.096666666666668;16.0;19.0;-3.0;16.0
5649;16.06;16.0;19.0;-3.0;16.0
5659;16.093333333333334;16.0;19.0;-3.0;16.0
5669;16.093333333333334;16.0;19.0;-3.0;16.0
5679;16.093333333333334;16.0;19.0;-3.0;16.0
5689;16.133333333333333;16.0;19.0;-3.0;16.0
5699;16.05666666666667;16.0;19.0;-3.0;16.0
5709;16.096666666666668;16.0;19.0;-3.0;16.0
5719;16.093333333333334;16.0;19.0;-3.0;16.0
5729;16.133333333333333;16.0;19.0;-3.0;16.0
5739;16.1;16.0;19.0;-3.0;16.0
5749;16.09;16.0;19.0;-3.0;16.0
5759;16.076666666666668;16.0;19.0;-3.0;16.0
5769;16.1;16.0;19.0;-3.0;16.0
5779;16.166666666666668;16.0;19.0;-3.0;16.0
5789;16.066666666666666;16.0;19.0;-3.0;16.0
5799;16.156666666666666;16.0;19.0;-3.0;16.0
5809;16.07;16.0;19.0;-3.0;16.0
5819;16.076666666666668;16.0;19.0;-3.0;16.0
5829;16.143333333333334;16.0;19.0;-3.0;16.0
5839;16.096666666666668;16.0;19.0;-3.0;16.0
5849;16.09;16.0;19.0;-3.0;16.0
5859;16.066666666666666;16.0;19.0;-3.0;16.0
5869;16.10333333333333;16.0;19.0;-3.0;16.0
5879;16.066666666666666;16.0;19.0;-3.0;16.0
5889;16.113333333333333;16.0;19.0;-3.0;16.0
5899;16.093333333333334;16.0;19.0;-3.0;16.0
5909;16.08;16.0;19.0;-3.0;16.0
5919;16.123333333333335;16.0;19.0;-3.0;16.0
5929;16.026666666666667;16.0;18.0;-2.0;16.0
5939;16.143333333333334;16.0;19.0;-3.0;16.0
5949;16.106666666666666;16.0;19.0;-3.0;16.0
5959;16.10333333333333;16.0;19.0;-3.0;16.0
5969;16.083333333333332;16.0;19.0;-3.0;16.0
5979;16.153333333333332;16.0;19.0;-3.0;16.0
5989;16.106666666666666;16.0;19.0;-3.0;16.0
5999;16.11;16.0;19.0;-3.0;16.0
6009;16.136666666666667;16.0;19.0;-3.0;16.0
6019;16.073333333333334;16.0;19.0;-3.0;16.0
6029;16.07;16.0;19.0;-3.0;16.0
6039;16.073333333333334;16.0;19.0;-3.0;16.0
6049;16.066666666666666;16.0;19.0;-3.0;16.0
6059;16.083333333333332;16.0;19.0;-3.0;16.0
6069;16.14;16.0;19.0;-3.0;16.0
6079;16.123333333333335;16.0;19.0;-3.0;16.0
6089;16.14;16.0;19.0;-3.0;16.0
6099;16.073333333333334;16.0;19.0;-3.0;16.0
6109;16.073333333333334;16.0;19.0;-3.0;16.0
6119;16.123333333333335;16.0;19.0;-3.0;16.0
6129;16.083333333333332;16.0;19.0;-3.0;16.0
6139;16.096666666666668;16.0;19.0;-3.0;16.0
6149;16.096666666666668;16.0;19.0;-3.0;16.0
6159;16.086666666666666;16.0;19.0;-3.0;16.0
6169;16.083333333333332;16.0;19.0;-3.0;16.0
6179;16.123333333333335;16.0;19.0;-3.0;16.0
6189;16.096666666666668;16.0;19.0;-3.0;16.0
6199;16.183333333333334;16.0;19.0;-3.0;16.0
6209;16.136666666666667;16.0;19.0;-3.0;16.0
6219;16.123333333333335;16.0;19.0;-3.0;16.0
6229;16.113333333333333;16.0;19.0;-3.0;16.0
6239;16.11;16.0;19.0;-3.0;16.0
6249;16.083333333333332;16.0;19.0;-3.0;16.0
6259;16.15;16.0;19.0;-3.0;16.0
6269;16.073333333333334;16.0;19.0;-3.0;16.0
6279;16.096666666666668;16.0;19.0;-3.0;16.0
6289;16.066666666666666;16.0;19.0;-3.0;16.0
6299;16.11;16.0;19.0;-3.0;16.0
6309;16.10333333333333;16.0;19.0;-3.0;16.0
6319;16.09;16.0;19.0;-3.0;16.0
6329;16.076666666666668;16.0;19.0;-3.0;16.0
6339;16.143333333333334;16.0;19.0;-3.0;16.0
6349;16.09;16.0;19.0;-3.0;16.0
6359;16.083333333333332;16.0;19.0;-3.0;16.0
6369;16.116666666666667;16.0;19.0;-3.0;16.0
6379;16.076666666666668;16.0;19.0;-3.0;16.0
6389;16.05;16.0;19.0;-3.0;16.0
6399;16.106666666666666;16.0;19.0;-3.0;16.0
6409;16.113333333333333;16.0;19.0;-3.0;16.0
6419;16.153333333333332;16.0;19.0;-3.0;16.0
6429;16.123333333333335;16.0;19.0;-3.0;16.0
6439;16.116666666666667;16.0;19.0;-3.0;16.0
6449;16.1;16.0;19.0;-3.0;16.0
6459;16.086666666666666;16.0;19.0;-3.0;16.0
6469;16.086666666666666;16.0;19.0;-3.0;16.0
6479;16.113333333333333;16.0;19.0;-3.0;16.0
6489;16.096666666666668;16.0;19.0;-3.0;16.0
6499;16.10333333333333;16.0;19.0;-3.0;16.0
6509;16.126666666666665;16.0;19.0;-3.0;16.0
6519;16.12;16.0;19.0;-3.0;16.0
6529;16.076666666666668;16.0;19.0;-3.0;16.0
6539;16.123333333333335;16.0;19.0;-3.0;16.0
6549;16.12;16.0;19.0;-3.0;16.0
6559;16.14;16.0;19.0;-3.0;16.0
6569;16.06;16.0;19.0;-3.0;16.0
6579;16.10333333333333;16.0;19.0;-3.0;16.0
6589;16.10333333333333;16.0;19.0;-3.0;16.0
6599;16.126666666666665;16.0;19.0;-3.0;16.0
6609;16.11;16.0;19.0;-3.0;16.0
6619;16.136666666666667;16.0;19.0;-3.0;16.0
6629;16.14;16.0;19.0;-3.0;16.0
6639;16.073333333333334;16.0;19.0;-3.0;16.0
6649;16.073333333333334;16.0;19.0;-3.0;16.0
6659;16.133333333333333;16.0;19.0;-3.0;16.0
6669;16.136666666666667;16.0;19.0;-3.0;16.0
6679;16.143333333333334;16.0;19.0;-3.0;16.0
6689;16.13;16.0;19.0;-3.0;16.0
6699;16.1;16.0;19.0;-3.0;16.0
6709;16.113333333333333;16.0;19.0;-3.0;16.0
6719;16.113333333333333;16.0;19.0;-3.0;16.0
6729;16.136666666666667;16.0;19.0;-3.0;16.0
6739;16.1;16.0;19.0;-3.0;16.0
6749;16.076666666666668;16.0;19.0;-3.0;16.0
6759;16.07;16.0;19.0;-3.0;16.0
6769;16.15;16.0;19.0;-3.0;16.0
6779;16.08;16.0;19.0;-3.0;16.0
6789;16.043333333333333;16.0;19.0;-3.0;16.0
6799;16.106666666666666;16.0;19.0;-3.0;16.0
6809;16.14;16.0;19.0;-3.0;16.0
6819;16.10333333333333;16.0;19.0;-3.0;16.0
6829;16.076666666666668;16.0;19.0;-3.0;16.0
6839;16.063333333333333;16.0;19.0;-3.0;16.0
6849;16.063333333333333;16.0;19.0;-3.0;16.0
6859;16.16;16.0;19.0;-3.0;16.0
6869;16.066666666666666;16.0;19.0;-3.0;16.0
6879;16.106666666666666;16.0;19.0;-3.0;16.0
6889;16.11;16.0;19.0;-3.0;16.0
6899;16.093333333333334;16.0;19.0;-3.0;16.0
6909;16.1;16.0;19.0;-3.0;16.0
6919;16.09;16.0;19.0;-3.0;16.0
6929;16.106666666666666;16.0;19.0;-3.0;16.0
6939;16.096666666666668;16.0;19.0;-3.0;16.0
6949;16.143333333333334;16.0;19.0;-3.0;16.0
6959;16.106666666666666;16.0;19.0;-3.0;16.0
6969;16.083333333333332;16.0;19.0;-3.0;16.0
6979;16.066666666666666;16.0;19.0;-3.0;16.0
6989;16.14;16.0;19.0;-3.0;16.0
6999;16.16;16.0;19.0;-3.0;16.0
7009;16.086666666666666;16.0;19.0;-3.0;16.0
7019;16.16;16.0;19.0;-3.0;16.0
7029;16.08;16.0;19.0;-3.0;16.0
7039;16.083333333333332;16.0;19.0;-3.0;16.0
7049;16.156666666666666;16.0;19.0;-3.0;16.0
7059;16.09;16.0;19.0;-3.0;16.0
7069;16.053333333333335;16.0;19.0;-3.0;16.0
7079;16.093333333333334;16.0;19.0;-3.0;16.0
7089;16.086666666666666;16.0;19.0;-3.0;16.0
7099;16.11;16.0;19.0;-3.0;16.0
7109;16.12;16.0;19.0;-3.0;16.0
7119;16.086666666666666;16.0;19.0;-3.0;16.0
7129;16.1;16.0;19.0;-3.0;16.0
7139;16.1;16.0;19.0;-3.0;16.0
7149;16.116666666666667;16.0;19.0;-3.0;16.0
7159;16.073333333333334;16.0;19.0;-3.0;16.0
7169;16.093333333333334;16.0;19.0;-3.0;16.0
7179;16.083333333333332;16.0;19.0;-3.0;16.0
7189;16.11;16.0;19.0;-3.0;16.0
7199;16.066666666666666;16.0;19.0;-3.0;16.0
7209;16.123333333333335;16.0;19.0;-3.0;16.0
7219;16.10333333333333;16.0;19.0;-3.0;16.0
7229;16.12;16.0;19.0;-3.0;16.0
7239;16.113333333333333;16.0;19.0;-3.0;16.0
7249;16.136666666666667;16.0;19.0;-3.0;16.0
7259;16.033333333333335;16.0;18.0;-2.0;16.0
7269;16.093333333333334;16.0;19.0;-3.0;16.0
7279;16.046666666666667;16.0;19.0;-3.0;16.0
7289;16.08;16.0;19.0;-3.0;16.0
7299;16.06;16.0;19.0;-3.0;16.0
7309;16.076666666666668;16.0;19.0;-3.0;16.0
7319;16.126666666666665;16.0;19.0;-3.0;16.0
7329;16.12;16.0;19.0;-3.0;16.0
7339;16.106666666666666;16.0;19.0;-3.0;16.0
7349;16.116666666666667;16.0;19.0;-3.0;16.0
7359;16.133333333333333;16.0;19.0;-3.0;16.0
7369;16.09;16.0;19.0;-3.0;16.0
7379;16.126666666666665;16.0;19.0;-3.0;16.0
7389;16.07;16.0;19.0;-3.0;16.0
7399;16.066666666666666;16.0;19.0;-3.0;16.0
7409;16.093333333333334;16.0;19.0;-3.0;16.0
7419;16.043333333333333;16.0;19.0;-3.0;16.0
7429;16.113333333333333;16.0;19.0;-3.0;16.0
7439;16.07;16.0;19.0;-3.0;16.0
7449;16.073333333333334;16.0;19.0;-3.0;16.0
7459;16.113333333333333;16.0;19.0;-3.0;16.0
7469;16.116666666666667;16.0;19.0;-3.0;16.0
7479;16.07;15.0;19.0;-4.0;15.0
7489;14.133333333333333;14.0;17.0;-3.0;14.0
7499;14.063333333333333;14.0;17.0;-3.0;14.0
7509;14.07;14.0;17.0;-3.0;14.0
7519;14.11;14.0;17.0;-3.0;14.0
7529;14.066666666666666;14.0;17.0;-3.0;14.0
7539;14.083333333333334;14.0;17.0;-3.0;14.0
7549;14.106666666666667;14.0;17.0;-3.0;14.0
7559;14.106666666666667;14.0;17.0;-3.0;14.0
7569;14.076666666666666;14.0;17.0;-3.0;14.0
7579;14.09;14.0;17.0;-3.0;14.0
7589;14.04;14.0;17.0;-3.0;14.0
7599;14.156666666666666;14.0;17.0;-3.0;14.0
7609;14.13;14.0;17.0;-3.0;14.0
7619;14.106666666666667;14.0;17.0;-3.0;14.0
7629;14.046666666666667;14.0;17.0;-3.0;14.0
7639;14.123333333333333;14.0;17.0;-3.0;14.0
7649;14.076666666666666;14.0;17.0;-3.0;14.0
7659;14.166666666666666;14.0;17.0;-3.0;14.0
7669;14.113333333333333;14.0;17.0;-3.0;14.0
7679;14.086666666666666;14.0;17.0;-3.0;14.0
7689;14.09;14.0;17.0;-3.0;14.0
7699;14.123333333333333;14.0;17.0;-3.0;14.0
7709;14.09;14.0;17.0;-3.0;14.0
7719;14.13;14.0;17.0;-3.0;14.0
7729;14.1;14.0;17.0;-3.0;14.0
7739;14.1;14.0;17.0;-3.0;14.0
7749;14.073333333333334;14.0;17.0;-3.0;14.0
7759;14.1;14.0;17.0;-3.0;14.0
7769;14.08;14.0;17.0;-3.0;14.0
7779;14.07;14.0;17.0;-3.0;14.0
7789;14.063333333333333;14.0;17.0;-3.0;14.0
7799;14.103333333333333;14.0;17.0;-3.0;14.0
7809;14.136666666666667;14.0;17.0;-3.0;14.0
7819;14.106666666666667;14.0;17.0;-3.0;14.0
7829;14.116666666666667;14.0;17.0;-3.0;14.0
7839;14.066666666666666;14.0;17.0;-3.0;14.0
7849;14.066666666666666;14.0;17.0;-3.0;14.0
7859;14.136666666666667;14.0;17.0;-3.0;14.0
7869;14.1;14.0;17.0;-3.0;14.0
7879;14.086666666666666;14.0;17.0;-3.0;14.0
7889;14.14;14.0;17.0;-3.0;14.0
7899;14.176666666666666;14.0;17.0;-3.0;14.0
7909;14.09;14.0;17.0;-3.0;14.0
7919;14.123333333333333;14.0;17.0;-3.0;14.0
7929;14.103333333333333;14.0;17.0;-3.0;14.0
7939;14.176666666666666;14.0;17.0;-3.0;14.0
7949;14.19;14.0;17.0;-3.0;14.0
7959;14.066666666666666;14.0;17.0;-3.0;14.0
7969;14.13;14.0;17.0;-3.0;14.0
7979;14.11;14.0;17.0;-3.0;14.0
7989;14.126666666666667;14.0;17.0;-3.0;14.0
7999;14.12;14.0;17.0;-3.0;14.0
8009;14.113333333333333;14.0;17.0;-3.0;14.0
8019;14.103333333333333;14.0;17.0;-3.0;14.0
8029;14.13;14.0;17.0;-3.0;14.0
8039;14.153333333333334;14.0;17.0;-3.0;14.0
8049;14.113333333333333;14.0;17.0;-3.0;14.0
8059;14.16;14.0;17.0;-3.0;14.0
8069;14.05;14.0;17.0;-3.0;14.0
8079;14.146666666666667;14.0;17.0;-3.0;14.0
8089;14.086666666666666;14.0;17.0;-3.0;14.0
8099;14.07;14.0;17.0;-3.0;14.0
8109;14.09;14.0;17.0;-3.0;14.0
8119;14.093333333333334;14.0;17.0;-3.0;14.0
8129;14.13;14.0;17.0;-3.0;14.0
8139;14.126666666666667;14.0;17.0;-3.0;14.0
8149;14.11;14.0;17.0;-3.0;14.0
8159;14.08;14.0;17.0;-3.0;14.0
8169;14.073333333333334;14.0;17.0;-3.0;14.0
8179;14.09;14.0;17.0;-3.0;14.0
8189;14.07;14.0;17.0;-3.0;14.0
8199;14.093333333333334;14.0;17.0;-3.0;14.0
8209;14.106666666666667;14.0;17.0;-3.0;14.0
8219;14.073333333333334;14.0;17.0;-3.0;14.0
8229;14.13;14.0;17.0;-3.0;14.0
8239;14.106666666666667;14.0;17.0;-3.0;14.0
8249;14.09;14.0;17.0;-3.0;14.0
8259;14.18;14.0;17.0;-3.0;14.0
8269;14.126666666666667;14.0;17.0;-3.0;14.0
8279;14.13;14.0;17.0;-3.0;14.0
8289;14.103333333333333;14.0;17.0;-3.0;14.0
8299;14.103333333333333;14.0;17.0;-3.0;14.0
8309;14.073333333333334;14.0;17.0;-3.0;14.0
8319;14.11;14.0;17.0;-3.0;14.0
8329;14.046666666666667;14.0;17.0;-3.0;14.0
8339;14.08;14.0;17.0;-3.0;14.0
8349;14.086666666666666;14.0;17.0;-3.0;14.0
8359;14.1;14.0;17.0;-3.0;14.0
8369;14.1;14.0;17.0;-3.0;14.0
8379;14.086666666666666;14.0;17.0;-3.0;14.0
8389;14.163333333333334;14.0;17.0;-3.0;14.0
8399;14.05;14.0;17.0;-3.0;14.0
8409;14.103333333333333;14.0;17.0;-3.0;14.0
8419;14.093333333333334;14.0;17.0;-3.0;14.0
8429;14.093333333333334;14.0;17.0;-3.0;14.0
8439;14.07;14.0;17.0;-3.0;14.0
8449;14.103333333333333;14.0;17.0;-3.0;14.0
8459;14.05;14.0;17.0;-3.0;14.0
8469;14.136666666666667;14.0;17.0;-3.0;14.0
8479;14.096666666666666;14.0;17.0;-3.0;14.0
8489;14.116666666666667;14.0;17.0;-3.0;14.0
8499;14.136666666666667;14.0;17.0;-3.0;14.0
8509;14.093333333333334;14.0;17.0;-3.0;14.0
8519;14.163333333333334;14.0;17.0;-3.0;14.0
8529;14.116666666666667;14.0;17.0;-3.0;14.0
8539;14.11;14.0;17.0;-3.0;14.0
8549;14.09;14.0;17.0;-3.0;14.0
8559;14.15;14.0;17.0;-3.0;14.0
8569;14.063333333333333;14.0;17.0;-3.0;14.0
8579;14.136666666666667;14.0;17.0;-3.0;14.0
8589;14.083333333333334;14.0;17.0;-3.0;14.0
8599;14.05;14.0;17.0;-3.0;14.0
8609;14.09;14.0;17.0;-3.0;14.0
8619;14.106666666666667;14.0;17.0;-3.0;14.0
8629;14.146666666666667;14.0;17.0;-3.0;14.0
8639;14.156666666666666;14.0;17.0;-3.0;14.0
8649;14.153333333333334;14.0;17.0;-3.0;14.0
8659;14.07;14.0;17.0;-3.0;14.0
8669;14.116666666666667;14.0;17.0;-3.0;14.0
8679;14.126666666666667;14.0;17.0;-3.0;14.0
8689;14.096666666666666;14.0;17.0;-3.0;14.0
8699;14.153333333333334;14.0;17.0;-3.0;14.0
8709;14.16;14.0;17.0;-3.0;14.0
8719;14.1;14.0;17.0;-3.0;14.0
8729;14.116666666666667;14.0;17.0;-3.0;14.0
8739;14.066666666666666;14.0;17.0;-3.0;14.0
8749;14.126666666666667;14.0;17.0;-3.0;14.0
8759;14.176666666666666;14.0;17.0;-3.0;14.0
8769;14.126666666666667;14.0;17.0;-3.0;14.0
8779;14.073333333333334;14.0;17.0;-3.0;14.0
8789;14.04;14.0;17.0;-3.0;14.0
8799;14.15;14.0;17.0;-3.0;14.0
8809;14.153333333333334;14.0;17.0;-3.0;14.0
8819;14.09;14.0;17.0;-3.0;14.0
8829;14.1;14.0;17.0;-3.0;14.0
8839;14.1;14.0;17.0;-3.0;14.0
8849;14.133333333333333;14.0;17.0;-3.0;14.0
8859;14.08;14.0;17.0;-3.0;14.0
8869;14.126666666666667;14.0;17.0;-3.0;14.0
8879;14.133333333333333;14.0;17.0;-3.0;14.0
8889;14.056666666666667;14.0;17.0;-3.0;14.0
8899;14.113333333333333;14.0;17.0;-3.0;14.0
8909;14.073333333333334;14.0;17.0;-3.0;14.0
8919;14.093333333333334;14.0;17.0;-3.0;14.0
8929;14.14;14.0;17.0;-3.0;14.0
8939;14.076666666666666;14.0;17.0;-3.0;14.0
8949;14.11;14.0;17.0;-3.0;14.0
8959;14.143333333333333;14.0;17.0;-3.0;14.0
8969;14.073333333333334;14.0;17.0;-3.0;14.0
8979;14.186666666666667;14.0;17.0;-3.0;14.0
8989;14.113333333333333;14.0;17.0;-3.0;14.0
8999;14.073333333333334;14.0;17.0;-3.0;14.0
9009;14.146666666666667;14.0;17.0;-3.0;14.0
9019;14.066666666666666;14.0;17.0;-3.0;14.0
9029;14.13;14.0;17.0;-3.0;14.0
9039;14.143333333333333;14.0;17.0;-3.0;14.0
9049;14.08;14.0;17.0;-3.0;14.0
9059;14.09;14.0;17.0;-3.0;14.0
9069;14.12;14.0;17.0;-3.0;14.0
9079;14.1;14.0;17.0;-3.0;14.0
9089;14.116666666666667;14.0;17.0;-3.0;14.0
9099;14.116666666666667;14.0;17.0;-3.0;14.0
9109;14.143333333333333;14.0;17.0;-3.0;14.0
9119;14.083333333333334;14.0;17.0;-3.0;14.0
9129;14.156666666666666;14.0;17.0;-3.0;14.0
9139;14.043333333333333;14.0;17.0;-3.0;14.0
9149;14.113333333333333;14.0;17.0;-3.0;14.0
9159;14.113333333333333;14.0;17.0;-3.0;14.0
9169;14.096666666666666;14.0;17.0;-3.0;14.0
9179;14.13;14.0;17.0;-3.0;14.0
9189;14.08;14.0;17.0;-3.0;14.0
9199;14.183333333333334;14.0;17.0;-3.0;14.0
9209;14.086666666666666;14.0;17.0;-3.0;14.0
9219;14.146666666666667;14.0;17.0;-3.0;14.0
9229;14.036666666666667;14.0;17.0;-3.0;14.0
9239;14.116666666666667;14.0;17.0;-3.0;14.0
9249;14.13;14.0;17.0;-3.0;14.0
9259;14.126666666666667;14.0;17.0;-3.0;14.0
9269;14.106666666666667;14.0;17.0;-3.0;14.0
9279;14.08;14.0;17.0;-3.0;14.0
9289;14.126666666666667;14.0;17.0;-3.0;14.0
9299;14.133333333333333;14.0;17.0;-3.0;14.0
9309;14.086666666666666;14.0;17.0;-3.0;14.0
9319;14.17;14.0;17.0;-3.0;14.0
9329;14.043333333333333;14.0;17.0;-3.0;14.0
9339;14.103333333333333;14.0;17.0;-3.0;14.0
9349;14.103333333333333;14.0;17.0;-3.0;14.0
9359;14.106666666666667;14.0;17.0;-3.0;14.0
9369;14.01;14.0;16.0;-2.0;14.0
9379;14.136666666666667;14.0;17.0;-3.0;14.0
9389;14.123333333333333;14.0;17.0;-3.0;14.0
9399;14.13;14.0;17.0;-3.0;14.0
9409;14.08;14.0;17.0;-3.0;14.0
9419;14.126666666666667;14.0;17.0;-3.0;14.0
9429;14.12;14.0;17.0;-3.0;14.0
9439;14.09;14.0;17.0;-3.0;14.0
9449;14.12;14.0;17.0;-3.0;14.0
9459;14.103333333333333;14.0;17.0;-3.0;14.0
9469;14.153333333333334;14.0;17.0;-3.0;14.0
9479;14.12;14.0;17.0;-3.0;14.0
9489;14.116666666666667;14.0;17.0;-3.0;14.0
9499;14.1;14.0;17.0;-3.0;14.0
9509;14.11;14.0;17.0;-3.0;14.0
9519;14.11;14.0;17.0;-3.0;14.0
9529;14.113333333333333;14.0;17.0;-3.0;14.0
9539;14.103333333333333;14.0;17.0;-3.0;14.0
9549;14.08;14.0;17.0;-3.0;14.0
9559;14.133333333333333;14.0;17.0;-3.0;14.0
9569;14.12;14.0;17.0;-3.0;14.0
9579;14.043333333333333;14.0;17.0;-3.0;14.0
9589;14.113333333333333;14.0;17.0;-3.0;14.0
9599;14.113333333333333;14.0;17.0;-3.0;14.0
9609;14.07;14.0;17.0;-3.0;14.0
9619;14.113333333333333;14.0;17.0;-3.0;14.0
9629;14.07;14.0;17.0;-3.0;14.0
9639;14.12;14.0;17.0;-3.0;14.0
9649;14.09;14.0;17.0;-3.0;14.0
9659;14.126666666666667;14.0;17.0;-3.0;14.0
9669;14.06;14.0;17.0;-3.0;14.0
9679;14.126666666666667;14.0;17.0;-3.0;14.0
9689;14.173333333333334;14.0;17.0;-3.0;14.0
9699;14.136666666666667;14.0;17.0;-3.0;14.0
9709;14.113333333333333;14.0;17.0;-3.0;14.0
9719;14.123333333333333;14.0;17.0;-3.0;14.0
9729;14.07;14.0;17.0;-3.0;14.0
9739;14.07;14.0;17.0;-3.0;14.0
9749;14.153333333333334;14.0;17.0;-3.0;14.0
9759;14.103333333333333;14.0;17.0;-3.0;14.0
9769;14.13;14.0;17.0;-3.0;14.0
9779;14.09;14.0;17.0;-3.0;14.0
9789;14.133333333333333;14.0;17.0;-3.0;14.0
9799;14.173333333333334;14.0;17.0;-3.0;14.0
9809;14.116666666666667;14.0;17.0;-3.0;14.0
9819;14.14;14.0;17.0;-3.0;14.0
9829;14.153333333333334;14.0;17.0;-3.0;14.0
9839;14.12;14.0;17.0;-3.0;14.0
9849;14.133333333333333;14.0;17.0;-3.0;14.0
9859;14.156666666666666;14.0;17.0;-3.0;14.0
9869;14.093333333333334;14.0;17.0;-3.0;14.0
9879;14.113333333333333;14.0;17.0;-3.0;14.0
9889;14.12;14.0;17.0;-3.0;14.0
9899;14.143333333333333;14.0;17.0;-3.0;14.0
9909;14.146666666666667;14.0;17.0;-3.0;14.0
9919;14.166666666666666;14.0;17.0;-3.0;14.0
9929;14.13;14.0;17.0;-3.0;14.0
9939;14.133333333333333;14.0;17.0;-3.0;14.0
9949;14.106666666666667;14.0;17.0;-3.0;14.0
9959;14.12;14.0;17.0;-3.0;14.0
9969;14.08;14.0;17.0;-3.0;14.0
9979;14.086666666666666;14.0;17.0;-3.0;14.0
9989;14.126666666666667;14.0;17.0;-3.0;14.0
9999;14.14;14.0;17.0;-3.0;14.0
10009;14.12;14.0;17.0;-3.0;14.0
10019;14.106666666666667;14.0;17.0;-3.0;14.0
10029;14.086666666666666;14.0;17.0;-3.0;14.0
10039;14.113333333333333;14.0;17.0;-3.0;14.0
10049;14.133333333333333;14.0;17.0;-3.0;14.0
10059;14.173333333333334;14.0;17.0;-3.0;14.0
10069;14.12;14.0;17.0;-3.0;14.0
10079;14.096666666666666;14.0;17.0;-3.0;14.0
10089;14.09;14.0;17.0;-3.0;14.0
10099;14.116666666666667;14.0;17.0;-3.0;14.0
10109;14.063333333333333;14.0;17.0;-3.0;14.0
10119;14.093333333333334;14.0;17.0;-3.0;14.0
10129;14.15;14.0;17.0;-3.0;14.0
10139;14.083333333333334;14.0;17.0;-3.0;14.0
10149;14.056666666666667;14.0;17.0;-3.0;14.0
10159;14.083333333333334;14.0;17.0;-3.0;14.0
10169;14.086666666666666;14.0;17.0;-3.0;14.0
10179;14.11;14.0;17.0;-3.0;14.0
10189;14.083333333333334;14.0;17.0;-3.0;14.0
10199;14.076666666666666;14.0;17.0;-3.0;14.0
10209;14.11;14.0;17.0;-3.0;14.0
10219;14.126666666666667;14.0;17.0;-3.0;14.0
10229;14.103333333333333;14.0;17.0;-3.0;14.0
10239;14.133333333333333;14.0;17.0;-3.0;14.0
10249;14.123333333333333;14.0;17.0;-3.0;14.0
10259;14.103333333333333;14.0;17.0;-3.0;14.0
10269;14.09;14.0;17.0;-3.0;14.0
10279;14.156666666666666;14.0;17.0;-3.0;14.0
10289;14.14;14.0;17.0;-3.0;14.0
10299;14.126666666666667;14.0;17.0;-3.0;14.0
10309;14.123333333333333;14.0;17.0;-3.0;14.0
10319;14.096666666666666;14.0;17.0;-3.0;14.0
10329;14.156666666666666;14.0;17.0;-3.0;14.0
10339;14.073333333333334;14.0;17.0;-3.0;14.0
10349;14.08;14.0;17.0;-3.0;14.0
10359;14.106666666666667;14.0;17.0;-3.0;14.0
10369;14.086666666666666;14.0;17.0;-3.0;14.0
10379;14.106666666666667;14.0;17.0;-3.0;14.0
10389;14.09;14.0;17.0;-3.0;14.0
10399;14.16;14.0;17.0;-3.0;14.0
10409;14.126666666666667;14.0;17.0;-3.0;14.0
10419;14.066666666666666;14.0;17.0;-3.0;14.0
10429;14.153333333333334;14.0;17.0;-3.0;14.0
10439;14.096666666666666;14.0;17.0;-3.0;14.0
10449;14.116666666666667;14.0;17.0;-3.0;14.0
10459;14.11;14.0;17.0;-3.0;14.0
10469;14.096666666666666;14.0;17.0;-3.0;14.0
10479;14.096666666666666;14.0;17.0;-3.0;14.0
10489;14.1;14.0;17.0;-3.0;14.0
10499;14.1;14.0;17.0;-3.0;14.0
10509;14.086666666666666;14.0;17.0;-3.0;14.0
10519;14.12;14.0;17.0;-3.0;14.0
10529;14.053333333333333;14.0;17.0;-3.0;14.0
10539;14.116666666666667;14.0;17.0;-3.0;14.0
10549;14.083333333333334;14.0;17.0;-3.0;14.0
10559;14.156666666666666;14.0;17.0;-3.0;14.0
10569;14.153333333333334;14.0;17.0;-3.0;14.0
10579;14.076666666666666;14.0;17.0;-3.0;14.0
10589;14.096666666666666;14.0;17.0;-3.0;14.0
10599;14.166666666666666;14.0;17.0;-3.0;14.0
10609;14.126666666666667;14.0;17.0;-3.0;14.0
10619;14.123333333333333;14.0;17.0;-3.0;14.0
10629;14.116666666666667;14.0;17.0;-3.0;14.0
10639;14.053333333333333;14.0;17.0;-3.0;14.0
10649;14.113333333333333;14.0;17.0;-3.0;14.0
10659;14.133333333333333;14.0;17.0;-3.0;14.0
10669;14.126666666666667;14.0;17.0;-3.0;14.0
10679;14.103333333333333;14.0;17.0;-3.0;14.0
10689;14.136666666666667;14.0;17.0;-3.0;14.0
10699;14.09;14.0;17.0;-3.0;14.0
10709;14.11;14.0;17.0;-3.0;14.0
10719;14.093333333333334;14.0;17.0;-3.0;14.0
10729;14.12;14.0;17.0;-3.0;14.0
10739;14.123333333333333;14.0;17.0;-3.0;14.0
10749;14.136666666666667;14.0;17.0;-3.0;14.0
10759;14.133333333333333;14.0;17.0;-3.0;14.0
10769;14.133333333333333;14.0;17.0;-3.0;14.0
10779;14.1;14.0;17.0;-3.0;14.0
10789;14.086666666666666;14.0;17.0;-3.0;14.0
10799;14.073333333333334;14.0;17.0;-3.0;14.0
10809;14.113333333333333;14.0;17.0;-3.0;14.0
10819;14.103333333333333;14.0;17.0;-3.0;14.0
10829;14.13;14.0;17.0;-3.0;14.0
10839;14.126666666666667;14.0;17.0;-3.0;14.0
10849;14.096666666666666;14.0;17.0;-3.0;14.0
10859;14.09;14.0;17.0;-3.0;14.0
10869;14.126666666666667;14.0;17.0;-3.0;14.0
10879;14.146666666666667;14.0;17.0;-3.0;14.0
10889;14.106666666666667;14.0;17.0;-3.0;14.0
10899;14.066666666666666;14.0;17.0;-3.0;14.0
10909;14.103333333333333;14.0;17.0;-3.0;14.0
10919;14.05;14.0;17.0;-3.0;14.0
10929;14.086666666666666;14.0;17.0;-3.0;14.0
10939;14.093333333333334;14.0;17.0;-3.0;14.0
10949;14.106666666666667;14.0;17.0;-3.0;14.0
10959;14.1;14.0;17.0;-3.0;14.0
10969;14.093333333333334;14.0;17.0;-3.0;14.0
10979;14.126666666666667;14.0;17.0;-3.0;14.0
10989;14.06;14.0;17.0;-3.0;14.0
10999;14.053333333333333;14.0;17.0;-3.0;14.0
11009;14.086666666666666;14.0;17.0;-3.0;14.0
11019;14.123333333333333;14.0;17.0;-3.0;14.0
11029;14.106666666666667;14.0;17.0;-3.0;14.0
11039;14.11;14.0;17.0;-3.0;14.0
11049;14.08;14.0;17.0;-3.0;14.0
11059;14.126666666666667;14.0;17.0;-3.0;14.0
11069;14.11;14.0;17.0;-3.0;14.0
11079;14.11;14.0;17.0;-3.0;14.0
11089;14.12;14.0;17.0;-3.0;14.0
11099;14.08;14.0;17.0;-3.0;14.0
11109;14.11;14.0;17.0;-3.0;14.0
11119;14.076666666666666;14.0;17.0;-3.0;14.0
11129;14.086666666666666;14.0;17.0;-3.0;14.0
11139;14.056666666666667;14.0;17.0;-3.0;14.0
11149;14.12;14.0;17.0;-3.0;14.0
11159;14.076666666666666;14.0;17.0;-3.0;14.0
11169;14.086666666666666;14.0;17.0;-3.0;14.0
11179;14.15;14.0;17.0;-3.0;14.0
11189;14.043333333333333;14.0;17.0;-3.0;14.0
11199;14.1;14.0;17.0;-3.0;14.0
11209;14.156666666666666;14.0;17.0;-3.0;14.0
11219;14.12;14.0;17.0;-3.0;14.0
11229;14.083333333333334;14.0;17.0;-3.0;14.0
11239;14.116666666666667;14.0;17.0;-3.0;14.0
11249;14.113333333333333;14.0;17.0;-3.0;14.0
11259;14.116666666666667;14.0;17.0;-3.0;14.0
11269;14.106666666666667;14.0;17.0;-3.0;14.0
11279;14.053333333333333;14.0;17.0;-3.0;14.0
11289;14.116666666666667;14.0;17.0;-3.0;14.0
11299;14.133333333333333;14.0;17.0;-3.0;14.0
11309;14.113333333333333;14.0;17.0;-3.0;14.0
11319;14.13;14.0;17.0;-3.0;14.0
11329;14.123333333333333;14.0;17.0;-3.0;14.0
11339;14.106666666666667;14.0;17.0;-3.0;14.0
11349;14.176666666666666;14.0;17.0;-3.0;14.0
11359;14.1;14.0;17.0;-3.0;14.0
11369;14.146666666666667;14.0;17.0;-3.0;14.0
11379;14.1;14.0;17.0;-3.0;14.0
11389;14.196666666666667;14.0;17.0;-3.0;14.0
11399;14.09;14.0;17.0;-3.0;14.0
11409;14.11;14.0;17.0;-3.0;14.0
11419;14.133333333333333;14.0;17.0;-3.0;14.0
11429;14.08;14.0;17.0;-3.0;14.0
11439;14.116666666666667;14.0;17.0;-3.0;14.0
11449;14.08;14.0;17.0;-3.0;14.0
11459;14.1;14.0;17.0;-3.0;14.0
11469;14.12;14.0;17.0;-3.0;14.0
11479;14.076666666666666;14.0;17.0;-3.0;14.0
11489;14.156666666666666;14.0;17.0;-3.0;14.0
11499;14.093333333333334;14.0;17.0;-3.0;14.0
11509;14.086666666666666;14.0;17.0;-3.0;14.0
11519;14.11;14.0;17.0;-3.0;14.0
11529;14.123333333333333;14.0;17.0;-3.0;14.0
11539;14.093333333333334;14.0;17.0;-3.0;14.0
11549;14.063333333333333;14.0;17.0;-3.0;14.0
11559;14.106666666666667;14.0;17.0;-3.0;14.0
11569;14.076666666666666;14.0;17.0;-3.0;14.0
11579;14.06;14.0;17.0;-3.0;14.0
11589;14.12;14.0;17.0;-3.0;14.0
11599;14.066666666666666;14.0;17.0;-3.0;14.0
11609;14.143333333333333;14.0;17.0;-3.0;14.0
11619;14.106666666666667;14.0;17.0;-3.0;14.0
11629;14.076666666666666;14.0;17.0;-3.0;14.0
11639;14.116666666666667;14.0;17.0;-3.0;14.0
11649;14.15;14.0;17.0;-3.0;14.0
11659;14.063333333333333;14.0;17.0;-3.0;14.0
11669;14.11;14.0;17.0;-3.0;14.0
11679;14.116666666666667;14.0;17.0;-3.0;14.0
11689;14.1;14.0;17.0;-3.0;14.0
11699;14.106666666666667;14.0;17.0;-3.0;14.0
11709;14.116666666666667;14.0;17.0;-3.0;14.0
11719;14.11;14.0;17.0;-3.0;14.0
11729;14.073333333333334;14.0;17.0;-3.0;14.0
11739;14.16;14.0;17.0;-3.0;14.0
11749;14.083333333333334;14.0;17.0;-3.0;14.0
11759;14.17;14.0;17.0;-3.0;14.0
11769;14.086666666666666;14.0;17.0;-3.0;14.0
11779;14.113333333333333;14.0;17.0;-3.0;14.0
11789;14.086666666666666;14.0;17.0;-3.0;14.0
11799;14.043333333333333;14.0;17.0;-3.0;14.0
11809;14.09;14.0;17.0;-3.0;14.0
11819;14.11;14.0;17.0;-3.0;14.0
11829;14.05;14.0;17.0;-3.0;14.0
11839;14.066666666666666;14.0;17.0;-3.0;14.0
11849;14.096666666666666;14.0;17.0;-3.0;14.0
11859;14.106666666666667;14.0;17.0;-3.0;14.0
11869;14.153333333333334;14.0;17.0;-3.0;14.0
11879;14.136666666666667;14.0;17.0;-3.0;14.0
11889;14.103333333333333;14.0;17.0;-3.0;14.0
11899;14.113333333333333;14.0;17.0;-3.0;14.0
11909;14.1;14.0;17.0;-3.0;14.0
11919;14.08;14.0;17.0;-3.0;14.0
11929;14.073333333333334;14.0;17.0;-3.0;14.0
11939;14.153333333333334;14.0;17.0;-3.0;14.0
11949;14.11;14.0;17.0;-3.0;14.0
11959;14.14;14.0;17.0;-3.0;14.0
11969;14.11;14.0;17.0;-3.0;14.0
11979;14.11;14.0;17.0;-3.0;14.0
11989;14.123333333333333;14.0;17.0;-3.0;14.0
11999;14.096666666666666;14.0;17.0;-3.0;14.0
12009;14.096666666666666;14.0;17.0;-3.0;14.0
12019;14.13;14.0;17.0;-3.0;14.0
12029;14.1;14.0;17.0;-3.0;14.0
12039;14.15;14.0;17.0;-3.0;14.0
12049;14.116666666666667;14.0;17.0;-3.0;14.0
12059;14.106666666666667;14.0;17.0;-3.0;14.0
12069;14.126666666666667;14.0;17.0;-3.0;14.0
12079;14.136666666666667;14.0;17.0;-3.0;14.0
12089;14.113333333333333;14.0;17.0;-3.0;14.0
12099;14.1;14.0;17.0;-3.0;14.0
12109;14.166666666666666;14.0;17.0;-3.0;14.0
12119;14.143333333333333;14.0;17.0;-3.0;14.0
12129;14.093333333333334;14.0;17.0;-3.0;14.0
12139;14.096666666666666;14.0;17.0;-3.0;14.0
12149;14.106666666666667;14.0;17.0;-3.0;14.0
12159;14.023333333333333;14.0;17.0;-3.0;14.0
12169;14.103333333333333;14.0;17.0;-3.0;14.0
12179;14.113333333333333;14.0;17.0;-3.0;14.0
12189;14.133333333333333;14.0;17.0;-3.0;14.0
12199;14.11;14.0;17.0;-3.0;14.0
12209;14.163333333333334;14.0;17.0;-3.0;14.0
12219;14.093333333333334;14.0;17.0;-3.0;14.0
12229;14.073333333333334;14.0;17.0;-3.0;14.0
12239;14.106666666666667;14.0;17.0;-3.0;14.0
12249;14.086666666666666;14.0;17.0;-3.0;14.0
12259;14.126666666666667;14.0;17.0;-3.0;14.0
12269;14.133333333333333;14.0;17.0;-3.0;14.0
12279;14.07;14.0;17.0;-3.0;14.0
12289;14.093333333333334;14.0;17.0;-3.0;14.0
12299;14.14;14.0;17.0;-3.0;14.0
12309;14.136666666666667;14.0;17.0;-3.0;14.0
12319;14.116666666666667;14.0;17.0;-3.0;14.0
12329;14.09;14.0;17.0;-3.0;14.0
12339;14.093333333333334;14.0;17.0;-3.0;14.0
12349;14.103333333333333;14.0;17.0;-3.0;14.0
12359;14.086666666666666;14.0;17.0;-3.0;14.0
12369;14.12;14.0;17.0;-3.0;14.0
12379;14.13;14.0;17.0;-3.0;14.0
12389;14.113333333333333;14.0;17.0;-3.0;14.0
12399;14.12;14.0;17.0;-3.0;14.0
12409;14.103333333333333;14.0;17.0;-3.0;14.0
12419;14.113333333333333;14.0;17.0;-3.0;14.0
12429;14.13;14.0;17.0;-3.0;14.0
12439;14.096666666666666;14.0;17.0;-3.0;14.0
12449;14.113333333333333;14.0;17.0;-3.0;14.0
12459;14.116666666666667;14.0;17.0;-3.0;14.0
12469;14.08;14.0;17.0;-3.0;14.0
12479;14.08;14.0;17.0;-3.0;14.0
12489;14.113333333333333;14.0;17.0;-3.0;14.0
12499;14.133333333333333;14.0;17.0;-3.0;14.0
12509;14.083333333333334;14.0;17.0;-3.0;14.0
12519;14.06;14.0;17.0;-3.0;14.0
12529;14.103333333333333;14.0;17.0;-3.0;14.0
12539;14.203333333333333;14.0;17.0;-3.0;14.0
12549;14.063333333333333;14.0;17.0;-3.0;14.0
12559;14.126666666666667;14.0;17.0;-3.0;14.0
12569;14.09;14.0;17.0;-3.0;14.0
12579;14.09;14.0;17.0;-3.0;14.0
12589;14.1;14.0;17.0;-3.0;14.0
12599;14.096666666666666;14.0;17.0;-3.0;14.0
12609;14.13;14.0;17.0;-3.0;14.0
12619;14.096666666666666;14.0;17.0;-3.0;14.0
12629;14.053333333333333;14.0;17.0;-3.0;14.0
12639;14.116666666666667;14.0;17.0;-3.0;14.0
12649;14.09;14.0;17.0;-3.0;14.0
12659;14.136666666666667;14.0;17.0;-3.0;14.0
12669;14.13;14.0;17.0;-3.0;14.0
12679;14.09;14.0;17.0;-3.0;14.0
12689;14.116666666666667;14.0;17.0;-3.0;14.0
12699;14.083333333333334;14.0;17.0;-3.0;14.0
12709;14.083333333333334;14.0;17.0;-3.0;14.0
12719;14.103333333333333;14.0;17.0;-3.0;14.0
12729;14.09;14.0;17.0;-3.0;14.0
12739;14.146666666666667;14.0;17.0;-3.0;14.0
12749;14.113333333333333;14.0;17.0;-3.0;14.0
12759;14.103333333333333;14.0;17.0;-3.0;14.0
12769;14.123333333333333;14.0;17.0;-3.0;14.0
12779;14.12;14.0;17.0;-3.0;14.0
12789;14.14;14.0;17.0;-3.0;14.0
12799;14.086666666666666;14.0;17.0;-3.0;14.0
12809;14.11;14.0;17.0;-3.0;14.0
12819;14.1;14.0;17.0;-3.0;14.0
12829;14.11;14.0;17.0;-3.0;14.0
12839;14.076666666666666;14.0;17.0;-3.0;14.0
12849;14.123333333333333;14.0;17.0;-3.0;14.0
12859;14.106666666666667;14.0;17.0;-3.0;14.0
12869;14.133333333333333;14.0;17.0;-3.0;14.0
12879;14.076666666666666;14.0;17.0;-3.0;14.0
12889;14.08;14.0;17.0;-3.0;14.0
12899;14.123333333333333;14.0;17.0;-3.0;14.0
12909;14.08;14.0;17.0;-3.0;14.0
12919;14.076666666666666;14.0;17.0;-3.0;14.0
12929;14.156666666666666;14.0;17.0;-3.0;14.0
12939;14.07;14.0;17.0;-3.0;14.0
12949;14.163333333333334;14.0;17.0;-3.0;14.0
12959;14.106666666666667;14.0;17.0;-3.0;14.0
12969;14.066666666666666;14.0;17.0;-3.0;14.0
12979;14.11;14.0;17.0;-3.0;14.0
12989;14.123333333333333;14.0;17.0;-3.0;14.0
12999;14.083333333333334;14.0;17.0;-3.0;14.0
13009;14.1;14.0;17.0;-3.0;14.0
13019;14.163333333333334;14.0;17.0;-3.0;14.0
13029;14.08;14.0;17.0;-3.0;14.0
13039;14.083333333333334;14.0;17.0;-3.0;14.0
13049;14.123333333333333;14.0;17.0;-3.0;14.0
13059;14.11;14.0;17.0;-3.0;14.0
13069;14.143333333333333;14.0;17.0;-3.0;14.0
13079;14.11;14.0;17.0;-3.0;14.0
13089;14.146666666666667;14.0;17.0;-3.0;14.0
13099;14.07;14.0;17.0;-3.0;14.0
13109;14.123333333333333;14.0;17.0;-3.0;14.0
13119;14.103333333333333;14.0;17.0;-3.0;14.0
13129;14.123333333333333;14.0;17.0;-3.0;14.0
13139;14.083333333333334;14.0;17.0;-3.0;14.0
13149;14.126666666666667;14.0;17.0;-3.0;14.0
13159;14.163333333333334;14.0;17.0;-3.0;14.0
13169;14.113333333333333;14.0;17.0;-3.0;14.0
13179;14.136666666666667;14.0;17.0;-3.0;14.0
13189;14.09;14.0;17.0;-3.0;14.0
13199;14.11;14.0;17.0;-3.0;14.0
13209;14.09;14.0;17.0;-3.0;14.0
13219;14.11;14.0;17.0;-3.0;14.0
13229;14.123333333333333;14.0;17.0;-3.0;14.0
13239;14.05;14.0;17.0;-3.0;14.0
13249;14.136666666666667;14.0;17.0;-3.0;14.0
13259;14.113333333333333;14.0;17.0;-3.0;14.0
13269;14.09;14.0;17.0;-3.0;14.0
13279;14.116666666666667;14.0;17.0;-3.0;14.0
13289;14.08;14.0;17.0;-3.0;14.0
13299;14.073333333333334;14.0;17.0;-3.0;14.0
13309;14.1;14.0;17.0;-3.0;14.0
13319;14.156666666666666;14.0;17.0;-3.0;14.0
13329;14.07;14.0;17.0;-3.0;14.0
13339;14.123333333333333;14.0;17.0;-3.0;14.0
13349;14.07;14.0;17.0;-3.0;14.0
13359;14.13;14.0;18.0;-4.0;14.0
13369;14.09;14.0;17.0;-3.0;14.0
13379;14.096666666666666;14.0;17.0;-3.0;14.0
13389;14.09;14.0;17.0;-3.0;14.0
13399;14.12;14.0;17.0;-3.0;14.0
13409;14.11;14.0;17.0;-3.0;14.0
13419;14.09;14.0;17.0;-3.0;14.0
13429;14.073333333333334;14.0;17.0;-3.0;14.0
13439;14.093333333333334;14.0;17.0;-3.0;14.0
13449;14.086666666666666;14.0;17.0;-3.0;14.0
13459;14.12;14.0;17.0;-3.0;14.0
13469;14.126666666666667;14.0;17.0;-3.0;14.0
13479;14.126666666666667;14.0;17.0;-3.0;14.0
13489;14.08;14.0;17.0;-3.0;14.0
13499;14.083333333333334;14.0;17.0;-3.0;14.0
13509;14.123333333333333;14.0;17.0;-3.0;14.0
13519;14.1;14.0;17.0;-3.0;14.0
13529;14.03;14.0;17.0;-3.0;14.0
13539;14.11;14.0;17.0;-3.0;14.0
13549;14.126666666666667;14.0;17.0;-3.0;14.0
13559;14.133333333333333;14.0;17.0;-3.0;14.0
13569;14.116666666666667;14.0;17.0;-3.0;14.0
13579;14.073333333333334;14.0;17.0;-3.0;14.0
13589;14.133333333333333;14.0;17.0;-3.0;14.0
13599;14.05;14.0;17.0;-3.0;14.0
13609;14.066666666666666;14.0;17.0;-3.0;14.0
13619;14.076666666666666;14.0;17.0;-3.0;14.0
13629;14.116666666666667;14.0;17.0;-3.0;14.0
13639;14.11;14.0;17.0;-3.0;14.0
13649;14.103333333333333;14.0;17.0;-3.0;14.0
13659;14.123333333333333;14.0;17.0;-3.0;14.0
13669;14.1;14.0;17.0;-3.0;14.0
13679;14.136666666666667;14.0;17.0;-3.0;14.0
13689;14.086666666666666;14.0;17.0;-3.0;14.0
13699;14.056666666666667;14.0;17.0;-3.0;14.0
13709;14.153333333333334;14.0;17.0;-3.0;14.0
13719;14.096666666666666;14.0;17.0;-3.0;14.0
13729;14.146666666666667;14.0;17.0;-3.0;14.0
13739;14.146666666666667;14.0;17.0;-3.0;14.0
13749;14.123333333333333;14.0;17.0;-3.0;14.0
13759;14.103333333333333;14.0;17.0;-3.0;14.0
13769;14.11;14.0;17.0;-3.0;14.0
13779;14.126666666666667;14.0;17.0;-3.0;14.0
13789;14.076666666666666;14.0;17.0;-3.0;14.0
13799;14.133333333333333;14.0;17.0;-3.0;14.0
13809;14.146666666666667;14.0;17.0;-3.0;14.0
13819;14.09;14.0;17.0;-3.0;14.0
13829;14.043333333333333;14.0;17.0;-3.0;14.0
13839;14.103333333333333;14.0;17.0;-3.0;14.0
13849;14.113333333333333;14.0;17.0;-3.0;14.0
13859;14.073333333333334;14.0;17.0;-3.0;14.0
13869;14.07;14.0;17.0;-3.0;14.0
13879;14.116666666666667;14.0;17.0;-3.0;14.0
13889;14.136666666666667;14.0;17.0;-3.0;14.0
13899;14.123333333333333;14.0;17.0;-3.0;14.0
13909;14.123333333333333;14.0;17.0;-3.0;14.0
13919;14.063333333333333;14.0;17.0;-3.0;14.0
13929;14.166666666666666;14.0;17.0;-3.0;14.0
13939;14.11;14.0;17.0;-3.0;14.0
13949;14.083333333333334;14.0;17.0;-3.0;14.0
13959;14.063333333333333;14.0;17.0;-3.0;14.0
13969;14.103333333333333;14.0;17.0;-3.0;14.0
13979;14.136666666666667;14.0;17.0;-3.0;14.0
13989;14.1;14.0;17.0;-3.0;14.0
13999;14.106666666666667;14.0;17.0;-3.0;14.0
14009;14.11;14.0;17.0;-3.0;14.0
14019;14.106666666666667;14.0;17.0;-3.0;14.0
14029;14.193333333333333;14.0;17.0;-3.0;14.0
14039;14.106666666666667;14.0;17.0;-3.0;14.0
14049;14.106666666666667;14.0;17.0;-3.0;14.0
14059;14.1;14.0;17.0;-3.0;14.0
14069;14.076666666666666;14.0;17.0;-3.0;14.0
14079;14.1;14.0;17.0;-3.0;14.0
14089;14.15;14.0;17.0;-3.0;14.0
14099;14.103333333333333;14.0;17.0;-3.0;14.0
14109;14.11;14.0;17.0;-3.0;14.0
14119;14.083333333333334;14.0;17.0;-3.0;14.0
14129;14.15;14.0;17.0;-3.0;14.0
14139;14.113333333333333;14.0;17.0;-3.0;14.0
14149;14.156666666666666;14.0;17.0;-3.0;14.0
14159;14.17;14.0;17.0;-3.0;14.0
14169;14.106666666666667;14.0;17.0;-3.0;14.0
14179;14.123333333333333;14.0;17.0;-3.0;14.0
14189;14.133333333333333;14.0;17.0;-3.0;14.0
14199;14.07;14.0;17.0;-3.0;14.0
14209;14.12;14.0;17.0;-3.0;14.0
14219;14.093333333333334;14.0;17.0;-3.0;14.0
14229;14.04;14.0;17.0;-3.0;14.0
14239;14.103333333333333;14.0;17.0;-3.0;14.0
14249;14.133333333333333;14.0;17.0;-3.0;14.0
14259;14.09;14.0;17.0;-3.0;14.0
14269;14.106666666666667;14.0;17.0;-3.0;14.0
14279;14.113333333333333;14.0;17.0;-3.0;14.0
14289;14.08;14.0;17.0;-3.0;14.0
14299;14.153333333333334;14.0;17.0;-3.0;14.0
14309;14.106666666666667;14.0;17.0;-3.0;14.0
14319;14.093333333333334;14.0;17.0;-3.0;14.0
14329;14.063333333333333;14.0;17.0;-3.0;14.0
14339;14.11;14.0;17.0;-3.0;14.0
14349;14.126666666666667;14.0;17.0;-3.0;14.0
14359;14.123333333333333;14.0;17.0;-3.0;14.0
14369;14.11;14.0;17.0;-3.0;14.0
14379;14.13;14.0;17.0;-3.0;14.0
14389;14.06;14.0;17.0;-3.0;14.0
14399;14.09;14.0;17.0;-3.0;14.0
14409;14.153333333333334;14.0;17.0;-3.0;14.0
14419;14.106666666666667;14.0;17.0;-3.0;14.0
14429;14.126666666666667;14.0;17.0;-3.0;14.0
14439;14.053333333333333;14.0;17.0;-3.0;14.0
14449;14.1;14.0;17.0;-3.0;14.0
14459;14.1;14.0;17.0;-3.0;14.0
14469;14.096666666666666;14.0;17.0;-3.0;14.0
14479;14.136666666666667;14.0;17.0;-3.0;14.0
14489;14.103333333333333;14.0;17.0;-3.0;14.0
14499;14.08;14.0;17.0;-3.0;14.0
14509;14.13;14.0;17.0;-3.0;14.0
14519;14.133333333333333;14.0;17.0;-3.0;14.0
14529;14.086666666666666;14.0;17.0;-3.0;14.0
14539;14.1;14.0;17.0;-3.0;14.0
14549;14.076666666666666;14.0;17.0;-3.0;14.0
14559;14.073333333333334;14.0;17.0;-3.0;14.0
14569;14.17;14.0;17.0;-3.0;14.0
14579;14.096666666666666;14.0;17.0;-3.0;14.0
14589;14.113333333333333;14.0;17.0;-3.0;14.0
14599;14.16;14.0;17.0;-3.0;14.0
14609;14.07;14.0;17.0;-3.0;14.0
14619;14.113333333333333;14.0;17.0;-3.0;14.0
14629;14.09;14.0;17.0;-3.0;14.0
14639;14.153333333333334;14.0;17.0;-3.0;14.0
14649;14.1;14.0;17.0;-3.0;14.0
14659;14.116666666666667;14.0;17.0;-3.0;14.0
14669;14.12;14.0;17.0;-3.0;14.0
14679;14.123333333333333;14.0;17.0;-3.0;14.0
14689;14.136666666666667;14.0;17.0;-3.0;14.0
14699;14.093333333333334;14.0;17.0;-3.0;14.0
14709;14.056666666666667;14.0;17.0;-3.0;14.0
14719;14.123333333333333;14.0;17.0;-3.0;14.0
14729;14.136666666666667;14.0;17.0;-3.0;14.0
14739;14.12;14.0;17.0;-3.0;14.0
14749;14.09;14.0;17.0;-3.0;14.0
14759;14.086666666666666;14.0;17.0;-3.0;14.0
14769;14.123333333333333;14.0;17.0;-3.0;14.0
14779;14.1;14.0;17.0;-3.0;14.0
14789;14.106666666666667;14.0;17.0;-3.0;14.0
14799;14.153333333333334;14.0;17.0;-3.0;14.0
14809;14.106666666666667;14.0;17.0;-3.0;14.0
14819;14.09;14.0;17.0;-3.0;14.0
14829;14.063333333333333;14.0;17.0;-3.0;14.0
14839;14.136666666666667;14.0;17.0;-3.0;14.0
14849;14.113333333333333;14.0;17.0;-3.0;14.0
14859;14.093333333333334;14.0;17.0;-3.0;14.0
14869;14.09;14.0;17.0;-3.0;14.0
14879;14.153333333333334;14.0;17.0;-3.0;14.0
14889;14.12;14.0;17.0;-3.0;14.0
14899;14.176666666666666;14.0;17.0;-3.0;14.0
14909;14.143333333333333;14.0;17.0;-3.0;14.0
14919;14.1;14.0;17.0;-3.0;14.0
14929;14.09;14.0;17.0;-3.0;14.0
14939;14.096666666666666;14.0;17.0;-3.0;14.0
14949;14.14;14.0;17.0;-3.0;14.0
14959;14.163333333333334;14.0;17.0;-3.0;14.0
14969;14.136666666666667;14.0;17.0;-3.0;14.0
14979;14.08;14.0;17.0;-3.0;14.0
14989;14.126666666666667;14.0;17.0;-3.0;14.0
14999;14.126666666666667;14.0;17.0;-3.0;14.0
