geracao;media da geracao;fitness do melhor da geracao;fitness do pior da geracao;relacao entre melhor e pior;fitness do melhor da run
Probabilidade Recombinação: 0.7
Probabilidade Mutação: 0.049999999999999996
Tipo de Selecção: Torneio
Tipo de Mutação: Troca de Genes
Tamanho População: 300
Máximo de Gerações: 15000
0;76.64;63.0;96.0;-33.0;63.0
0;69.18333333333334;58.0;83.0;-25.0;58.0
9;41.733333333333334;40.0;49.0;-9.0;40.0
19;34.03;32.0;41.0;-9.0;32.0
29;26.7;24.0;36.0;-12.0;24.0
39;20.05666666666667;19.0;29.0;-10.0;19.0
49;19.736666666666668;19.0;30.0;-11.0;19.0
59;19.956666666666667;19.0;29.0;-10.0;19.0
69;18.916666666666668;18.0;30.0;-12.0;18.0
79;17.76;17.0;23.0;-6.0;17.0
89;17.053333333333335;16.0;27.0;-11.0;16.0
99;14.763333333333334;14.0;23.0;-9.0;14.0
109;14.99;14.0;23.0;-9.0;14.0
119;15.076666666666666;14.0;25.0;-11.0;14.0
129;14.85;14.0;25.0;-11.0;14.0
139;15.25;14.0;24.0;-10.0;14.0
149;14.94;14.0;25.0;-11.0;14.0
159;15.116666666666667;14.0;25.0;-11.0;14.0
169;15.166666666666666;14.0;25.0;-11.0;14.0
179;15.223333333333333;14.0;25.0;-11.0;14.0
189;15.043333333333333;14.0;26.0;-12.0;14.0
199;14.946666666666667;14.0;23.0;-9.0;14.0
209;15.003333333333334;14.0;25.0;-11.0;14.0
219;15.073333333333334;14.0;25.0;-11.0;14.0
229;14.9;14.0;25.0;-11.0;14.0
239;14.946666666666667;14.0;25.0;-11.0;14.0
249;14.936666666666667;14.0;24.0;-10.0;14.0
259;15.12;14.0;23.0;-9.0;14.0
269;14.956666666666667;14.0;24.0;-10.0;14.0
279;14.986666666666666;14.0;25.0;-11.0;14.0
289;15.103333333333333;14.0;25.0;-11.0;14.0
299;14.956666666666667;14.0;23.0;-9.0;14.0
309;14.993333333333334;14.0;27.0;-13.0;14.0
319;14.92;14.0;24.0;-10.0;14.0
329;15.153333333333334;14.0;26.0;-12.0;14.0
339;14.963333333333333;14.0;24.0;-10.0;14.0
349;14.983333333333333;14.0;23.0;-9.0;14.0
359;14.906666666666666;14.0;25.0;-11.0;14.0
369;14.966666666666667;14.0;22.0;-8.0;14.0
379;15.0;14.0;23.0;-9.0;14.0
389;15.173333333333334;14.0;25.0;-11.0;14.0
399;14.99;14.0;26.0;-12.0;14.0
409;14.903333333333334;14.0;25.0;-11.0;14.0
419;15.04;14.0;25.0;-11.0;14.0
429;15.026666666666667;14.0;23.0;-9.0;14.0
439;15.06;14.0;25.0;-11.0;14.0
449;14.966666666666667;14.0;29.0;-15.0;14.0
459;15.01;14.0;25.0;-11.0;14.0
469;14.993333333333334;14.0;24.0;-10.0;14.0
479;14.913333333333334;14.0;25.0;-11.0;14.0
489;14.95;14.0;26.0;-12.0;14.0
499;15.083333333333334;14.0;29.0;-15.0;14.0
509;14.956666666666667;14.0;27.0;-13.0;14.0
519;14.866666666666667;14.0;23.0;-9.0;14.0
529;15.09;14.0;28.0;-14.0;14.0
539;15.03;14.0;23.0;-9.0;14.0
549;14.83;14.0;26.0;-12.0;14.0
559;14.863333333333333;14.0;23.0;-9.0;14.0
569;14.893333333333333;14.0;25.0;-11.0;14.0
579;15.186666666666667;14.0;25.0;-11.0;14.0
589;14.716666666666667;14.0;24.0;-10.0;14.0
599;14.82;14.0;30.0;-16.0;14.0
609;15.0;14.0;26.0;-12.0;14.0
619;15.18;14.0;26.0;-12.0;14.0
629;14.843333333333334;14.0;22.0;-8.0;14.0
639;14.973333333333333;14.0;24.0;-10.0;14.0
649;14.943333333333333;14.0;24.0;-10.0;14.0
659;14.906666666666666;14.0;22.0;-8.0;14.0
669;14.88;14.0;25.0;-11.0;14.0
679;14.973333333333333;14.0;23.0;-9.0;14.0
689;15.11;14.0;24.0;-10.0;14.0
699;14.81;14.0;20.0;-6.0;14.0
709;14.936666666666667;14.0;25.0;-11.0;14.0
719;15.04;14.0;25.0;-11.0;14.0
729;14.836666666666666;14.0;25.0;-11.0;14.0
739;14.846666666666666;14.0;25.0;-11.0;14.0
749;14.83;14.0;23.0;-9.0;14.0
759;14.836666666666666;14.0;25.0;-11.0;14.0
769;15.07;14.0;26.0;-12.0;14.0
779;15.006666666666666;14.0;25.0;-11.0;14.0
789;14.956666666666667;14.0;25.0;-11.0;14.0
799;14.92;14.0;26.0;-12.0;14.0
809;14.86;14.0;23.0;-9.0;14.0
819;15.18;14.0;24.0;-10.0;14.0
829;14.96;14.0;25.0;-11.0;14.0
839;14.993333333333334;14.0;24.0;-10.0;14.0
849;14.846666666666666;14.0;22.0;-8.0;14.0
859;14.98;14.0;26.0;-12.0;14.0
869;14.92;14.0;24.0;-10.0;14.0
879;15.07;14.0;28.0;-14.0;14.0
889;14.98;14.0;22.0;-8.0;14.0
899;14.856666666666667;14.0;24.0;-10.0;14.0
909;15.12;14.0;25.0;-11.0;14.0
919;15.126666666666667;14.0;28.0;-14.0;14.0
929;15.146666666666667;14.0;24.0;-10.0;14.0
939;15.016666666666667;14.0;25.0;-11.0;14.0
949;14.903333333333334;14.0;26.0;-12.0;14.0
959;15.036666666666667;14.0;26.0;-12.0;14.0
969;15.043333333333333;14.0;24.0;-10.0;14.0
979;14.8;14.0;27.0;-13.0;14.0
989;14.763333333333334;14.0;22.0;-8.0;14.0
999;14.9;14.0;24.0;-10.0;14.0
1009;15.026666666666667;14.0;25.0;-11.0;14.0
1019;15.09;14.0;24.0;-10.0;14.0
1029;14.863333333333333;14.0;26.0;-12.0;14.0
1039;15.076666666666666;14.0;25.0;-11.0;14.0
1049;14.726666666666667;14.0;22.0;-8.0;14.0
1059;14.9;14.0;22.0;-8.0;14.0
1069;14.943333333333333;14.0;25.0;-11.0;14.0
1079;14.976666666666667;14.0;25.0;-11.0;14.0
1089;14.953333333333333;14.0;20.0;-6.0;14.0
1099;14.913333333333334;14.0;23.0;-9.0;14.0
1109;15.14;14.0;24.0;-10.0;14.0
1119;14.933333333333334;14.0;25.0;-11.0;14.0
1129;15.083333333333334;14.0;24.0;-10.0;14.0
1139;14.983333333333333;14.0;23.0;-9.0;14.0
1149;14.76;14.0;23.0;-9.0;14.0
1159;14.916666666666666;14.0;22.0;-8.0;14.0
1169;14.976666666666667;14.0;27.0;-13.0;14.0
1179;14.913333333333334;14.0;22.0;-8.0;14.0
1189;15.01;14.0;26.0;-12.0;14.0
1199;15.0;14.0;25.0;-11.0;14.0
1209;14.966666666666667;14.0;24.0;-10.0;14.0
1219;14.923333333333334;14.0;26.0;-12.0;14.0
1229;14.856666666666667;14.0;25.0;-11.0;14.0
1239;14.836666666666666;14.0;21.0;-7.0;14.0
1249;14.956666666666667;14.0;24.0;-10.0;14.0
1259;14.96;14.0;25.0;-11.0;14.0
1269;15.043333333333333;14.0;24.0;-10.0;14.0
1279;15.153333333333334;14.0;25.0;-11.0;14.0
1289;14.73;14.0;24.0;-10.0;14.0
1299;14.903333333333334;14.0;25.0;-11.0;14.0
1309;15.15;14.0;24.0;-10.0;14.0
1319;14.883333333333333;14.0;26.0;-12.0;14.0
1329;15.123333333333333;14.0;25.0;-11.0;14.0
1339;14.793333333333333;14.0;26.0;-12.0;14.0
1349;14.78;14.0;26.0;-12.0;14.0
1359;14.926666666666666;14.0;24.0;-10.0;14.0
1369;15.116666666666667;14.0;25.0;-11.0;14.0
1379;14.94;14.0;25.0;-11.0;14.0
1389;15.14;14.0;26.0;-12.0;14.0
1399;14.97;14.0;25.0;-11.0;14.0
1409;15.0;14.0;26.0;-12.0;14.0
1419;14.786666666666667;14.0;24.0;-10.0;14.0
1429;15.053333333333333;14.0;23.0;-9.0;14.0
1439;15.076666666666666;14.0;23.0;-9.0;14.0
1449;14.996666666666666;14.0;25.0;-11.0;14.0
1459;14.873333333333333;14.0;25.0;-11.0;14.0
1469;14.97;14.0;22.0;-8.0;14.0
1479;14.983333333333333;14.0;25.0;-11.0;14.0
1489;14.893333333333333;14.0;24.0;-10.0;14.0
1499;15.046666666666667;14.0;25.0;-11.0;14.0
1509;14.943333333333333;14.0;25.0;-11.0;14.0
1519;15.086666666666666;14.0;30.0;-16.0;14.0
1529;14.93;14.0;26.0;-12.0;14.0
1539;15.003333333333334;14.0;29.0;-15.0;14.0
1549;14.766666666666667;14.0;24.0;-10.0;14.0
1559;15.236666666666666;14.0;24.0;-10.0;14.0
1569;14.91;14.0;24.0;-10.0;14.0
1579;14.956666666666667;14.0;23.0;-9.0;14.0
1589;14.756666666666666;14.0;22.0;-8.0;14.0
1599;14.94;14.0;25.0;-11.0;14.0
1609;14.876666666666667;14.0;25.0;-11.0;14.0
1619;15.056666666666667;14.0;26.0;-12.0;14.0
1629;14.93;14.0;23.0;-9.0;14.0
1639;14.843333333333334;14.0;25.0;-11.0;14.0
1649;14.81;14.0;25.0;-11.0;14.0
1659;14.896666666666667;14.0;25.0;-11.0;14.0
1669;14.863333333333333;14.0;23.0;-9.0;14.0
1679;14.876666666666667;14.0;24.0;-10.0;14.0
1689;15.013333333333334;14.0;24.0;-10.0;14.0
1699;15.04;14.0;25.0;-11.0;14.0
1709;14.853333333333333;14.0;24.0;-10.0;14.0
1719;14.816666666666666;14.0;27.0;-13.0;14.0
1729;14.94;14.0;24.0;-10.0;14.0
1739;14.913333333333334;14.0;23.0;-9.0;14.0
1749;14.723333333333333;14.0;24.0;-10.0;14.0
1759;14.86;14.0;25.0;-11.0;14.0
1769;14.926666666666666;14.0;26.0;-12.0;14.0
1779;15.09;14.0;29.0;-15.0;14.0
1789;15.06;14.0;29.0;-15.0;14.0
1799;15.063333333333333;14.0;25.0;-11.0;14.0
1809;14.943333333333333;14.0;24.0;-10.0;14.0
1819;15.05;14.0;31.0;-17.0;14.0
1829;14.853333333333333;14.0;24.0;-10.0;14.0
1839;15.09;14.0;25.0;-11.0;14.0
1849;15.11;14.0;25.0;-11.0;14.0
1859;14.933333333333334;14.0;22.0;-8.0;14.0
1869;14.936666666666667;14.0;24.0;-10.0;14.0
1879;14.91;14.0;25.0;-11.0;14.0
1889;15.003333333333334;14.0;25.0;-11.0;14.0
1899;14.94;14.0;26.0;-12.0;14.0
1909;15.05;14.0;25.0;-11.0;14.0
1919;14.823333333333334;14.0;24.0;-10.0;14.0
1929;15.023333333333333;14.0;25.0;-11.0;14.0
1939;15.086666666666666;14.0;31.0;-17.0;14.0
1949;15.056666666666667;14.0;25.0;-11.0;14.0
1959;14.91;14.0;26.0;-12.0;14.0
1969;15.05;14.0;24.0;-10.0;14.0
1979;14.83;13.0;26.0;-13.0;13.0
1989;11.88;11.0;23.0;-12.0;11.0
1999;10.96;10.0;22.0;-12.0;10.0
2009;10.836666666666666;10.0;22.0;-12.0;10.0
2019;11.026666666666667;10.0;22.0;-12.0;10.0
2029;11.09;10.0;25.0;-15.0;10.0
2039;11.18;10.0;21.0;-11.0;10.0
2049;10.806666666666667;10.0;25.0;-15.0;10.0
2059;10.853333333333333;10.0;22.0;-12.0;10.0
2069;10.933333333333334;10.0;22.0;-12.0;10.0
2079;10.98;10.0;22.0;-12.0;10.0
2089;10.986666666666666;10.0;22.0;-12.0;10.0
2099;10.853333333333333;10.0;21.0;-11.0;10.0
2109;10.836666666666666;10.0;21.0;-11.0;10.0
2119;10.86;10.0;21.0;-11.0;10.0
2129;11.12;10.0;26.0;-16.0;10.0
2139;11.24;10.0;24.0;-14.0;10.0
2149;10.846666666666666;10.0;22.0;-12.0;10.0
2159;11.12;10.0;21.0;-11.0;10.0
2169;11.12;10.0;21.0;-11.0;10.0
2179;11.07;10.0;20.0;-10.0;10.0
2189;11.166666666666666;10.0;22.0;-12.0;10.0
2199;10.913333333333334;10.0;22.0;-12.0;10.0
2209;11.106666666666667;10.0;21.0;-11.0;10.0
2219;10.913333333333334;10.0;21.0;-11.0;10.0
2229;11.236666666666666;10.0;25.0;-15.0;10.0
2239;11.18;10.0;23.0;-13.0;10.0
2249;11.293333333333333;10.0;24.0;-14.0;10.0
2259;11.033333333333333;10.0;22.0;-12.0;10.0
2269;10.926666666666666;10.0;20.0;-10.0;10.0
2279;11.113333333333333;10.0;22.0;-12.0;10.0
2289;10.95;10.0;21.0;-11.0;10.0
2299;10.98;10.0;22.0;-12.0;10.0
2309;11.003333333333334;10.0;22.0;-12.0;10.0
2319;10.746666666666666;10.0;21.0;-11.0;10.0
2329;11.153333333333334;10.0;25.0;-15.0;10.0
2339;10.893333333333333;10.0;22.0;-12.0;10.0
2349;10.896666666666667;10.0;19.0;-9.0;10.0
2359;11.006666666666666;10.0;22.0;-12.0;10.0
2369;10.716666666666667;10.0;22.0;-12.0;10.0
2379;10.916666666666666;10.0;21.0;-11.0;10.0
2389;11.24;10.0;22.0;-12.0;10.0
2399;11.2;10.0;22.0;-12.0;10.0
2409;11.076666666666666;10.0;22.0;-12.0;10.0
2419;10.943333333333333;10.0;18.0;-8.0;10.0
2429;11.006666666666666;10.0;21.0;-11.0;10.0
2439;10.896666666666667;10.0;22.0;-12.0;10.0
2449;11.056666666666667;10.0;22.0;-12.0;10.0
2459;10.97;10.0;21.0;-11.0;10.0
2469;11.173333333333334;10.0;21.0;-11.0;10.0
2479;10.973333333333333;10.0;23.0;-13.0;10.0
2489;11.046666666666667;10.0;25.0;-15.0;10.0
2499;10.99;10.0;20.0;-10.0;10.0
2509;11.003333333333334;10.0;24.0;-14.0;10.0
2519;11.1;10.0;24.0;-14.0;10.0
2529;11.08;10.0;22.0;-12.0;10.0
2539;11.02;10.0;22.0;-12.0;10.0
2549;10.863333333333333;10.0;21.0;-11.0;10.0
2559;11.246666666666666;10.0;21.0;-11.0;10.0
2569;10.803333333333333;10.0;22.0;-12.0;10.0
2579;10.763333333333334;10.0;17.0;-7.0;10.0
2589;10.786666666666667;10.0;20.0;-10.0;10.0
2599;10.876666666666667;10.0;20.0;-10.0;10.0
2609;11.09;10.0;22.0;-12.0;10.0
2619;10.99;10.0;22.0;-12.0;10.0
2629;10.92;10.0;22.0;-12.0;10.0
2639;10.893333333333333;10.0;21.0;-11.0;10.0
2649;11.086666666666666;10.0;26.0;-16.0;10.0
2659;10.99;10.0;20.0;-10.0;10.0
2669;11.186666666666667;10.0;20.0;-10.0;10.0
2679;11.066666666666666;10.0;23.0;-13.0;10.0
2689;10.95;10.0;20.0;-10.0;10.0
2699;10.86;10.0;21.0;-11.0;10.0
2709;10.99;10.0;20.0;-10.0;10.0
2719;11.03;10.0;22.0;-12.0;10.0
2729;11.09;10.0;20.0;-10.0;10.0
2739;11.22;10.0;21.0;-11.0;10.0
2749;11.0;10.0;22.0;-12.0;10.0
2759;11.153333333333334;10.0;21.0;-11.0;10.0
2769;11.06;10.0;22.0;-12.0;10.0
2779;11.156666666666666;10.0;21.0;-11.0;10.0
2789;11.08;10.0;21.0;-11.0;10.0
2799;10.946666666666667;10.0;21.0;-11.0;10.0
2809;10.953333333333333;10.0;22.0;-12.0;10.0
2819;10.89;10.0;23.0;-13.0;10.0
2829;10.866666666666667;10.0;20.0;-10.0;10.0
2839;10.84;10.0;23.0;-13.0;10.0
2849;10.91;10.0;25.0;-15.0;10.0
2859;10.83;10.0;21.0;-11.0;10.0
2869;10.966666666666667;10.0;20.0;-10.0;10.0
2879;11.14;10.0;28.0;-18.0;10.0
2889;10.976666666666667;10.0;22.0;-12.0;10.0
2899;11.353333333333333;10.0;22.0;-12.0;10.0
2909;10.916666666666666;10.0;20.0;-10.0;10.0
2919;11.04;10.0;21.0;-11.0;10.0
2929;10.93;10.0;21.0;-11.0;10.0
2939;10.96;10.0;20.0;-10.0;10.0
2949;10.98;10.0;21.0;-11.0;10.0
2959;11.053333333333333;10.0;22.0;-12.0;10.0
2969;10.96;10.0;22.0;-12.0;10.0
2979;10.966666666666667;10.0;21.0;-11.0;10.0
2989;10.843333333333334;10.0;22.0;-12.0;10.0
2999;11.056666666666667;10.0;21.0;-11.0;10.0
3009;11.113333333333333;10.0;22.0;-12.0;10.0
3019;10.89;10.0;21.0;-11.0;10.0
3029;11.046666666666667;10.0;22.0;-12.0;10.0
3039;10.873333333333333;10.0;20.0;-10.0;10.0
3049;11.193333333333333;10.0;22.0;-12.0;10.0
3059;10.916666666666666;10.0;20.0;-10.0;10.0
3069;11.073333333333334;10.0;21.0;-11.0;10.0
3079;10.976666666666667;10.0;22.0;-12.0;10.0
3089;10.886666666666667;10.0;22.0;-12.0;10.0
3099;11.053333333333333;10.0;20.0;-10.0;10.0
3109;10.866666666666667;10.0;20.0;-10.0;10.0
3119;10.976666666666667;10.0;20.0;-10.0;10.0
3129;11.023333333333333;10.0;20.0;-10.0;10.0
3139;11.01;10.0;22.0;-12.0;10.0
3149;10.87;10.0;25.0;-15.0;10.0
3159;10.893333333333333;10.0;21.0;-11.0;10.0
3169;11.12;10.0;25.0;-15.0;10.0
3179;11.053333333333333;10.0;20.0;-10.0;10.0
3189;10.886666666666667;10.0;22.0;-12.0;10.0
3199;10.956666666666667;10.0;22.0;-12.0;10.0
3209;11.216666666666667;10.0;22.0;-12.0;10.0
3219;11.063333333333333;10.0;22.0;-12.0;10.0
3229;11.166666666666666;10.0;22.0;-12.0;10.0
3239;10.986666666666666;10.0;22.0;-12.0;10.0
3249;10.953333333333333;10.0;20.0;-10.0;10.0
3259;11.076666666666666;10.0;22.0;-12.0;10.0
3269;11.136666666666667;10.0;22.0;-12.0;10.0
3279;11.08;10.0;21.0;-11.0;10.0
3289;10.8;10.0;21.0;-11.0;10.0
3299;11.246666666666666;10.0;22.0;-12.0;10.0
3309;11.116666666666667;10.0;24.0;-14.0;10.0
3319;11.11;10.0;24.0;-14.0;10.0
3329;10.923333333333334;10.0;21.0;-11.0;10.0
3339;11.246666666666666;10.0;23.0;-13.0;10.0
3349;11.103333333333333;10.0;21.0;-11.0;10.0
3359;10.953333333333333;10.0;22.0;-12.0;10.0
3369;11.123333333333333;10.0;20.0;-10.0;10.0
3379;11.12;10.0;21.0;-11.0;10.0
3389;11.393333333333333;10.0;21.0;-11.0;10.0
3399;11.08;10.0;20.0;-10.0;10.0
3409;11.14;10.0;21.0;-11.0;10.0
3419;11.18;10.0;22.0;-12.0;10.0
3429;10.8;10.0;20.0;-10.0;10.0
3439;11.05;10.0;21.0;-11.0;10.0
3449;11.093333333333334;10.0;20.0;-10.0;10.0
3459;11.046666666666667;10.0;19.0;-9.0;10.0
3469;11.183333333333334;10.0;22.0;-12.0;10.0
3479;10.87;10.0;17.0;-7.0;10.0
3489;11.02;10.0;22.0;-12.0;10.0
3499;11.093333333333334;10.0;21.0;-11.0;10.0
3509;10.936666666666667;10.0;21.0;-11.0;10.0
3519;11.03;10.0;21.0;-11.0;10.0
3529;10.92;10.0;19.0;-9.0;10.0
3539;10.866666666666667;10.0;23.0;-13.0;10.0
3549;10.903333333333334;10.0;22.0;-12.0;10.0
3559;10.986666666666666;10.0;20.0;-10.0;10.0
3569;10.976666666666667;10.0;21.0;-11.0;10.0
3579;11.176666666666666;10.0;21.0;-11.0;10.0
3589;10.92;10.0;27.0;-17.0;10.0
3599;10.993333333333334;10.0;25.0;-15.0;10.0
3609;10.99;10.0;21.0;-11.0;10.0
3619;11.06;10.0;26.0;-16.0;10.0
3629;11.033333333333333;10.0;19.0;-9.0;10.0
3639;11.136666666666667;10.0;21.0;-11.0;10.0
3649;10.84;10.0;22.0;-12.0;10.0
3659;11.18;10.0;22.0;-12.0;10.0
3669;11.036666666666667;10.0;22.0;-12.0;10.0
3679;11.14;10.0;22.0;-12.0;10.0
3689;10.836666666666666;10.0;21.0;-11.0;10.0
3699;10.993333333333334;10.0;21.0;-11.0;10.0
3709;11.136666666666667;10.0;24.0;-14.0;10.0
3719;10.946666666666667;10.0;22.0;-12.0;10.0
3729;11.296666666666667;10.0;22.0;-12.0;10.0
3739;10.863333333333333;10.0;16.0;-6.0;10.0
3749;10.96;10.0;20.0;-10.0;10.0
3759;10.973333333333333;10.0;21.0;-11.0;10.0
3769;11.04;10.0;22.0;-12.0;10.0
3779;11.24;10.0;21.0;-11.0;10.0
3789;11.166666666666666;10.0;21.0;-11.0;10.0
3799;11.136666666666667;10.0;21.0;-11.0;10.0
3809;11.013333333333334;10.0;22.0;-12.0;10.0
3819;10.93;10.0;20.0;-10.0;10.0
3829;11.023333333333333;10.0;20.0;-10.0;10.0
3839;11.153333333333334;10.0;20.0;-10.0;10.0
3849;11.04;10.0;21.0;-11.0;10.0
3859;11.11;10.0;26.0;-16.0;10.0
3869;11.01;10.0;21.0;-11.0;10.0
3879;10.993333333333334;10.0;21.0;-11.0;10.0
3889;11.373333333333333;10.0;21.0;-11.0;10.0
3899;10.97;10.0;22.0;-12.0;10.0
3909;11.1;10.0;23.0;-13.0;10.0
3919;10.813333333333333;10.0;21.0;-11.0;10.0
3929;11.036666666666667;10.0;22.0;-12.0;10.0
3939;10.883333333333333;10.0;20.0;-10.0;10.0
3949;11.143333333333333;10.0;20.0;-10.0;10.0
3959;11.156666666666666;10.0;20.0;-10.0;10.0
3969;11.09;10.0;22.0;-12.0;10.0
3979;11.176666666666666;10.0;18.0;-8.0;10.0
3989;10.88;10.0;25.0;-15.0;10.0
3999;11.02;10.0;22.0;-12.0;10.0
4009;10.763333333333334;10.0;21.0;-11.0;10.0
4019;10.95;10.0;18.0;-8.0;10.0
4029;10.96;10.0;21.0;-11.0;10.0
4039;11.09;10.0;22.0;-12.0;10.0
4049;11.25;10.0;22.0;-12.0;10.0
4059;11.123333333333333;10.0;26.0;-16.0;10.0
4069;10.903333333333334;10.0;20.0;-10.0;10.0
4079;10.93;10.0;21.0;-11.0;10.0
4089;11.16;10.0;23.0;-13.0;10.0
4099;10.97;10.0;21.0;-11.0;10.0
4109;10.91;10.0;22.0;-12.0;10.0
4119;11.076666666666666;10.0;21.0;-11.0;10.0
4129;10.76;10.0;20.0;-10.0;10.0
4139;11.053333333333333;10.0;22.0;-12.0;10.0
4149;11.153333333333334;10.0;19.0;-9.0;10.0
4159;10.76;10.0;22.0;-12.0;10.0
4169;11.07;10.0;22.0;-12.0;10.0
4179;11.016666666666667;10.0;21.0;-11.0;10.0
4189;11.046666666666667;10.0;22.0;-12.0;10.0
4199;11.173333333333334;10.0;20.0;-10.0;10.0
4209;11.11;10.0;20.0;-10.0;10.0
4219;10.943333333333333;10.0;20.0;-10.0;10.0
4229;11.12;10.0;22.0;-12.0;10.0
4239;10.843333333333334;10.0;16.0;-6.0;10.0
4249;11.156666666666666;10.0;22.0;-12.0;10.0
4259;11.25;10.0;21.0;-11.0;10.0
4269;10.943333333333333;10.0;19.0;-9.0;10.0
4279;10.7;10.0;16.0;-6.0;10.0
4289;10.96;10.0;22.0;-12.0;10.0
4299;11.146666666666667;10.0;22.0;-12.0;10.0
4309;10.91;10.0;23.0;-13.0;10.0
4319;11.076666666666666;10.0;21.0;-11.0;10.0
4329;10.73;10.0;18.0;-8.0;10.0
4339;10.973333333333333;10.0;24.0;-14.0;10.0
4349;11.03;10.0;20.0;-10.0;10.0
4359;10.866666666666667;10.0;21.0;-11.0;10.0
4369;11.303333333333333;10.0;27.0;-17.0;10.0
4379;11.033333333333333;10.0;22.0;-12.0;10.0
4389;10.966666666666667;10.0;20.0;-10.0;10.0
4399;10.926666666666666;10.0;22.0;-12.0;10.0
4409;11.036666666666667;10.0;22.0;-12.0;10.0
4419;10.943333333333333;10.0;22.0;-12.0;10.0
4429;11.27;10.0;21.0;-11.0;10.0
4439;10.833333333333334;10.0;25.0;-15.0;10.0
4449;11.06;10.0;22.0;-12.0;10.0
4459;11.06;10.0;22.0;-12.0;10.0
4469;10.94;10.0;22.0;-12.0;10.0
4479;11.146666666666667;10.0;23.0;-13.0;10.0
4489;11.12;10.0;19.0;-9.0;10.0
4499;10.803333333333333;10.0;21.0;-11.0;10.0
4509;11.08;10.0;22.0;-12.0;10.0
4519;10.88;10.0;21.0;-11.0;10.0
4529;11.043333333333333;10.0;21.0;-11.0;10.0
4539;11.276666666666667;10.0;21.0;-11.0;10.0
4549;11.156666666666666;10.0;21.0;-11.0;10.0
4559;11.17;10.0;22.0;-12.0;10.0
4569;11.25;10.0;22.0;-12.0;10.0
4579;10.886666666666667;10.0;24.0;-14.0;10.0
4589;10.99;10.0;23.0;-13.0;10.0
4599;10.886666666666667;10.0;22.0;-12.0;10.0
4609;11.053333333333333;10.0;17.0;-7.0;10.0
4619;11.123333333333333;10.0;24.0;-14.0;10.0
4629;11.04;10.0;21.0;-11.0;10.0
4639;11.256666666666666;10.0;21.0;-11.0;10.0
4649;11.006666666666666;10.0;21.0;-11.0;10.0
4659;11.023333333333333;10.0;20.0;-10.0;10.0
4669;10.733333333333333;10.0;21.0;-11.0;10.0
4679;10.833333333333334;10.0;22.0;-12.0;10.0
4689;11.07;10.0;22.0;-12.0;10.0
4699;11.023333333333333;10.0;21.0;-11.0;10.0
4709;11.213333333333333;10.0;21.0;-11.0;10.0
4719;11.096666666666666;10.0;21.0;-11.0;10.0
4729;11.15;10.0;22.0;-12.0;10.0
4739;11.096666666666666;10.0;22.0;-12.0;10.0
4749;11.096666666666666;10.0;21.0;-11.0;10.0
4759;11.143333333333333;10.0;22.0;-12.0;10.0
4769;11.15;10.0;22.0;-12.0;10.0
4779;10.93;10.0;22.0;-12.0;10.0
4789;10.873333333333333;10.0;21.0;-11.0;10.0
4799;11.056666666666667;10.0;22.0;-12.0;10.0
4809;10.766666666666667;10.0;24.0;-14.0;10.0
4819;11.303333333333333;10.0;25.0;-15.0;10.0
4829;10.93;10.0;22.0;-12.0;10.0
4839;11.11;10.0;22.0;-12.0;10.0
4849;11.053333333333333;10.0;18.0;-8.0;10.0
4859;11.266666666666667;10.0;22.0;-12.0;10.0
4869;11.07;10.0;22.0;-12.0;10.0
4879;11.153333333333334;10.0;22.0;-12.0;10.0
4889;10.976666666666667;10.0;22.0;-12.0;10.0
4899;10.92;10.0;20.0;-10.0;10.0
4909;10.95;10.0;21.0;-11.0;10.0
4919;10.953333333333333;10.0;20.0;-10.0;10.0
4929;11.223333333333333;10.0;21.0;-11.0;10.0
4939;11.063333333333333;10.0;21.0;-11.0;10.0
4949;10.923333333333334;10.0;21.0;-11.0;10.0
4959;10.873333333333333;10.0;21.0;-11.0;10.0
4969;10.956666666666667;10.0;20.0;-10.0;10.0
4979;11.043333333333333;10.0;21.0;-11.0;10.0
4989;11.083333333333334;10.0;21.0;-11.0;10.0
4999;11.266666666666667;10.0;21.0;-11.0;10.0
5009;11.006666666666666;10.0;21.0;-11.0;10.0
5019;11.02;10.0;21.0;-11.0;10.0
5029;10.956666666666667;10.0;27.0;-17.0;10.0
5039;11.076666666666666;10.0;22.0;-12.0;10.0
5049;11.046666666666667;10.0;24.0;-14.0;10.0
5059;10.8;10.0;21.0;-11.0;10.0
5069;11.123333333333333;10.0;21.0;-11.0;10.0
5079;10.976666666666667;10.0;22.0;-12.0;10.0
5089;11.053333333333333;10.0;27.0;-17.0;10.0
5099;11.013333333333334;10.0;21.0;-11.0;10.0
5109;10.78;10.0;20.0;-10.0;10.0
5119;11.14;10.0;25.0;-15.0;10.0
5129;10.946666666666667;10.0;20.0;-10.0;10.0
5139;11.18;10.0;22.0;-12.0;10.0
5149;10.836666666666666;10.0;21.0;-11.0;10.0
5159;10.98;10.0;25.0;-15.0;10.0
5169;11.37;10.0;22.0;-12.0;10.0
5179;11.123333333333333;10.0;23.0;-13.0;10.0
5189;10.933333333333334;10.0;20.0;-10.0;10.0
5199;11.03;10.0;20.0;-10.0;10.0
5209;10.83;10.0;20.0;-10.0;10.0
5219;11.0;10.0;26.0;-16.0;10.0
5229;11.073333333333334;10.0;22.0;-12.0;10.0
5239;11.003333333333334;10.0;20.0;-10.0;10.0
5249;11.103333333333333;10.0;21.0;-11.0;10.0
5259;10.893333333333333;10.0;18.0;-8.0;10.0
5269;10.903333333333334;10.0;22.0;-12.0;10.0
5279;11.206666666666667;10.0;22.0;-12.0;10.0
5289;11.046666666666667;10.0;22.0;-12.0;10.0
5299;11.046666666666667;10.0;22.0;-12.0;10.0
5309;11.143333333333333;10.0;20.0;-10.0;10.0
5319;10.88;10.0;21.0;-11.0;10.0
5329;10.953333333333333;10.0;22.0;-12.0;10.0
5339;10.986666666666666;10.0;17.0;-7.0;10.0
5349;10.966666666666667;10.0;21.0;-11.0;10.0
5359;11.0;10.0;21.0;-11.0;10.0
5369;11.17;10.0;21.0;-11.0;10.0
5379;11.1;10.0;22.0;-12.0;10.0
5389;10.973333333333333;10.0;27.0;-17.0;10.0
5399;10.973333333333333;10.0;21.0;-11.0;10.0
5409;10.953333333333333;10.0;18.0;-8.0;10.0
5419;11.01;10.0;22.0;-12.0;10.0
5429;10.67;10.0;20.0;-10.0;10.0
5439;11.05;10.0;21.0;-11.0;10.0
5449;11.08;10.0;22.0;-12.0;10.0
5459;10.94;10.0;22.0;-12.0;10.0
5469;10.87;10.0;22.0;-12.0;10.0
5479;10.98;10.0;20.0;-10.0;10.0
5489;11.086666666666666;10.0;22.0;-12.0;10.0
5499;10.826666666666666;10.0;22.0;-12.0;10.0
5509;10.85;10.0;21.0;-11.0;10.0
5519;10.98;10.0;22.0;-12.0;10.0
5529;10.84;10.0;21.0;-11.0;10.0
5539;10.89;10.0;21.0;-11.0;10.0
5549;10.966666666666667;10.0;26.0;-16.0;10.0
5559;11.263333333333334;10.0;22.0;-12.0;10.0
5569;11.066666666666666;10.0;22.0;-12.0;10.0
5579;11.263333333333334;10.0;20.0;-10.0;10.0
5589;10.816666666666666;10.0;22.0;-12.0;10.0
5599;11.006666666666666;10.0;22.0;-12.0;10.0
5609;10.913333333333334;10.0;21.0;-11.0;10.0
5619;10.96;10.0;21.0;-11.0;10.0
5629;10.93;10.0;20.0;-10.0;10.0
5639;11.03;10.0;21.0;-11.0;10.0
5649;11.05;10.0;23.0;-13.0;10.0
5659;11.066666666666666;10.0;22.0;-12.0;10.0
5669;11.003333333333334;10.0;21.0;-11.0;10.0
5679;10.946666666666667;10.0;22.0;-12.0;10.0
5689;11.066666666666666;10.0;22.0;-12.0;10.0
5699;11.023333333333333;10.0;22.0;-12.0;10.0
5709;10.873333333333333;10.0;19.0;-9.0;10.0
5719;11.02;10.0;21.0;-11.0;10.0
5729;11.196666666666667;10.0;25.0;-15.0;10.0
5739;11.106666666666667;10.0;21.0;-11.0;10.0
5749;11.083333333333334;10.0;23.0;-13.0;10.0
5759;11.2;10.0;27.0;-17.0;10.0
5769;10.96;10.0;22.0;-12.0;10.0
5779;11.193333333333333;10.0;22.0;-12.0;10.0
5789;11.053333333333333;10.0;22.0;-12.0;10.0
5799;10.826666666666666;10.0;21.0;-11.0;10.0
5809;11.17;10.0;22.0;-12.0;10.0
5819;10.963333333333333;10.0;21.0;-11.0;10.0
5829;11.016666666666667;10.0;22.0;-12.0;10.0
5839;11.006666666666666;10.0;21.0;-11.0;10.0
5849;11.06;10.0;22.0;-12.0;10.0
5859;11.01;10.0;22.0;-12.0;10.0
5869;11.066666666666666;10.0;22.0;-12.0;10.0
5879;10.676666666666666;10.0;18.0;-8.0;10.0
5889;11.176666666666666;10.0;22.0;-12.0;10.0
5899;10.793333333333333;10.0;16.0;-6.0;10.0
5909;10.996666666666666;10.0;22.0;-12.0;10.0
5919;11.08;10.0;21.0;-11.0;10.0
5929;10.913333333333334;10.0;22.0;-12.0;10.0
5939;10.793333333333333;10.0;21.0;-11.0;10.0
5949;10.796666666666667;10.0;18.0;-8.0;10.0
5959;11.233333333333333;10.0;20.0;-10.0;10.0
5969;11.143333333333333;10.0;22.0;-12.0;10.0
5979;11.086666666666666;10.0;21.0;-11.0;10.0
5989;11.073333333333334;10.0;22.0;-12.0;10.0
5999;11.07;10.0;22.0;-12.0;10.0
6009;11.046666666666667;10.0;20.0;-10.0;10.0
6019;11.01;10.0;19.0;-9.0;10.0
6029;11.006666666666666;10.0;21.0;-11.0;10.0
6039;11.133333333333333;10.0;21.0;-11.0;10.0
6049;11.273333333333333;10.0;26.0;-16.0;10.0
6059;10.926666666666666;10.0;21.0;-11.0;10.0
6069;10.956666666666667;10.0;22.0;-12.0;10.0
6079;10.983333333333333;10.0;22.0;-12.0;10.0
6089;11.14;10.0;21.0;-11.0;10.0
6099;11.06;10.0;21.0;-11.0;10.0
6109;11.033333333333333;10.0;21.0;-11.0;10.0
6119;10.99;10.0;22.0;-12.0;10.0
6129;11.2;10.0;22.0;-12.0;10.0
6139;11.053333333333333;10.0;20.0;-10.0;10.0
6149;11.046666666666667;10.0;22.0;-12.0;10.0
6159;11.093333333333334;10.0;21.0;-11.0;10.0
6169;10.926666666666666;10.0;22.0;-12.0;10.0
6179;10.933333333333334;10.0;22.0;-12.0;10.0
6189;11.266666666666667;10.0;21.0;-11.0;10.0
6199;11.06;10.0;21.0;-11.0;10.0
6209;11.066666666666666;10.0;24.0;-14.0;10.0
6219;11.123333333333333;10.0;19.0;-9.0;10.0
6229;11.11;10.0;22.0;-12.0;10.0
6239;11.19;10.0;20.0;-10.0;10.0
6249;11.083333333333334;10.0;22.0;-12.0;10.0
6259;11.07;10.0;22.0;-12.0;10.0
6269;11.06;10.0;22.0;-12.0;10.0
6279;10.796666666666667;10.0;20.0;-10.0;10.0
6289;10.89;10.0;22.0;-12.0;10.0
6299;11.176666666666666;10.0;25.0;-15.0;10.0
6309;11.346666666666666;10.0;23.0;-13.0;10.0
6319;10.863333333333333;10.0;21.0;-11.0;10.0
6329;10.96;10.0;22.0;-12.0;10.0
6339;11.03;10.0;20.0;-10.0;10.0
6349;10.966666666666667;10.0;22.0;-12.0;10.0
6359;11.166666666666666;10.0;20.0;-10.0;10.0
6369;10.913333333333334;10.0;21.0;-11.0;10.0
6379;11.053333333333333;10.0;21.0;-11.0;10.0
6389;11.246666666666666;10.0;24.0;-14.0;10.0
6399;10.866666666666667;10.0;22.0;-12.0;10.0
6409;11.013333333333334;10.0;20.0;-10.0;10.0
6419;11.133333333333333;10.0;21.0;-11.0;10.0
6429;11.026666666666667;10.0;20.0;-10.0;10.0
6439;11.263333333333334;10.0;22.0;-12.0;10.0
6449;11.05;10.0;22.0;-12.0;10.0
6459;11.153333333333334;10.0;22.0;-12.0;10.0
6469;11.153333333333334;10.0;22.0;-12.0;10.0
6479;10.99;10.0;22.0;-12.0;10.0
6489;10.983333333333333;10.0;22.0;-12.0;10.0
6499;10.943333333333333;10.0;21.0;-11.0;10.0
6509;10.94;10.0;19.0;-9.0;10.0
6519;11.006666666666666;10.0;21.0;-11.0;10.0
6529;11.01;10.0;22.0;-12.0;10.0
6539;10.926666666666666;10.0;21.0;-11.0;10.0
6549;11.106666666666667;10.0;25.0;-15.0;10.0
6559;11.003333333333334;10.0;20.0;-10.0;10.0
6569;11.09;10.0;22.0;-12.0;10.0
6579;11.113333333333333;10.0;22.0;-12.0;10.0
6589;11.086666666666666;10.0;21.0;-11.0;10.0
6599;10.943333333333333;10.0;22.0;-12.0;10.0
6609;10.91;10.0;26.0;-16.0;10.0
6619;11.036666666666667;10.0;20.0;-10.0;10.0
6629;11.246666666666666;10.0;20.0;-10.0;10.0
6639;10.77;10.0;22.0;-12.0;10.0
6649;11.013333333333334;10.0;22.0;-12.0;10.0
6659;11.023333333333333;10.0;22.0;-12.0;10.0
6669;11.036666666666667;10.0;20.0;-10.0;10.0
6679;10.97;10.0;21.0;-11.0;10.0
6689;11.026666666666667;10.0;21.0;-11.0;10.0
6699;10.883333333333333;10.0;20.0;-10.0;10.0
6709;11.116666666666667;10.0;26.0;-16.0;10.0
6719;11.063333333333333;10.0;21.0;-11.0;10.0
6729;11.0;10.0;22.0;-12.0;10.0
6739;10.766666666666667;10.0;22.0;-12.0;10.0
6749;11.06;10.0;21.0;-11.0;10.0
6759;11.15;10.0;22.0;-12.0;10.0
6769;11.133333333333333;10.0;22.0;-12.0;10.0
6779;11.02;10.0;23.0;-13.0;10.0
6789;10.953333333333333;10.0;21.0;-11.0;10.0
6799;10.976666666666667;10.0;21.0;-11.0;10.0
6809;10.89;10.0;21.0;-11.0;10.0
6819;11.036666666666667;10.0;21.0;-11.0;10.0
6829;10.923333333333334;10.0;22.0;-12.0;10.0
6839;10.883333333333333;10.0;21.0;-11.0;10.0
6849;11.04;10.0;17.0;-7.0;10.0
6859;11.226666666666667;10.0;22.0;-12.0;10.0
6869;10.903333333333334;10.0;19.0;-9.0;10.0
6879;11.356666666666667;10.0;21.0;-11.0;10.0
6889;11.026666666666667;10.0;21.0;-11.0;10.0
6899;11.086666666666666;10.0;21.0;-11.0;10.0
6909;11.013333333333334;10.0;20.0;-10.0;10.0
6919;10.78;10.0;22.0;-12.0;10.0
6929;10.806666666666667;10.0;21.0;-11.0;10.0
6939;11.053333333333333;10.0;21.0;-11.0;10.0
6949;11.093333333333334;10.0;22.0;-12.0;10.0
6959;11.163333333333334;10.0;22.0;-12.0;10.0
6969;10.95;10.0;22.0;-12.0;10.0
6979;11.003333333333334;10.0;22.0;-12.0;10.0
6989;11.163333333333334;10.0;21.0;-11.0;10.0
6999;10.983333333333333;10.0;22.0;-12.0;10.0
7009;11.206666666666667;10.0;20.0;-10.0;10.0
7019;10.96;10.0;21.0;-11.0;10.0
7029;11.013333333333334;10.0;19.0;-9.0;10.0
7039;10.843333333333334;10.0;19.0;-9.0;10.0
7049;11.053333333333333;10.0;20.0;-10.0;10.0
7059;11.38;10.0;22.0;-12.0;10.0
7069;10.976666666666667;10.0;22.0;-12.0;10.0
7079;10.973333333333333;10.0;22.0;-12.0;10.0
7089;11.226666666666667;10.0;21.0;-11.0;10.0
7099;10.933333333333334;10.0;20.0;-10.0;10.0
7109;10.84;10.0;21.0;-11.0;10.0
7119;11.31;10.0;22.0;-12.0;10.0
7129;10.93;10.0;20.0;-10.0;10.0
7139;11.08;10.0;21.0;-11.0;10.0
7149;11.01;10.0;21.0;-11.0;10.0
7159;11.006666666666666;10.0;20.0;-10.0;10.0
7169;10.956666666666667;10.0;21.0;-11.0;10.0
7179;10.92;10.0;22.0;-12.0;10.0
7189;11.09;10.0;21.0;-11.0;10.0
7199;11.043333333333333;10.0;22.0;-12.0;10.0
7209;11.05;10.0;21.0;-11.0;10.0
7219;11.08;10.0;21.0;-11.0;10.0
7229;10.936666666666667;10.0;21.0;-11.0;10.0
7239;10.893333333333333;10.0;25.0;-15.0;10.0
7249;11.196666666666667;10.0;26.0;-16.0;10.0
7259;11.36;10.0;22.0;-12.0;10.0
7269;11.03;10.0;21.0;-11.0;10.0
7279;11.113333333333333;10.0;22.0;-12.0;10.0
7289;11.173333333333334;10.0;24.0;-14.0;10.0
7299;10.97;10.0;24.0;-14.0;10.0
7309;11.343333333333334;10.0;26.0;-16.0;10.0
7319;11.07;10.0;21.0;-11.0;10.0
7329;11.196666666666667;10.0;24.0;-14.0;10.0
7339;11.053333333333333;10.0;21.0;-11.0;10.0
7349;11.186666666666667;10.0;22.0;-12.0;10.0
7359;11.213333333333333;10.0;21.0;-11.0;10.0
7369;11.083333333333334;10.0;22.0;-12.0;10.0
7379;11.153333333333334;10.0;22.0;-12.0;10.0
7389;11.023333333333333;10.0;20.0;-10.0;10.0
7399;11.003333333333334;10.0;21.0;-11.0;10.0
7409;11.136666666666667;10.0;22.0;-12.0;10.0
7419;11.01;10.0;22.0;-12.0;10.0
7429;11.0;10.0;22.0;-12.0;10.0
7439;11.066666666666666;10.0;27.0;-17.0;10.0
7449;11.22;10.0;21.0;-11.0;10.0
7459;11.12;10.0;22.0;-12.0;10.0
7469;11.203333333333333;10.0;22.0;-12.0;10.0
7479;10.96;10.0;22.0;-12.0;10.0
7489;11.046666666666667;10.0;22.0;-12.0;10.0
7499;10.896666666666667;10.0;22.0;-12.0;10.0
7509;10.953333333333333;10.0;21.0;-11.0;10.0
7519;10.993333333333334;10.0;21.0;-11.0;10.0
7529;10.963333333333333;10.0;23.0;-13.0;10.0
7539;11.02;10.0;22.0;-12.0;10.0
7549;11.176666666666666;10.0;22.0;-12.0;10.0
7559;11.06;10.0;25.0;-15.0;10.0
7569;11.176666666666666;10.0;22.0;-12.0;10.0
7579;10.89;10.0;21.0;-11.0;10.0
7589;10.953333333333333;10.0;21.0;-11.0;10.0
7599;11.186666666666667;10.0;22.0;-12.0;10.0
7609;11.13;10.0;22.0;-12.0;10.0
7619;11.216666666666667;10.0;21.0;-11.0;10.0
7629;10.87;10.0;22.0;-12.0;10.0
7639;10.973333333333333;10.0;22.0;-12.0;10.0
7649;11.033333333333333;10.0;22.0;-12.0;10.0
7659;11.046666666666667;10.0;22.0;-12.0;10.0
7669;11.183333333333334;10.0;24.0;-14.0;10.0
7679;10.813333333333333;10.0;22.0;-12.0;10.0
7689;10.953333333333333;10.0;19.0;-9.0;10.0
7699;10.81;10.0;22.0;-12.0;10.0
7709;11.0;10.0;22.0;-12.0;10.0
7719;10.95;10.0;25.0;-15.0;10.0
7729;11.103333333333333;10.0;21.0;-11.0;10.0
7739;11.016666666666667;10.0;22.0;-12.0;10.0
7749;11.033333333333333;10.0;22.0;-12.0;10.0
7759;11.263333333333334;10.0;22.0;-12.0;10.0
7769;10.926666666666666;10.0;20.0;-10.0;10.0
7779;11.083333333333334;10.0;21.0;-11.0;10.0
7789;11.033333333333333;10.0;22.0;-12.0;10.0
7799;11.03;10.0;21.0;-11.0;10.0
7809;11.276666666666667;10.0;21.0;-11.0;10.0
7819;10.896666666666667;10.0;21.0;-11.0;10.0
7829;11.186666666666667;10.0;28.0;-18.0;10.0
7839;11.12;10.0;26.0;-16.0;10.0
7849;10.783333333333333;10.0;22.0;-12.0;10.0
7859;10.996666666666666;10.0;25.0;-15.0;10.0
7869;11.076666666666666;10.0;21.0;-11.0;10.0
7879;11.106666666666667;10.0;23.0;-13.0;10.0
7889;10.963333333333333;10.0;19.0;-9.0;10.0
7899;11.123333333333333;10.0;22.0;-12.0;10.0
7909;11.393333333333333;10.0;21.0;-11.0;10.0
7919;10.916666666666666;10.0;20.0;-10.0;10.0
7929;10.82;10.0;19.0;-9.0;10.0
7939;10.836666666666666;10.0;18.0;-8.0;10.0
7949;11.12;10.0;22.0;-12.0;10.0
7959;11.076666666666666;10.0;21.0;-11.0;10.0
7969;10.913333333333334;10.0;20.0;-10.0;10.0
7979;11.113333333333333;10.0;20.0;-10.0;10.0
7989;11.116666666666667;10.0;20.0;-10.0;10.0
7999;10.923333333333334;10.0;21.0;-11.0;10.0
8009;11.206666666666667;10.0;22.0;-12.0;10.0
8019;10.92;10.0;21.0;-11.0;10.0
8029;11.063333333333333;10.0;18.0;-8.0;10.0
8039;11.06;10.0;28.0;-18.0;10.0
8049;11.04;10.0;21.0;-11.0;10.0
8059;11.11;10.0;19.0;-9.0;10.0
8069;10.943333333333333;10.0;19.0;-9.0;10.0
8079;10.986666666666666;10.0;21.0;-11.0;10.0
8089;11.256666666666666;10.0;22.0;-12.0;10.0
8099;10.956666666666667;10.0;22.0;-12.0;10.0
8109;10.86;10.0;18.0;-8.0;10.0
8119;11.256666666666666;10.0;24.0;-14.0;10.0
8129;11.133333333333333;10.0;32.0;-22.0;10.0
8139;10.986666666666666;10.0;22.0;-12.0;10.0
8149;10.916666666666666;10.0;20.0;-10.0;10.0
8159;10.906666666666666;10.0;21.0;-11.0;10.0
8169;11.036666666666667;10.0;22.0;-12.0;10.0
8179;10.85;10.0;19.0;-9.0;10.0
8189;11.213333333333333;10.0;21.0;-11.0;10.0
8199;10.993333333333334;10.0;22.0;-12.0;10.0
8209;11.136666666666667;10.0;22.0;-12.0;10.0
8219;10.93;10.0;20.0;-10.0;10.0
8229;11.033333333333333;10.0;21.0;-11.0;10.0
8239;11.113333333333333;10.0;20.0;-10.0;10.0
8249;10.873333333333333;10.0;21.0;-11.0;10.0
8259;11.033333333333333;10.0;22.0;-12.0;10.0
8269;11.156666666666666;10.0;22.0;-12.0;10.0
8279;11.24;10.0;22.0;-12.0;10.0
8289;11.09;10.0;22.0;-12.0;10.0
8299;10.973333333333333;10.0;22.0;-12.0;10.0
8309;10.976666666666667;10.0;21.0;-11.0;10.0
8319;10.97;10.0;19.0;-9.0;10.0
8329;10.933333333333334;10.0;21.0;-11.0;10.0
8339;10.966666666666667;10.0;30.0;-20.0;10.0
8349;11.016666666666667;10.0;21.0;-11.0;10.0
8359;10.826666666666666;10.0;21.0;-11.0;10.0
8369;11.113333333333333;10.0;22.0;-12.0;10.0
8379;11.23;10.0;22.0;-12.0;10.0
8389;10.976666666666667;10.0;24.0;-14.0;10.0
8399;10.69;10.0;20.0;-10.0;10.0
8409;10.96;10.0;22.0;-12.0;10.0
8419;11.14;10.0;22.0;-12.0;10.0
8429;11.036666666666667;10.0;20.0;-10.0;10.0
8439;11.15;10.0;22.0;-12.0;10.0
8449;10.95;10.0;22.0;-12.0;10.0
8459;10.973333333333333;10.0;23.0;-13.0;10.0
8469;11.103333333333333;10.0;22.0;-12.0;10.0
8479;11.036666666666667;10.0;22.0;-12.0;10.0
8489;11.05;10.0;22.0;-12.0;10.0
8499;10.763333333333334;10.0;16.0;-6.0;10.0
8509;11.193333333333333;10.0;22.0;-12.0;10.0
8519;10.943333333333333;10.0;19.0;-9.0;10.0
8529;11.113333333333333;10.0;21.0;-11.0;10.0
8539;11.146666666666667;10.0;22.0;-12.0;10.0
8549;10.916666666666666;10.0;22.0;-12.0;10.0
8559;10.753333333333334;10.0;18.0;-8.0;10.0
8569;10.93;10.0;22.0;-12.0;10.0
8579;11.156666666666666;10.0;20.0;-10.0;10.0
8589;10.866666666666667;10.0;21.0;-11.0;10.0
8599;10.916666666666666;10.0;20.0;-10.0;10.0
8609;11.1;10.0;22.0;-12.0;10.0
8619;11.063333333333333;10.0;21.0;-11.0;10.0
8629;11.306666666666667;10.0;21.0;-11.0;10.0
8639;11.193333333333333;10.0;22.0;-12.0;10.0
8649;11.05;10.0;20.0;-10.0;10.0
8659;11.19;10.0;22.0;-12.0;10.0
8669;11.09;10.0;21.0;-11.0;10.0
8679;11.29;10.0;23.0;-13.0;10.0
8689;10.96;10.0;22.0;-12.0;10.0
8699;10.953333333333333;10.0;22.0;-12.0;10.0
8709;11.073333333333334;10.0;21.0;-11.0;10.0
8719;10.93;10.0;21.0;-11.0;10.0
8729;11.03;10.0;22.0;-12.0;10.0
8739;10.826666666666666;10.0;21.0;-11.0;10.0
8749;10.926666666666666;10.0;20.0;-10.0;10.0
8759;11.376666666666667;10.0;22.0;-12.0;10.0
8769;10.976666666666667;10.0;22.0;-12.0;10.0
8779;10.953333333333333;10.0;21.0;-11.0;10.0
8789;10.973333333333333;10.0;21.0;-11.0;10.0
8799;11.15;10.0;20.0;-10.0;10.0
8809;10.943333333333333;10.0;22.0;-12.0;10.0
8819;11.08;10.0;25.0;-15.0;10.0
8829;11.08;10.0;22.0;-12.0;10.0
8839;10.773333333333333;10.0;21.0;-11.0;10.0
8849;11.13;10.0;22.0;-12.0;10.0
8859;11.25;10.0;22.0;-12.0;10.0
8869;11.06;10.0;22.0;-12.0;10.0
8879;11.143333333333333;10.0;21.0;-11.0;10.0
8889;10.886666666666667;10.0;19.0;-9.0;10.0
8899;10.966666666666667;10.0;24.0;-14.0;10.0
8909;11.056666666666667;10.0;20.0;-10.0;10.0
8919;11.14;10.0;21.0;-11.0;10.0
8929;10.963333333333333;10.0;20.0;-10.0;10.0
8939;10.833333333333334;10.0;22.0;-12.0;10.0
8949;11.123333333333333;10.0;20.0;-10.0;10.0
8959;10.936666666666667;10.0;21.0;-11.0;10.0
8969;11.04;10.0;20.0;-10.0;10.0
8979;11.046666666666667;10.0;22.0;-12.0;10.0
8989;11.206666666666667;10.0;21.0;-11.0;10.0
8999;11.173333333333334;10.0;26.0;-16.0;10.0
9009;11.06;10.0;22.0;-12.0;10.0
9019;11.166666666666666;10.0;23.0;-13.0;10.0
9029;10.873333333333333;10.0;22.0;-12.0;10.0
9039;11.186666666666667;10.0;24.0;-14.0;10.0
9049;10.893333333333333;10.0;18.0;-8.0;10.0
9059;10.893333333333333;10.0;20.0;-10.0;10.0
9069;11.103333333333333;10.0;21.0;-11.0;10.0
9079;11.156666666666666;10.0;22.0;-12.0;10.0
9089;11.016666666666667;10.0;22.0;-12.0;10.0
9099;11.07;10.0;22.0;-12.0;10.0
9109;11.003333333333334;10.0;26.0;-16.0;10.0
9119;11.26;10.0;21.0;-11.0;10.0
9129;10.966666666666667;10.0;20.0;-10.0;10.0
9139;11.213333333333333;10.0;21.0;-11.0;10.0
9149;11.25;10.0;23.0;-13.0;10.0
9159;10.896666666666667;10.0;22.0;-12.0;10.0
9169;11.053333333333333;10.0;20.0;-10.0;10.0
9179;10.906666666666666;10.0;25.0;-15.0;10.0
9189;10.936666666666667;10.0;20.0;-10.0;10.0
9199;11.173333333333334;10.0;21.0;-11.0;10.0
9209;11.013333333333334;10.0;21.0;-11.0;10.0
9219;11.006666666666666;10.0;21.0;-11.0;10.0
9229;11.026666666666667;10.0;21.0;-11.0;10.0
9239;11.1;10.0;21.0;-11.0;10.0
9249;10.963333333333333;10.0;20.0;-10.0;10.0
9259;10.873333333333333;10.0;22.0;-12.0;10.0
9269;11.033333333333333;10.0;22.0;-12.0;10.0
9279;11.22;10.0;22.0;-12.0;10.0
9289;11.066666666666666;10.0;22.0;-12.0;10.0
9299;11.136666666666667;10.0;22.0;-12.0;10.0
9309;11.093333333333334;10.0;22.0;-12.0;10.0
9319;10.996666666666666;10.0;21.0;-11.0;10.0
9329;10.996666666666666;10.0;18.0;-8.0;10.0
9339;10.846666666666666;10.0;24.0;-14.0;10.0
9349;11.093333333333334;10.0;21.0;-11.0;10.0
9359;10.9;10.0;21.0;-11.0;10.0
9369;11.023333333333333;10.0;22.0;-12.0;10.0
9379;11.156666666666666;10.0;21.0;-11.0;10.0
9389;11.07;10.0;22.0;-12.0;10.0
9399;11.006666666666666;10.0;19.0;-9.0;10.0
9409;11.233333333333333;10.0;21.0;-11.0;10.0
9419;10.96;10.0;22.0;-12.0;10.0
9429;10.976666666666667;10.0;22.0;-12.0;10.0
9439;10.97;10.0;22.0;-12.0;10.0
9449;10.996666666666666;10.0;21.0;-11.0;10.0
9459;10.933333333333334;10.0;21.0;-11.0;10.0
9469;11.176666666666666;10.0;21.0;-11.0;10.0
9479;10.993333333333334;10.0;20.0;-10.0;10.0
9489;11.33;10.0;22.0;-12.0;10.0
9499;11.2;10.0;20.0;-10.0;10.0
9509;10.906666666666666;10.0;22.0;-12.0;10.0
9519;11.143333333333333;10.0;23.0;-13.0;10.0
9529;10.816666666666666;10.0;22.0;-12.0;10.0
9539;11.223333333333333;10.0;24.0;-14.0;10.0
9549;11.076666666666666;10.0;22.0;-12.0;10.0
9559;10.966666666666667;10.0;20.0;-10.0;10.0
9569;11.063333333333333;10.0;25.0;-15.0;10.0
9579;10.85;10.0;21.0;-11.0;10.0
9589;10.936666666666667;10.0;22.0;-12.0;10.0
9599;10.9;10.0;21.0;-11.0;10.0
9609;11.163333333333334;10.0;22.0;-12.0;10.0
9619;10.876666666666667;10.0;21.0;-11.0;10.0
9629;10.97;10.0;22.0;-12.0;10.0
9639;10.906666666666666;10.0;20.0;-10.0;10.0
9649;10.97;10.0;21.0;-11.0;10.0
9659;11.13;10.0;22.0;-12.0;10.0
9669;10.916666666666666;10.0;23.0;-13.0;10.0
9679;11.066666666666666;10.0;22.0;-12.0;10.0
9689;11.126666666666667;10.0;22.0;-12.0;10.0
9699;11.233333333333333;10.0;21.0;-11.0;10.0
9709;11.07;10.0;22.0;-12.0;10.0
9719;11.086666666666666;10.0;26.0;-16.0;10.0
9729;10.963333333333333;10.0;20.0;-10.0;10.0
9739;10.786666666666667;10.0;22.0;-12.0;10.0
9749;11.203333333333333;10.0;22.0;-12.0;10.0
9759;11.13;10.0;29.0;-19.0;10.0
9769;10.973333333333333;10.0;22.0;-12.0;10.0
9779;11.213333333333333;10.0;21.0;-11.0;10.0
9789;10.896666666666667;10.0;24.0;-14.0;10.0
9799;10.993333333333334;10.0;22.0;-12.0;10.0
9809;11.223333333333333;10.0;23.0;-13.0;10.0
9819;11.173333333333334;10.0;21.0;-11.0;10.0
9829;10.98;10.0;16.0;-6.0;10.0
9839;10.953333333333333;10.0;24.0;-14.0;10.0
9849;11.053333333333333;10.0;24.0;-14.0;10.0
9859;10.993333333333334;10.0;20.0;-10.0;10.0
9869;11.256666666666666;10.0;22.0;-12.0;10.0
9879;10.896666666666667;10.0;20.0;-10.0;10.0
9889;11.176666666666666;10.0;25.0;-15.0;10.0
9899;11.03;10.0;22.0;-12.0;10.0
9909;11.07;10.0;25.0;-15.0;10.0
9919;10.993333333333334;10.0;21.0;-11.0;10.0
9929;11.403333333333334;10.0;22.0;-12.0;10.0
9939;11.136666666666667;10.0;22.0;-12.0;10.0
9949;10.883333333333333;10.0;22.0;-12.0;10.0
9959;11.16;10.0;22.0;-12.0;10.0
9969;11.003333333333334;10.0;25.0;-15.0;10.0
9979;11.123333333333333;10.0;20.0;-10.0;10.0
9989;10.936666666666667;10.0;21.0;-11.0;10.0
9999;11.063333333333333;10.0;22.0;-12.0;10.0
10009;11.253333333333334;10.0;20.0;-10.0;10.0
10019;11.006666666666666;10.0;21.0;-11.0;10.0
10029;11.05;10.0;22.0;-12.0;10.0
10039;11.163333333333334;10.0;27.0;-17.0;10.0
10049;11.173333333333334;10.0;21.0;-11.0;10.0
10059;10.756666666666666;10.0;19.0;-9.0;10.0
10069;11.156666666666666;10.0;20.0;-10.0;10.0
10079;10.946666666666667;10.0;21.0;-11.0;10.0
10089;10.93;10.0;21.0;-11.0;10.0
10099;11.303333333333333;10.0;21.0;-11.0;10.0
10109;10.856666666666667;10.0;20.0;-10.0;10.0
10119;11.236666666666666;10.0;28.0;-18.0;10.0
10129;11.026666666666667;10.0;22.0;-12.0;10.0
10139;11.183333333333334;10.0;22.0;-12.0;10.0
10149;11.04;10.0;22.0;-12.0;10.0
10159;11.183333333333334;10.0;22.0;-12.0;10.0
10169;11.103333333333333;10.0;22.0;-12.0;10.0
10179;11.04;10.0;20.0;-10.0;10.0
10189;11.06;10.0;24.0;-14.0;10.0
10199;11.176666666666666;10.0;22.0;-12.0;10.0
10209;11.02;10.0;20.0;-10.0;10.0
10219;11.03;10.0;22.0;-12.0;10.0
10229;10.98;10.0;25.0;-15.0;10.0
10239;11.043333333333333;10.0;22.0;-12.0;10.0
10249;10.986666666666666;10.0;21.0;-11.0;10.0
10259;11.02;10.0;22.0;-12.0;10.0
10269;10.95;10.0;21.0;-11.0;10.0
10279;10.93;10.0;22.0;-12.0;10.0
10289;11.153333333333334;10.0;24.0;-14.0;10.0
10299;11.14;10.0;22.0;-12.0;10.0
10309;11.043333333333333;10.0;18.0;-8.0;10.0
10319;11.28;10.0;21.0;-11.0;10.0
10329;10.83;10.0;22.0;-12.0;10.0
10339;11.133333333333333;10.0;24.0;-14.0;10.0
10349;11.21;10.0;21.0;-11.0;10.0
10359;11.166666666666666;10.0;22.0;-12.0;10.0
10369;11.313333333333333;10.0;23.0;-13.0;10.0
10379;10.956666666666667;10.0;21.0;-11.0;10.0
10389;11.21;10.0;27.0;-17.0;10.0
10399;11.19;10.0;25.0;-15.0;10.0
10409;11.036666666666667;10.0;21.0;-11.0;10.0
10419;11.266666666666667;10.0;21.0;-11.0;10.0
10429;11.013333333333334;10.0;22.0;-12.0;10.0
10439;11.056666666666667;10.0;27.0;-17.0;10.0
10449;11.006666666666666;10.0;22.0;-12.0;10.0
10459;10.886666666666667;10.0;22.0;-12.0;10.0
10469;11.176666666666666;10.0;21.0;-11.0;10.0
10479;10.913333333333334;10.0;22.0;-12.0;10.0
10489;10.953333333333333;10.0;16.0;-6.0;10.0
10499;10.946666666666667;10.0;21.0;-11.0;10.0
10509;10.976666666666667;10.0;22.0;-12.0;10.0
10519;11.32;10.0;21.0;-11.0;10.0
10529;11.16;10.0;21.0;-11.0;10.0
10539;10.963333333333333;10.0;20.0;-10.0;10.0
10549;11.046666666666667;10.0;20.0;-10.0;10.0
10559;10.993333333333334;10.0;20.0;-10.0;10.0
10569;10.826666666666666;10.0;21.0;-11.0;10.0
10579;10.926666666666666;10.0;21.0;-11.0;10.0
10589;10.85;10.0;21.0;-11.0;10.0
10599;11.04;10.0;26.0;-16.0;10.0
10609;11.193333333333333;10.0;21.0;-11.0;10.0
10619;10.993333333333334;10.0;22.0;-12.0;10.0
10629;11.0;10.0;22.0;-12.0;10.0
10639;10.896666666666667;10.0;22.0;-12.0;10.0
10649;10.93;10.0;20.0;-10.0;10.0
10659;10.963333333333333;10.0;22.0;-12.0;10.0
10669;11.083333333333334;10.0;22.0;-12.0;10.0
10679;11.04;10.0;21.0;-11.0;10.0
10689;11.013333333333334;10.0;22.0;-12.0;10.0
10699;10.89;10.0;20.0;-10.0;10.0
10709;10.993333333333334;10.0;19.0;-9.0;10.0
10719;11.14;10.0;22.0;-12.0;10.0
10729;10.99;10.0;20.0;-10.0;10.0
10739;11.146666666666667;10.0;20.0;-10.0;10.0
10749;10.93;10.0;22.0;-12.0;10.0
10759;10.926666666666666;10.0;22.0;-12.0;10.0
10769;11.22;10.0;22.0;-12.0;10.0
10779;11.233333333333333;10.0;22.0;-12.0;10.0
10789;10.97;10.0;21.0;-11.0;10.0
10799;11.09;10.0;21.0;-11.0;10.0
10809;11.13;10.0;22.0;-12.0;10.0
10819;11.133333333333333;10.0;22.0;-12.0;10.0
10829;10.806666666666667;10.0;22.0;-12.0;10.0
10839;10.8;10.0;21.0;-11.0;10.0
10849;10.776666666666667;10.0;21.0;-11.0;10.0
10859;10.913333333333334;10.0;21.0;-11.0;10.0
10869;11.196666666666667;10.0;19.0;-9.0;10.0
10879;10.966666666666667;10.0;20.0;-10.0;10.0
10889;11.1;10.0;23.0;-13.0;10.0
10899;11.05;10.0;21.0;-11.0;10.0
10909;10.99;10.0;20.0;-10.0;10.0
10919;11.083333333333334;10.0;23.0;-13.0;10.0
10929;10.913333333333334;10.0;21.0;-11.0;10.0
10939;10.913333333333334;10.0;24.0;-14.0;10.0
10949;11.023333333333333;10.0;21.0;-11.0;10.0
10959;10.856666666666667;10.0;20.0;-10.0;10.0
10969;11.166666666666666;10.0;20.0;-10.0;10.0
10979;10.733333333333333;10.0;22.0;-12.0;10.0
10989;10.9;10.0;21.0;-11.0;10.0
10999;11.2;10.0;22.0;-12.0;10.0
11009;11.083333333333334;10.0;22.0;-12.0;10.0
11019;10.85;10.0;21.0;-11.0;10.0
11029;11.146666666666667;10.0;21.0;-11.0;10.0
11039;10.92;10.0;21.0;-11.0;10.0
11049;10.996666666666666;10.0;22.0;-12.0;10.0
11059;10.926666666666666;10.0;22.0;-12.0;10.0
11069;11.063333333333333;10.0;18.0;-8.0;10.0
11079;11.186666666666667;10.0;22.0;-12.0;10.0
11089;11.1;10.0;20.0;-10.0;10.0
11099;11.076666666666666;10.0;21.0;-11.0;10.0
11109;11.02;10.0;22.0;-12.0;10.0
11119;11.076666666666666;10.0;20.0;-10.0;10.0
11129;11.2;10.0;22.0;-12.0;10.0
11139;11.063333333333333;10.0;21.0;-11.0;10.0
11149;11.106666666666667;10.0;21.0;-11.0;10.0
11159;11.226666666666667;10.0;26.0;-16.0;10.0
11169;11.21;10.0;26.0;-16.0;10.0
11179;11.133333333333333;10.0;22.0;-12.0;10.0
11189;10.986666666666666;10.0;22.0;-12.0;10.0
11199;11.09;10.0;21.0;-11.0;10.0
11209;11.213333333333333;10.0;23.0;-13.0;10.0
11219;10.863333333333333;10.0;20.0;-10.0;10.0
11229;11.18;10.0;22.0;-12.0;10.0
11239;10.98;10.0;21.0;-11.0;10.0
11249;11.233333333333333;10.0;22.0;-12.0;10.0
11259;10.836666666666666;10.0;19.0;-9.0;10.0
11269;11.126666666666667;10.0;21.0;-11.0;10.0
11279;11.266666666666667;10.0;19.0;-9.0;10.0
11289;10.76;10.0;21.0;-11.0;10.0
11299;10.933333333333334;10.0;20.0;-10.0;10.0
11309;11.216666666666667;10.0;24.0;-14.0;10.0
11319;11.21;10.0;20.0;-10.0;10.0
11329;11.14;10.0;20.0;-10.0;10.0
11339;11.133333333333333;10.0;22.0;-12.0;10.0
11349;11.026666666666667;10.0;22.0;-12.0;10.0
11359;10.7;10.0;20.0;-10.0;10.0
11369;11.173333333333334;10.0;22.0;-12.0;10.0
11379;11.27;10.0;24.0;-14.0;10.0
11389;11.143333333333333;10.0;19.0;-9.0;10.0
11399;11.163333333333334;10.0;22.0;-12.0;10.0
11409;10.846666666666666;10.0;20.0;-10.0;10.0
11419;11.043333333333333;10.0;21.0;-11.0;10.0
11429;11.133333333333333;10.0;22.0;-12.0;10.0
11439;11.28;10.0;22.0;-12.0;10.0
11449;11.02;10.0;22.0;-12.0;10.0
11459;11.086666666666666;10.0;24.0;-14.0;10.0
11469;11.213333333333333;10.0;21.0;-11.0;10.0
11479;10.94;10.0;24.0;-14.0;10.0
11489;11.106666666666667;10.0;22.0;-12.0;10.0
11499;11.003333333333334;10.0;21.0;-11.0;10.0
11509;11.11;10.0;20.0;-10.0;10.0
11519;11.013333333333334;10.0;21.0;-11.0;10.0
11529;11.036666666666667;10.0;22.0;-12.0;10.0
11539;11.133333333333333;10.0;23.0;-13.0;10.0
11549;10.9;10.0;23.0;-13.0;10.0
11559;11.19;10.0;20.0;-10.0;10.0
11569;11.296666666666667;10.0;22.0;-12.0;10.0
11579;11.016666666666667;10.0;21.0;-11.0;10.0
11589;11.213333333333333;10.0;22.0;-12.0;10.0
11599;11.063333333333333;10.0;22.0;-12.0;10.0
11609;10.98;10.0;16.0;-6.0;10.0
11619;10.86;10.0;20.0;-10.0;10.0
11629;11.233333333333333;10.0;21.0;-11.0;10.0
11639;10.87;10.0;20.0;-10.0;10.0
11649;11.05;10.0;21.0;-11.0;10.0
11659;11.183333333333334;10.0;21.0;-11.0;10.0
11669;11.093333333333334;10.0;22.0;-12.0;10.0
11679;11.09;10.0;21.0;-11.0;10.0
11689;11.063333333333333;10.0;20.0;-10.0;10.0
11699;10.86;10.0;24.0;-14.0;10.0
11709;10.903333333333334;10.0;24.0;-14.0;10.0
11719;11.01;10.0;20.0;-10.0;10.0
11729;11.056666666666667;10.0;22.0;-12.0;10.0
11739;10.98;10.0;21.0;-11.0;10.0
11749;10.876666666666667;10.0;21.0;-11.0;10.0
11759;11.066666666666666;10.0;22.0;-12.0;10.0
11769;11.106666666666667;10.0;21.0;-11.0;10.0
11779;11.013333333333334;10.0;25.0;-15.0;10.0
11789;11.166666666666666;10.0;22.0;-12.0;10.0
11799;11.08;10.0;22.0;-12.0;10.0
11809;11.146666666666667;10.0;23.0;-13.0;10.0
11819;11.06;10.0;21.0;-11.0;10.0
11829;10.913333333333334;10.0;21.0;-11.0;10.0
11839;11.19;10.0;20.0;-10.0;10.0
11849;10.893333333333333;10.0;20.0;-10.0;10.0
11859;11.063333333333333;10.0;21.0;-11.0;10.0
11869;10.776666666666667;10.0;21.0;-11.0;10.0
11879;10.936666666666667;10.0;20.0;-10.0;10.0
11889;10.963333333333333;10.0;21.0;-11.0;10.0
11899;10.916666666666666;10.0;26.0;-16.0;10.0
11909;11.01;10.0;22.0;-12.0;10.0
11919;11.2;10.0;22.0;-12.0;10.0
11929;10.983333333333333;10.0;20.0;-10.0;10.0
11939;10.916666666666666;10.0;21.0;-11.0;10.0
11949;10.953333333333333;10.0;19.0;-9.0;10.0
11959;10.956666666666667;10.0;22.0;-12.0;10.0
11969;11.24;10.0;22.0;-12.0;10.0
11979;11.01;10.0;22.0;-12.0;10.0
11989;11.103333333333333;10.0;20.0;-10.0;10.0
11999;11.053333333333333;10.0;21.0;-11.0;10.0
12009;10.946666666666667;10.0;21.0;-11.0;10.0
12019;10.786666666666667;10.0;20.0;-10.0;10.0
12029;10.83;10.0;22.0;-12.0;10.0
12039;11.046666666666667;10.0;22.0;-12.0;10.0
12049;11.053333333333333;10.0;18.0;-8.0;10.0
12059;10.94;10.0;21.0;-11.0;10.0
12069;11.02;10.0;20.0;-10.0;10.0
12079;10.776666666666667;10.0;20.0;-10.0;10.0
12089;11.06;10.0;24.0;-14.0;10.0
12099;11.163333333333334;10.0;21.0;-11.0;10.0
12109;11.126666666666667;10.0;22.0;-12.0;10.0
12119;10.806666666666667;10.0;20.0;-10.0;10.0
12129;11.283333333333333;10.0;21.0;-11.0;10.0
12139;11.23;10.0;21.0;-11.0;10.0
12149;11.156666666666666;10.0;22.0;-12.0;10.0
12159;11.043333333333333;10.0;19.0;-9.0;10.0
12169;11.02;10.0;22.0;-12.0;10.0
12179;11.183333333333334;10.0;25.0;-15.0;10.0
12189;10.986666666666666;10.0;21.0;-11.0;10.0
12199;10.83;10.0;22.0;-12.0;10.0
12209;10.756666666666666;10.0;20.0;-10.0;10.0
12219;10.966666666666667;10.0;21.0;-11.0;10.0
12229;10.956666666666667;10.0;22.0;-12.0;10.0
12239;10.93;10.0;22.0;-12.0;10.0
12249;11.0;10.0;22.0;-12.0;10.0
12259;11.036666666666667;10.0;22.0;-12.0;10.0
12269;11.013333333333334;10.0;25.0;-15.0;10.0
12279;11.106666666666667;10.0;22.0;-12.0;10.0
12289;10.976666666666667;10.0;21.0;-11.0;10.0
12299;10.866666666666667;10.0;22.0;-12.0;10.0
12309;11.043333333333333;10.0;21.0;-11.0;10.0
12319;11.11;10.0;22.0;-12.0;10.0
12329;10.986666666666666;10.0;21.0;-11.0;10.0
12339;11.09;10.0;22.0;-12.0;10.0
12349;10.823333333333334;10.0;26.0;-16.0;10.0
12359;11.056666666666667;10.0;21.0;-11.0;10.0
12369;11.143333333333333;10.0;22.0;-12.0;10.0
12379;11.096666666666666;10.0;21.0;-11.0;10.0
12389;11.18;10.0;23.0;-13.0;10.0
12399;10.913333333333334;10.0;16.0;-6.0;10.0
12409;10.9;10.0;24.0;-14.0;10.0
12419;11.16;10.0;22.0;-12.0;10.0
12429;10.946666666666667;10.0;20.0;-10.0;10.0
12439;11.143333333333333;10.0;21.0;-11.0;10.0
12449;11.056666666666667;10.0;21.0;-11.0;10.0
12459;11.0;10.0;22.0;-12.0;10.0
12469;11.016666666666667;10.0;21.0;-11.0;10.0
12479;11.11;10.0;21.0;-11.0;10.0
12489;11.02;10.0;20.0;-10.0;10.0
12499;11.033333333333333;10.0;22.0;-12.0;10.0
12509;11.16;10.0;22.0;-12.0;10.0
12519;11.04;10.0;21.0;-11.0;10.0
12529;10.983333333333333;10.0;21.0;-11.0;10.0
12539;10.99;10.0;26.0;-16.0;10.0
12549;11.003333333333334;10.0;20.0;-10.0;10.0
12559;10.88;10.0;21.0;-11.0;10.0
12569;11.016666666666667;10.0;19.0;-9.0;10.0
12579;10.823333333333334;10.0;21.0;-11.0;10.0
12589;11.013333333333334;10.0;26.0;-16.0;10.0
12599;11.15;10.0;21.0;-11.0;10.0
12609;11.146666666666667;10.0;22.0;-12.0;10.0
12619;11.213333333333333;10.0;22.0;-12.0;10.0
12629;11.026666666666667;10.0;22.0;-12.0;10.0
12639;10.883333333333333;10.0;20.0;-10.0;10.0
12649;11.03;10.0;20.0;-10.0;10.0
12659;10.986666666666666;10.0;21.0;-11.0;10.0
12669;11.08;10.0;27.0;-17.0;10.0
12679;11.023333333333333;10.0;23.0;-13.0;10.0
12689;11.226666666666667;10.0;24.0;-14.0;10.0
12699;10.993333333333334;10.0;28.0;-18.0;10.0
12709;10.936666666666667;10.0;21.0;-11.0;10.0
12719;10.956666666666667;10.0;20.0;-10.0;10.0
12729;11.05;10.0;21.0;-11.0;10.0
12739;11.09;10.0;22.0;-12.0;10.0
12749;11.08;10.0;22.0;-12.0;10.0
12759;11.046666666666667;10.0;30.0;-20.0;10.0
12769;10.853333333333333;10.0;18.0;-8.0;10.0
12779;11.003333333333334;10.0;21.0;-11.0;10.0
12789;11.106666666666667;10.0;22.0;-12.0;10.0
12799;11.09;10.0;22.0;-12.0;10.0
12809;11.226666666666667;10.0;21.0;-11.0;10.0
12819;11.12;10.0;21.0;-11.0;10.0
12829;10.976666666666667;10.0;23.0;-13.0;10.0
12839;11.296666666666667;10.0;21.0;-11.0;10.0
12849;10.793333333333333;10.0;20.0;-10.0;10.0
12859;10.77;10.0;21.0;-11.0;10.0
12869;10.766666666666667;10.0;22.0;-12.0;10.0
12879;11.003333333333334;10.0;23.0;-13.0;10.0
12889;10.886666666666667;10.0;16.0;-6.0;10.0
12899;11.056666666666667;10.0;20.0;-10.0;10.0
12909;10.896666666666667;10.0;22.0;-12.0;10.0
12919;10.886666666666667;10.0;23.0;-13.0;10.0
12929;11.186666666666667;10.0;22.0;-12.0;10.0
12939;10.946666666666667;10.0;22.0;-12.0;10.0
12949;11.056666666666667;10.0;22.0;-12.0;10.0
12959;11.006666666666666;10.0;21.0;-11.0;10.0
12969;10.96;10.0;20.0;-10.0;10.0
12979;11.033333333333333;10.0;22.0;-12.0;10.0
12989;11.01;10.0;21.0;-11.0;10.0
12999;10.973333333333333;10.0;19.0;-9.0;10.0
13009;11.083333333333334;10.0;22.0;-12.0;10.0
13019;11.023333333333333;10.0;22.0;-12.0;10.0
13029;11.09;10.0;20.0;-10.0;10.0
13039;10.963333333333333;10.0;20.0;-10.0;10.0
13049;10.94;10.0;22.0;-12.0;10.0
13059;10.966666666666667;10.0;20.0;-10.0;10.0
13069;10.966666666666667;10.0;21.0;-11.0;10.0
13079;11.016666666666667;10.0;20.0;-10.0;10.0
13089;11.056666666666667;10.0;20.0;-10.0;10.0
13099;11.093333333333334;10.0;22.0;-12.0;10.0
13109;10.923333333333334;10.0;20.0;-10.0;10.0
13119;10.756666666666666;10.0;18.0;-8.0;10.0
13129;11.19;10.0;25.0;-15.0;10.0
13139;11.28;10.0;22.0;-12.0;10.0
13149;11.286666666666667;10.0;22.0;-12.0;10.0
13159;10.903333333333334;10.0;21.0;-11.0;10.0
13169;11.016666666666667;10.0;20.0;-10.0;10.0
13179;11.056666666666667;10.0;22.0;-12.0;10.0
13189;11.143333333333333;10.0;21.0;-11.0;10.0
13199;11.153333333333334;10.0;21.0;-11.0;10.0
13209;11.073333333333334;10.0;21.0;-11.0;10.0
13219;11.096666666666666;10.0;22.0;-12.0;10.0
13229;11.07;10.0;22.0;-12.0;10.0
13239;10.946666666666667;10.0;20.0;-10.0;10.0
13249;10.783333333333333;10.0;19.0;-9.0;10.0
13259;11.18;10.0;22.0;-12.0;10.0
13269;11.02;10.0;21.0;-11.0;10.0
13279;11.176666666666666;10.0;20.0;-10.0;10.0
13289;11.06;10.0;20.0;-10.0;10.0
13299;11.06;10.0;22.0;-12.0;10.0
13309;11.243333333333334;10.0;22.0;-12.0;10.0
13319;11.093333333333334;10.0;20.0;-10.0;10.0
13329;11.086666666666666;10.0;22.0;-12.0;10.0
13339;11.236666666666666;10.0;20.0;-10.0;10.0
13349;10.946666666666667;10.0;22.0;-12.0;10.0
13359;10.92;10.0;21.0;-11.0;10.0
13369;10.93;10.0;18.0;-8.0;10.0
13379;11.08;10.0;21.0;-11.0;10.0
13389;11.086666666666666;10.0;22.0;-12.0;10.0
13399;11.013333333333334;10.0;20.0;-10.0;10.0
13409;11.046666666666667;10.0;19.0;-9.0;10.0
13419;11.063333333333333;10.0;22.0;-12.0;10.0
13429;11.056666666666667;10.0;21.0;-11.0;10.0
13439;10.926666666666666;10.0;19.0;-9.0;10.0
13449;10.94;10.0;21.0;-11.0;10.0
13459;11.243333333333334;10.0;20.0;-10.0;10.0
13469;11.04;10.0;25.0;-15.0;10.0
13479;10.833333333333334;10.0;21.0;-11.0;10.0
13489;11.1;10.0;20.0;-10.0;10.0
13499;11.206666666666667;10.0;16.0;-6.0;10.0
13509;10.883333333333333;10.0;22.0;-12.0;10.0
13519;11.03;10.0;21.0;-11.0;10.0
13529;11.173333333333334;10.0;22.0;-12.0;10.0
13539;10.946666666666667;10.0;22.0;-12.0;10.0
13549;10.83;10.0;22.0;-12.0;10.0
13559;11.103333333333333;10.0;22.0;-12.0;10.0
13569;10.926666666666666;10.0;21.0;-11.0;10.0
13579;11.22;10.0;21.0;-11.0;10.0
13589;11.196666666666667;10.0;22.0;-12.0;10.0
13599;11.096666666666666;10.0;20.0;-10.0;10.0
13609;11.02;10.0;21.0;-11.0;10.0
13619;10.876666666666667;10.0;22.0;-12.0;10.0
13629;11.036666666666667;10.0;20.0;-10.0;10.0
13639;10.966666666666667;10.0;21.0;-11.0;10.0
13649;10.873333333333333;10.0;21.0;-11.0;10.0
13659;11.086666666666666;10.0;24.0;-14.0;10.0
13669;11.003333333333334;10.0;20.0;-10.0;10.0
13679;11.276666666666667;10.0;21.0;-11.0;10.0
13689;11.366666666666667;10.0;22.0;-12.0;10.0
13699;10.993333333333334;10.0;22.0;-12.0;10.0
13709;10.873333333333333;10.0;19.0;-9.0;10.0
13719;11.006666666666666;10.0;22.0;-12.0;10.0
13729;10.993333333333334;10.0;22.0;-12.0;10.0
13739;11.16;10.0;22.0;-12.0;10.0
13749;11.053333333333333;10.0;22.0;-12.0;10.0
13759;11.246666666666666;10.0;23.0;-13.0;10.0
13769;11.05;10.0;23.0;-13.0;10.0
13779;11.093333333333334;10.0;21.0;-11.0;10.0
13789;11.153333333333334;10.0;21.0;-11.0;10.0
13799;11.296666666666667;10.0;27.0;-17.0;10.0
13809;11.03;10.0;21.0;-11.0;10.0
13819;10.92;10.0;20.0;-10.0;10.0
13829;11.116666666666667;10.0;22.0;-12.0;10.0
13839;11.376666666666667;10.0;25.0;-15.0;10.0
13849;10.94;10.0;20.0;-10.0;10.0
13859;10.953333333333333;10.0;20.0;-10.0;10.0
13869;10.903333333333334;10.0;22.0;-12.0;10.0
13879;11.243333333333334;10.0;22.0;-12.0;10.0
13889;10.993333333333334;10.0;22.0;-12.0;10.0
13899;11.21;10.0;21.0;-11.0;10.0
13909;10.866666666666667;10.0;21.0;-11.0;10.0
13919;10.97;10.0;21.0;-11.0;10.0
13929;11.02;10.0;22.0;-12.0;10.0
13939;11.143333333333333;10.0;23.0;-13.0;10.0
13949;11.0;10.0;19.0;-9.0;10.0
13959;11.05;10.0;20.0;-10.0;10.0
13969;11.083333333333334;10.0;25.0;-15.0;10.0
13979;11.25;10.0;22.0;-12.0;10.0
13989;10.93;10.0;23.0;-13.0;10.0
13999;10.92;10.0;20.0;-10.0;10.0
14009;10.883333333333333;10.0;22.0;-12.0;10.0
14019;10.99;10.0;22.0;-12.0;10.0
14029;11.05;10.0;22.0;-12.0;10.0
14039;11.003333333333334;10.0;22.0;-12.0;10.0
14049;11.13;10.0;22.0;-12.0;10.0
14059;10.966666666666667;10.0;24.0;-14.0;10.0
14069;10.87;10.0;20.0;-10.0;10.0
14079;10.906666666666666;10.0;21.0;-11.0;10.0
14089;10.87;10.0;21.0;-11.0;10.0
14099;10.963333333333333;10.0;26.0;-16.0;10.0
14109;10.943333333333333;10.0;21.0;-11.0;10.0
14119;10.893333333333333;10.0;20.0;-10.0;10.0
14129;10.933333333333334;10.0;22.0;-12.0;10.0
14139;11.223333333333333;10.0;23.0;-13.0;10.0
14149;10.863333333333333;10.0;23.0;-13.0;10.0
14159;11.58;10.0;24.0;-14.0;10.0
14169;11.253333333333334;10.0;22.0;-12.0;10.0
14179;11.086666666666666;10.0;22.0;-12.0;10.0
14189;11.116666666666667;10.0;21.0;-11.0;10.0
14199;10.97;10.0;22.0;-12.0;10.0
14209;10.996666666666666;10.0;21.0;-11.0;10.0
14219;10.99;10.0;20.0;-10.0;10.0
14229;11.08;10.0;21.0;-11.0;10.0
14239;11.126666666666667;10.0;22.0;-12.0;10.0
14249;10.996666666666666;10.0;22.0;-12.0;10.0
14259;10.996666666666666;10.0;22.0;-12.0;10.0
14269;10.88;10.0;19.0;-9.0;10.0
14279;11.06;10.0;21.0;-11.0;10.0
14289;11.016666666666667;10.0;20.0;-10.0;10.0
14299;10.99;10.0;22.0;-12.0;10.0
14309;11.193333333333333;10.0;22.0;-12.0;10.0
14319;10.953333333333333;10.0;22.0;-12.0;10.0
14329;10.913333333333334;10.0;20.0;-10.0;10.0
14339;11.14;10.0;21.0;-11.0;10.0
14349;10.98;10.0;22.0;-12.0;10.0
14359;11.14;10.0;21.0;-11.0;10.0
14369;10.886666666666667;10.0;21.0;-11.0;10.0
14379;11.043333333333333;10.0;22.0;-12.0;10.0
14389;11.093333333333334;10.0;28.0;-18.0;10.0
14399;10.89;10.0;22.0;-12.0;10.0
14409;11.013333333333334;10.0;23.0;-13.0;10.0
14419;11.123333333333333;10.0;22.0;-12.0;10.0
14429;10.813333333333333;10.0;20.0;-10.0;10.0
14439;11.076666666666666;10.0;23.0;-13.0;10.0
14449;10.853333333333333;10.0;21.0;-11.0;10.0
14459;11.1;10.0;22.0;-12.0;10.0
14469;10.953333333333333;10.0;22.0;-12.0;10.0
14479;11.126666666666667;10.0;21.0;-11.0;10.0
14489;10.966666666666667;10.0;22.0;-12.0;10.0
14499;10.793333333333333;10.0;21.0;-11.0;10.0
14509;10.723333333333333;10.0;21.0;-11.0;10.0
14519;11.013333333333334;10.0;21.0;-11.0;10.0
14529;11.1;10.0;23.0;-13.0;10.0
14539;10.98;10.0;24.0;-14.0;10.0
14549;11.023333333333333;10.0;22.0;-12.0;10.0
14559;11.22;10.0;23.0;-13.0;10.0
14569;11.083333333333334;10.0;22.0;-12.0;10.0
14579;11.36;10.0;21.0;-11.0;10.0
14589;11.156666666666666;10.0;21.0;-11.0;10.0
14599;11.02;10.0;20.0;-10.0;10.0
14609;10.97;10.0;21.0;-11.0;10.0
14619;11.223333333333333;10.0;27.0;-17.0;10.0
14629;11.066666666666666;10.0;21.0;-11.0;10.0
14639;10.87;10.0;20.0;-10.0;10.0
14649;11.086666666666666;10.0;22.0;-12.0;10.0
14659;11.113333333333333;10.0;22.0;-12.0;10.0
14669;11.116666666666667;10.0;23.0;-13.0;10.0
14679;11.233333333333333;10.0;28.0;-18.0;10.0
14689;11.046666666666667;10.0;20.0;-10.0;10.0
14699;11.19;10.0;20.0;-10.0;10.0
14709;10.676666666666666;10.0;16.0;-6.0;10.0
14719;10.703333333333333;10.0;20.0;-10.0;10.0
14729;11.083333333333334;10.0;20.0;-10.0;10.0
14739;10.913333333333334;10.0;22.0;-12.0;10.0
14749;11.08;10.0;22.0;-12.0;10.0
14759;11.286666666666667;10.0;24.0;-14.0;10.0
14769;10.906666666666666;10.0;22.0;-12.0;10.0
14779;11.34;10.0;22.0;-12.0;10.0
14789;11.21;10.0;22.0;-12.0;10.0
14799;11.08;10.0;25.0;-15.0;10.0
14809;11.15;10.0;22.0;-12.0;10.0
14819;10.89;10.0;22.0;-12.0;10.0
14829;11.016666666666667;10.0;21.0;-11.0;10.0
14839;10.93;10.0;22.0;-12.0;10.0
14849;11.0;10.0;21.0;-11.0;10.0
14859;11.186666666666667;10.0;22.0;-12.0;10.0
14869;10.986666666666666;10.0;22.0;-12.0;10.0
14879;11.123333333333333;10.0;26.0;-16.0;10.0
14889;11.11;10.0;26.0;-16.0;10.0
14899;11.126666666666667;10.0;26.0;-16.0;10.0
14909;11.15;10.0;22.0;-12.0;10.0
14919;11.016666666666667;10.0;20.0;-10.0;10.0
14929;11.02;10.0;22.0;-12.0;10.0
14939;11.073333333333334;10.0;21.0;-11.0;10.0
14949;11.07;10.0;21.0;-11.0;10.0
14959;10.84;10.0;27.0;-17.0;10.0
14969;11.093333333333334;10.0;21.0;-11.0;10.0
14979;10.97;10.0;19.0;-9.0;10.0
14989;10.98;10.0;22.0;-12.0;10.0
14999;10.843333333333334;10.0;22.0;-12.0;10.0
