geracao;media da geracao;fitness do melhor da geracao;fitness do pior da geracao;relacao entre melhor e pior;fitness do melhor da run
Probabilidade Recombinação: 0.7
Probabilidade Mutação: 0.049999999999999996
Tipo de Selecção: Torneio
Tipo de Mutação: Simples
Tamanho População: 300
Máximo de Gerações: 15000
0;84.60333333333334;69.0;101.0;-32.0;69.0
0;78.61666666666666;64.0;92.0;-28.0;64.0
9;51.56666666666667;40.0;66.0;-26.0;40.0
19;38.03333333333333;28.0;51.0;-23.0;28.0
29;35.52;26.0;52.0;-26.0;26.0
39;34.67666666666667;23.0;50.0;-27.0;23.0
49;32.86333333333334;22.0;47.0;-25.0;22.0
59;33.806666666666665;22.0;48.0;-26.0;21.0
69;30.576666666666668;20.0;47.0;-27.0;18.0
79;29.716666666666665;18.0;44.0;-26.0;18.0
89;28.656666666666666;17.0;41.0;-24.0;17.0
99;28.95;19.0;43.0;-24.0;16.0
109;28.023333333333333;17.0;44.0;-27.0;16.0
119;28.063333333333333;15.0;44.0;-29.0;15.0
129;28.11;17.0;44.0;-27.0;15.0
139;26.763333333333332;14.0;40.0;-26.0;14.0
149;24.9;16.0;35.0;-19.0;13.0
159;25.13;15.0;38.0;-23.0;12.0
169;25.766666666666666;16.0;39.0;-23.0;12.0
179;25.673333333333332;15.0;41.0;-26.0;12.0
189;23.80666666666667;12.0;41.0;-29.0;12.0
199;24.293333333333333;13.0;37.0;-24.0;11.0
209;24.81;14.0;44.0;-30.0;11.0
219;24.746666666666666;13.0;44.0;-31.0;11.0
229;24.38;12.0;43.0;-31.0;11.0
239;22.59;12.0;42.0;-30.0;10.0
249;21.983333333333334;10.0;46.0;-36.0;8.0
259;21.30666666666667;10.0;36.0;-26.0;8.0
269;22.09;8.0;41.0;-33.0;8.0
279;21.376666666666665;8.0;36.0;-28.0;8.0
289;22.446666666666665;8.0;36.0;-28.0;8.0
299;22.52;10.0;35.0;-25.0;8.0
309;22.166666666666668;8.0;40.0;-32.0;8.0
319;22.08;10.0;40.0;-30.0;8.0
329;21.73;11.0;37.0;-26.0;8.0
339;22.03;11.0;38.0;-27.0;8.0
349;22.386666666666667;10.0;36.0;-26.0;8.0
359;23.323333333333334;12.0;40.0;-28.0;8.0
369;23.386666666666667;8.0;38.0;-30.0;8.0
379;21.30666666666667;9.0;32.0;-23.0;8.0
389;20.446666666666665;10.0;33.0;-23.0;8.0
399;22.086666666666666;11.0;41.0;-30.0;8.0
409;21.57;8.0;37.0;-29.0;8.0
419;22.796666666666667;10.0;42.0;-32.0;8.0
429;23.60333333333333;12.0;40.0;-28.0;8.0
439;23.173333333333332;8.0;38.0;-30.0;8.0
449;23.423333333333332;9.0;41.0;-32.0;8.0
459;22.206666666666667;9.0;44.0;-35.0;8.0
469;22.30666666666667;10.0;37.0;-27.0;8.0
479;23.05666666666667;8.0;38.0;-30.0;8.0
489;22.956666666666667;10.0;37.0;-27.0;8.0
499;22.546666666666667;10.0;38.0;-28.0;8.0
509;23.066666666666666;11.0;39.0;-28.0;8.0
519;23.136666666666667;12.0;42.0;-30.0;8.0
529;21.11;9.0;35.0;-26.0;8.0
539;22.82;10.0;38.0;-28.0;8.0
549;21.083333333333332;10.0;37.0;-27.0;8.0
559;21.746666666666666;8.0;42.0;-34.0;8.0
569;21.87;8.0;42.0;-34.0;8.0
579;22.56;10.0;37.0;-27.0;8.0
589;23.333333333333332;11.0;38.0;-27.0;8.0
599;22.256666666666668;10.0;41.0;-31.0;8.0
609;21.846666666666668;8.0;35.0;-27.0;8.0
619;21.31;7.0;37.0;-30.0;7.0
629;21.33;10.0;36.0;-26.0;7.0
639;21.376666666666665;9.0;35.0;-26.0;7.0
649;23.343333333333334;10.0;37.0;-27.0;7.0
659;19.05666666666667;6.0;45.0;-39.0;5.0
669;19.023333333333333;8.0;32.0;-24.0;5.0
679;20.24;11.0;36.0;-25.0;5.0
689;20.35333333333333;8.0;35.0;-27.0;5.0
699;20.283333333333335;8.0;34.0;-26.0;5.0
709;20.393333333333334;9.0;38.0;-29.0;5.0
719;19.60333333333333;5.0;33.0;-28.0;5.0
729;19.173333333333332;8.0;39.0;-31.0;5.0
739;20.483333333333334;8.0;38.0;-30.0;5.0
749;19.32;8.0;34.0;-26.0;5.0
759;21.2;7.0;38.0;-31.0;5.0
769;17.973333333333333;5.0;34.0;-29.0;5.0
779;17.59;5.0;39.0;-34.0;5.0
789;19.883333333333333;5.0;39.0;-34.0;5.0
799;20.253333333333334;5.0;37.0;-32.0;5.0
809;19.6;6.0;36.0;-30.0;5.0
819;19.066666666666666;8.0;33.0;-25.0;5.0
829;20.31;6.0;38.0;-32.0;5.0
839;19.266666666666666;8.0;37.0;-29.0;5.0
849;20.47;9.0;37.0;-28.0;5.0
859;19.923333333333332;7.0;37.0;-30.0;5.0
869;19.83;7.0;37.0;-30.0;5.0
879;19.123333333333335;8.0;40.0;-32.0;5.0
889;20.94;6.0;35.0;-29.0;5.0
899;21.166666666666668;8.0;38.0;-30.0;5.0
909;21.15;8.0;37.0;-29.0;5.0
919;21.363333333333333;7.0;37.0;-30.0;5.0
929;21.493333333333332;8.0;39.0;-31.0;5.0
939;20.34;5.0;36.0;-31.0;5.0
949;19.606666666666666;7.0;36.0;-29.0;4.0
959;18.43;6.0;33.0;-27.0;4.0
969;20.35333333333333;9.0;39.0;-30.0;4.0
979;19.77;5.0;35.0;-30.0;4.0
989;19.24;8.0;34.0;-26.0;4.0
999;19.843333333333334;5.0;36.0;-31.0;4.0
1009;18.99;5.0;34.0;-29.0;4.0
1019;21.05666666666667;10.0;36.0;-26.0;4.0
1029;20.563333333333333;8.0;33.0;-25.0;4.0
1039;21.44333333333333;8.0;36.0;-28.0;4.0
1049;20.296666666666667;5.0;37.0;-32.0;4.0
1059;19.893333333333334;7.0;38.0;-31.0;4.0
1069;19.976666666666667;8.0;39.0;-31.0;4.0
1079;19.483333333333334;8.0;38.0;-30.0;4.0
1089;20.123333333333335;6.0;43.0;-37.0;4.0
1099;19.253333333333334;5.0;37.0;-32.0;4.0
1109;17.723333333333333;5.0;34.0;-29.0;2.0
1119;17.326666666666668;5.0;35.0;-30.0;2.0
1129;16.95;5.0;34.0;-29.0;2.0
1139;17.37;2.0;35.0;-33.0;2.0
1149;17.276666666666667;2.0;34.0;-32.0;2.0
1159;16.316666666666666;4.0;33.0;-29.0;2.0
1169;17.456666666666667;2.0;32.0;-30.0;2.0
1179;16.616666666666667;4.0;31.0;-27.0;2.0
1189;17.796666666666667;5.0;34.0;-29.0;2.0
1199;19.046666666666667;6.0;37.0;-31.0;2.0
1209;17.106666666666666;4.0;35.0;-31.0;2.0
1219;17.696666666666665;2.0;35.0;-33.0;2.0
1229;16.873333333333335;4.0;38.0;-34.0;2.0
1239;17.39;2.0;36.0;-34.0;2.0
1249;17.086666666666666;5.0;32.0;-27.0;2.0
1259;16.623333333333335;2.0;34.0;-32.0;2.0
1269;18.64;4.0;33.0;-29.0;2.0
1279;16.94;5.0;30.0;-25.0;2.0
1289;16.023333333333333;3.0;36.0;-33.0;2.0
1299;17.55666666666667;7.0;33.0;-26.0;2.0
1309;18.21;5.0;32.0;-27.0;2.0
1319;17.783333333333335;5.0;35.0;-30.0;2.0
1329;18.063333333333333;2.0;33.0;-31.0;2.0
1339;18.563333333333333;7.0;34.0;-27.0;2.0
1349;16.916666666666668;4.0;35.0;-31.0;2.0
1359;16.35333333333333;4.0;33.0;-29.0;2.0
1369;17.046666666666667;2.0;31.0;-29.0;2.0
1379;16.516666666666666;5.0;39.0;-34.0;2.0
1389;15.726666666666667;3.0;32.0;-29.0;2.0
1399;18.816666666666666;5.0;35.0;-30.0;2.0
1409;17.48;5.0;37.0;-32.0;2.0
1419;16.493333333333332;5.0;33.0;-28.0;2.0
1429;17.106666666666666;4.0;34.0;-30.0;2.0
1439;16.803333333333335;5.0;33.0;-28.0;2.0
1449;16.95;2.0;36.0;-34.0;2.0
1459;18.08;7.0;38.0;-31.0;2.0
1469;16.076666666666668;5.0;31.0;-26.0;2.0
1479;17.136666666666667;2.0;31.0;-29.0;2.0
1489;16.623333333333335;5.0;32.0;-27.0;2.0
1499;16.76;2.0;34.0;-32.0;2.0
1509;19.373333333333335;5.0;41.0;-36.0;2.0
1519;18.06;5.0;36.0;-31.0;2.0
1529;16.99;4.0;33.0;-29.0;2.0
1539;18.69;5.0;35.0;-30.0;2.0
1549;17.5;5.0;35.0;-30.0;2.0
1559;18.813333333333333;5.0;39.0;-34.0;2.0
1569;16.073333333333334;2.0;34.0;-32.0;2.0
1579;17.73;3.0;35.0;-32.0;2.0
1589;18.14666666666667;5.0;33.0;-28.0;2.0
1599;17.54;5.0;33.0;-28.0;2.0
1609;17.273333333333333;6.0;31.0;-25.0;2.0
1619;17.203333333333333;5.0;31.0;-26.0;2.0
1629;15.876666666666667;2.0;34.0;-32.0;2.0
1639;16.85333333333333;5.0;38.0;-33.0;2.0
1649;16.633333333333333;2.0;34.0;-32.0;2.0
1659;16.79;4.0;34.0;-30.0;2.0
1669;18.116666666666667;5.0;36.0;-31.0;2.0
1679;17.51;5.0;35.0;-30.0;2.0
1689;17.543333333333333;2.0;37.0;-35.0;2.0
1699;16.703333333333333;2.0;38.0;-36.0;2.0
1709;17.253333333333334;4.0;42.0;-38.0;2.0
1719;17.06;4.0;33.0;-29.0;2.0
1729;18.736666666666668;5.0;37.0;-32.0;2.0
1739;17.156666666666666;2.0;33.0;-31.0;2.0
1749;17.406666666666666;2.0;35.0;-33.0;2.0
1759;16.696666666666665;2.0;36.0;-34.0;2.0
1769;17.376666666666665;5.0;32.0;-27.0;2.0
1779;17.83;5.0;33.0;-28.0;2.0
1789;16.456666666666667;2.0;37.0;-35.0;2.0
1799;18.10333333333333;5.0;39.0;-34.0;2.0
1809;19.37;5.0;36.0;-31.0;2.0
1819;18.043333333333333;5.0;37.0;-32.0;2.0
1829;16.256666666666668;2.0;31.0;-29.0;2.0
1839;17.56;4.0;34.0;-30.0;2.0
1849;19.093333333333334;2.0;31.0;-29.0;2.0
1859;17.846666666666668;5.0;32.0;-27.0;2.0
1869;18.903333333333332;5.0;37.0;-32.0;2.0
1879;17.086666666666666;5.0;34.0;-29.0;2.0
1889;19.0;8.0;35.0;-27.0;2.0
1899;17.496666666666666;5.0;39.0;-34.0;2.0
1909;17.066666666666666;4.0;32.0;-28.0;2.0
1919;16.94333333333333;2.0;32.0;-30.0;2.0
1929;18.3;2.0;37.0;-35.0;2.0
1939;18.176666666666666;5.0;36.0;-31.0;2.0
1949;16.89;2.0;33.0;-31.0;2.0
1959;16.803333333333335;2.0;32.0;-30.0;2.0
1969;19.413333333333334;6.0;34.0;-28.0;2.0
1979;16.183333333333334;5.0;30.0;-25.0;2.0
1989;17.17;5.0;34.0;-29.0;2.0
1999;16.816666666666666;5.0;31.0;-26.0;2.0
2009;16.276666666666667;5.0;31.0;-26.0;2.0
2019;17.47;2.0;31.0;-29.0;2.0
2029;18.733333333333334;5.0;39.0;-34.0;2.0
2039;16.48;2.0;32.0;-30.0;2.0
2049;17.536666666666665;4.0;33.0;-29.0;2.0
2059;17.296666666666667;2.0;36.0;-34.0;2.0
2069;17.56;5.0;36.0;-31.0;2.0
2079;18.01;4.0;40.0;-36.0;2.0
2089;18.63;5.0;32.0;-27.0;2.0
2099;16.596666666666668;5.0;34.0;-29.0;2.0
2109;16.766666666666666;2.0;35.0;-33.0;2.0
2119;17.126666666666665;5.0;34.0;-29.0;2.0
2129;16.97;2.0;34.0;-32.0;2.0
2139;16.676666666666666;5.0;31.0;-26.0;2.0
2149;18.80666666666667;5.0;34.0;-29.0;2.0
2159;17.423333333333332;4.0;32.0;-28.0;2.0
2169;16.553333333333335;2.0;39.0;-37.0;2.0
2179;17.523333333333333;2.0;34.0;-32.0;2.0
2189;17.60333333333333;4.0;46.0;-42.0;2.0
2199;16.64;2.0;33.0;-31.0;2.0
2209;17.17;2.0;31.0;-29.0;2.0
2219;15.976666666666667;2.0;29.0;-27.0;2.0
2229;17.013333333333332;5.0;31.0;-26.0;2.0
2239;17.683333333333334;5.0;39.0;-34.0;2.0
2249;17.983333333333334;7.0;37.0;-30.0;2.0
2259;18.706666666666667;5.0;35.0;-30.0;2.0
2269;19.94;8.0;34.0;-26.0;2.0
2279;16.906666666666666;5.0;35.0;-30.0;2.0
2289;16.893333333333334;5.0;34.0;-29.0;2.0
2299;17.416666666666668;4.0;33.0;-29.0;2.0
2309;17.67;2.0;36.0;-34.0;2.0
2319;16.196666666666665;2.0;33.0;-31.0;2.0
2329;17.2;2.0;34.0;-32.0;2.0
2339;18.173333333333332;5.0;34.0;-29.0;2.0
2349;16.84;2.0;36.0;-34.0;2.0
2359;17.85333333333333;5.0;40.0;-35.0;2.0
2369;18.2;5.0;34.0;-29.0;2.0
2379;17.64666666666667;4.0;36.0;-32.0;2.0
2389;17.136666666666667;3.0;33.0;-30.0;2.0
2399;17.133333333333333;5.0;32.0;-27.0;2.0
2409;15.073333333333334;2.0;31.0;-29.0;2.0
2419;16.883333333333333;2.0;34.0;-32.0;2.0
2429;16.433333333333334;2.0;36.0;-34.0;2.0
2439;17.16;5.0;35.0;-30.0;2.0
2449;16.63;2.0;31.0;-29.0;2.0
2459;17.133333333333333;6.0;34.0;-28.0;2.0
2469;17.123333333333335;3.0;31.0;-28.0;2.0
2479;17.323333333333334;6.0;32.0;-26.0;2.0
2489;18.41;4.0;33.0;-29.0;2.0
2499;15.453333333333333;2.0;38.0;-36.0;2.0
2509;17.15;2.0;32.0;-30.0;2.0
2519;15.94;5.0;32.0;-27.0;2.0
2529;18.98;5.0;36.0;-31.0;2.0
2539;18.03;5.0;37.0;-32.0;2.0
2549;16.64666666666667;2.0;41.0;-39.0;2.0
2559;17.453333333333333;4.0;32.0;-28.0;2.0
2569;17.543333333333333;7.0;33.0;-26.0;2.0
2579;17.703333333333333;2.0;39.0;-37.0;2.0
2589;18.226666666666667;3.0;39.0;-36.0;2.0
2599;17.06;2.0;34.0;-32.0;2.0
2609;17.463333333333335;6.0;34.0;-28.0;2.0
2619;18.27;4.0;37.0;-33.0;2.0
2629;17.113333333333333;5.0;31.0;-26.0;2.0
2639;18.93;6.0;33.0;-27.0;2.0
2649;17.203333333333333;2.0;36.0;-34.0;2.0
2659;16.87;2.0;33.0;-31.0;2.0
2669;18.553333333333335;8.0;33.0;-25.0;2.0
2679;18.406666666666666;4.0;33.0;-29.0;2.0
2689;18.14;5.0;33.0;-28.0;2.0
2699;18.686666666666667;4.0;38.0;-34.0;2.0
2709;17.373333333333335;5.0;37.0;-32.0;2.0
2719;18.606666666666666;5.0;32.0;-27.0;2.0
2729;17.15;5.0;32.0;-27.0;2.0
2739;18.003333333333334;2.0;34.0;-32.0;2.0
2749;17.536666666666665;4.0;34.0;-30.0;2.0
2759;18.303333333333335;2.0;33.0;-31.0;2.0
2769;17.756666666666668;4.0;33.0;-29.0;2.0
2779;16.363333333333333;2.0;30.0;-28.0;2.0
2789;17.21;5.0;35.0;-30.0;2.0
2799;16.953333333333333;5.0;36.0;-31.0;2.0
2809;16.31;5.0;32.0;-27.0;2.0
2819;17.02;5.0;34.0;-29.0;2.0
2829;16.57;5.0;34.0;-29.0;2.0
2839;17.85333333333333;5.0;40.0;-35.0;2.0
2849;16.763333333333332;2.0;32.0;-30.0;2.0
2859;18.016666666666666;2.0;33.0;-31.0;2.0
2869;18.24;5.0;34.0;-29.0;2.0
2879;16.406666666666666;2.0;34.0;-32.0;2.0
2889;17.4;2.0;37.0;-35.0;2.0
2899;18.433333333333334;3.0;37.0;-34.0;2.0
2909;16.486666666666668;2.0;33.0;-31.0;2.0
2919;18.2;2.0;32.0;-30.0;2.0
2929;15.693333333333333;2.0;30.0;-28.0;2.0
2939;16.49;2.0;34.0;-32.0;2.0
2949;17.35;4.0;32.0;-28.0;2.0
2959;17.356666666666666;2.0;36.0;-34.0;2.0
2969;17.096666666666668;5.0;32.0;-27.0;2.0
2979;17.25;4.0;32.0;-28.0;2.0
2989;16.8;4.0;38.0;-34.0;2.0
2999;18.716666666666665;8.0;35.0;-27.0;2.0
3009;17.586666666666666;4.0;42.0;-38.0;2.0
3019;17.116666666666667;5.0;37.0;-32.0;2.0
3029;17.713333333333335;5.0;36.0;-31.0;2.0
3039;17.51;2.0;31.0;-29.0;2.0
3049;16.076666666666668;2.0;34.0;-32.0;2.0
3059;17.62;5.0;36.0;-31.0;2.0
3069;17.643333333333334;8.0;35.0;-27.0;2.0
3079;17.38;4.0;36.0;-32.0;2.0
3089;19.206666666666667;4.0;36.0;-32.0;2.0
3099;17.023333333333333;2.0;32.0;-30.0;2.0
3109;16.696666666666665;5.0;32.0;-27.0;2.0
3119;16.553333333333335;5.0;37.0;-32.0;2.0
3129;17.22;4.0;35.0;-31.0;2.0
3139;16.28;4.0;34.0;-30.0;2.0
3149;17.026666666666667;5.0;35.0;-30.0;2.0
3159;16.43;2.0;32.0;-30.0;2.0
3169;17.173333333333332;5.0;39.0;-34.0;2.0
3179;16.2;2.0;38.0;-36.0;2.0
3189;17.673333333333332;5.0;35.0;-30.0;2.0
3199;18.686666666666667;5.0;42.0;-37.0;2.0
3209;17.636666666666667;5.0;40.0;-35.0;2.0
3219;17.166666666666668;4.0;35.0;-31.0;2.0
3229;17.166666666666668;5.0;39.0;-34.0;2.0
3239;15.966666666666667;2.0;32.0;-30.0;2.0
3249;17.506666666666668;2.0;35.0;-33.0;2.0
3259;17.963333333333335;2.0;34.0;-32.0;2.0
3269;16.923333333333332;5.0;34.0;-29.0;2.0
3279;17.62;2.0;34.0;-32.0;2.0
3289;17.253333333333334;5.0;34.0;-29.0;2.0
3299;15.78;4.0;32.0;-28.0;2.0
3309;17.673333333333332;5.0;33.0;-28.0;2.0
3319;17.706666666666667;4.0;31.0;-27.0;2.0
3329;17.506666666666668;6.0;33.0;-27.0;2.0
3339;16.623333333333335;2.0;30.0;-28.0;2.0
3349;16.476666666666667;2.0;31.0;-29.0;2.0
3359;16.686666666666667;2.0;35.0;-33.0;2.0
3369;16.46;2.0;35.0;-33.0;2.0
3379;16.88;5.0;33.0;-28.0;2.0
3389;18.65;5.0;32.0;-27.0;2.0
3399;18.143333333333334;5.0;33.0;-28.0;2.0
3409;17.72;5.0;35.0;-30.0;2.0
3419;19.043333333333333;5.0;34.0;-29.0;2.0
3429;16.99;4.0;34.0;-30.0;2.0
3439;17.41;5.0;33.0;-28.0;2.0
3449;18.27;5.0;35.0;-30.0;2.0
3459;16.376666666666665;2.0;39.0;-37.0;2.0
3469;17.176666666666666;5.0;35.0;-30.0;2.0
3479;16.873333333333335;2.0;37.0;-35.0;2.0
3489;16.163333333333334;2.0;33.0;-31.0;2.0
3499;15.45;5.0;38.0;-33.0;2.0
3509;17.636666666666667;5.0;38.0;-33.0;2.0
3519;17.576666666666668;4.0;33.0;-29.0;2.0
3529;16.39666666666667;3.0;31.0;-28.0;2.0
3539;18.973333333333333;6.0;38.0;-32.0;2.0
3549;17.893333333333334;5.0;35.0;-30.0;2.0
3559;17.84;4.0;35.0;-31.0;2.0
3569;17.22;2.0;35.0;-33.0;2.0
3579;17.843333333333334;4.0;33.0;-29.0;2.0
3589;18.886666666666667;5.0;37.0;-32.0;2.0
3599;17.68;5.0;34.0;-29.0;2.0
3609;17.57;5.0;34.0;-29.0;2.0
3619;16.85333333333333;2.0;32.0;-30.0;2.0
3629;17.393333333333334;5.0;33.0;-28.0;2.0
3639;17.946666666666665;2.0;35.0;-33.0;2.0
3649;16.98;2.0;33.0;-31.0;2.0
3659;17.496666666666666;5.0;34.0;-29.0;2.0
3669;19.203333333333333;5.0;36.0;-31.0;2.0
3679;17.96;4.0;33.0;-29.0;2.0
3689;17.35333333333333;4.0;33.0;-29.0;2.0
3699;17.206666666666667;5.0;32.0;-27.0;2.0
3709;19.44333333333333;5.0;35.0;-30.0;2.0
3719;18.203333333333333;4.0;34.0;-30.0;2.0
3729;17.816666666666666;4.0;33.0;-29.0;2.0
3739;15.876666666666667;2.0;35.0;-33.0;2.0
3749;18.326666666666668;5.0;37.0;-32.0;2.0
3759;18.19333333333333;4.0;36.0;-32.0;2.0
3769;16.76;4.0;34.0;-30.0;2.0
3779;17.413333333333334;2.0;36.0;-34.0;2.0
3789;18.666666666666668;2.0;36.0;-34.0;2.0
3799;17.12;2.0;34.0;-32.0;2.0
3809;16.546666666666667;4.0;34.0;-30.0;2.0
3819;16.91;5.0;42.0;-37.0;2.0
3829;20.29;5.0;35.0;-30.0;2.0
3839;17.283333333333335;2.0;33.0;-31.0;2.0
3849;15.826666666666666;2.0;30.0;-28.0;2.0
3859;16.98;5.0;34.0;-29.0;2.0
3869;18.58;7.0;35.0;-28.0;2.0
3879;18.163333333333334;5.0;36.0;-31.0;2.0
3889;16.536666666666665;5.0;38.0;-33.0;2.0
3899;17.846666666666668;5.0;31.0;-26.0;2.0
3909;18.62;4.0;34.0;-30.0;2.0
3919;17.21;4.0;36.0;-32.0;2.0
3929;17.25;5.0;33.0;-28.0;2.0
3939;16.73;6.0;32.0;-26.0;2.0
3949;16.32;2.0;31.0;-29.0;2.0
3959;17.393333333333334;5.0;39.0;-34.0;2.0
3969;17.533333333333335;5.0;32.0;-27.0;2.0
3979;16.263333333333332;5.0;33.0;-28.0;2.0
3989;16.696666666666665;5.0;32.0;-27.0;2.0
3999;17.536666666666665;5.0;36.0;-31.0;2.0
4009;17.036666666666665;5.0;36.0;-31.0;2.0
4019;16.55666666666667;4.0;31.0;-27.0;2.0
4029;17.92;6.0;34.0;-28.0;2.0
4039;18.816666666666666;4.0;37.0;-33.0;2.0
4049;16.723333333333333;5.0;33.0;-28.0;2.0
4059;16.756666666666668;2.0;31.0;-29.0;2.0
4069;15.96;4.0;28.0;-24.0;2.0
4079;18.746666666666666;5.0;38.0;-33.0;2.0
4089;16.083333333333332;2.0;32.0;-30.0;2.0
4099;18.173333333333332;5.0;34.0;-29.0;2.0
4109;16.133333333333333;5.0;38.0;-33.0;2.0
4119;18.256666666666668;2.0;33.0;-31.0;2.0
4129;18.293333333333333;5.0;31.0;-26.0;2.0
4139;16.286666666666665;5.0;33.0;-28.0;2.0
4149;17.92;5.0;44.0;-39.0;2.0
4159;18.356666666666666;5.0;33.0;-28.0;2.0
4169;17.326666666666668;2.0;34.0;-32.0;2.0
4179;16.063333333333333;5.0;32.0;-27.0;2.0
4189;16.963333333333335;3.0;32.0;-29.0;2.0
4199;18.71;7.0;35.0;-28.0;2.0
4209;16.843333333333334;2.0;35.0;-33.0;2.0
4219;17.4;5.0;34.0;-29.0;2.0
4229;16.276666666666667;2.0;34.0;-32.0;2.0
4239;17.516666666666666;2.0;35.0;-33.0;2.0
4249;16.576666666666668;4.0;35.0;-31.0;2.0
4259;16.486666666666668;4.0;31.0;-27.0;2.0
4269;17.986666666666668;5.0;32.0;-27.0;2.0
4279;17.07;5.0;33.0;-28.0;2.0
4289;17.523333333333333;2.0;32.0;-30.0;2.0
4299;16.4;5.0;31.0;-26.0;2.0
4309;16.79;4.0;34.0;-30.0;2.0
4319;17.456666666666667;5.0;37.0;-32.0;2.0
4329;17.663333333333334;5.0;37.0;-32.0;2.0
4339;18.023333333333333;7.0;36.0;-29.0;2.0
4349;18.35;2.0;33.0;-31.0;2.0
4359;17.683333333333334;5.0;35.0;-30.0;2.0
4369;17.11;2.0;33.0;-31.0;2.0
4379;16.586666666666666;2.0;35.0;-33.0;2.0
4389;17.536666666666665;5.0;35.0;-30.0;2.0
4399;16.79;2.0;33.0;-31.0;2.0
4409;18.726666666666667;5.0;40.0;-35.0;2.0
4419;16.89666666666667;4.0;36.0;-32.0;2.0
4429;17.753333333333334;4.0;36.0;-32.0;2.0
4439;15.696666666666667;4.0;31.0;-27.0;2.0
4449;19.536666666666665;5.0;33.0;-28.0;2.0
4459;18.363333333333333;5.0;38.0;-33.0;2.0
4469;16.71;4.0;35.0;-31.0;2.0
4479;18.696666666666665;7.0;39.0;-32.0;2.0
4489;16.5;5.0;30.0;-25.0;2.0
4499;16.143333333333334;2.0;35.0;-33.0;2.0
4509;16.61;3.0;34.0;-31.0;2.0
4519;18.55666666666667;2.0;33.0;-31.0;2.0
4529;16.483333333333334;2.0;32.0;-30.0;2.0
4539;18.063333333333333;5.0;34.0;-29.0;2.0
4549;17.92;3.0;34.0;-31.0;2.0
4559;18.343333333333334;2.0;35.0;-33.0;2.0
4569;18.373333333333335;5.0;37.0;-32.0;2.0
4579;17.39666666666667;6.0;34.0;-28.0;2.0
4589;17.73;5.0;34.0;-29.0;2.0
4599;17.893333333333334;5.0;34.0;-29.0;2.0
4609;16.546666666666667;5.0;34.0;-29.0;2.0
4619;17.003333333333334;5.0;32.0;-27.0;2.0
4629;16.97;5.0;34.0;-29.0;2.0
4639;17.69;6.0;34.0;-28.0;2.0
4649;18.856666666666666;5.0;33.0;-28.0;2.0
4659;17.106666666666666;2.0;43.0;-41.0;2.0
4669;15.45;2.0;33.0;-31.0;2.0
4679;17.536666666666665;2.0;33.0;-31.0;2.0
4689;16.323333333333334;4.0;31.0;-27.0;2.0
4699;19.386666666666667;6.0;35.0;-29.0;2.0
4709;16.85333333333333;4.0;32.0;-28.0;2.0
4719;19.0;6.0;36.0;-30.0;2.0
4729;17.403333333333332;5.0;34.0;-29.0;2.0
4739;16.786666666666665;5.0;34.0;-29.0;2.0
4749;17.64666666666667;2.0;33.0;-31.0;2.0
4759;17.093333333333334;2.0;35.0;-33.0;2.0
4769;17.936666666666667;2.0;37.0;-35.0;2.0
4779;18.243333333333332;2.0;39.0;-37.0;2.0
4789;17.413333333333334;5.0;31.0;-26.0;2.0
4799;17.336666666666666;5.0;36.0;-31.0;2.0
4809;17.256666666666668;2.0;37.0;-35.0;2.0
4819;16.696666666666665;4.0;33.0;-29.0;2.0
4829;17.89;6.0;33.0;-27.0;2.0
4839;16.793333333333333;4.0;38.0;-34.0;2.0
4849;17.58;5.0;36.0;-31.0;2.0
4859;16.283333333333335;5.0;39.0;-34.0;2.0
4869;17.19;5.0;34.0;-29.0;2.0
4879;17.966666666666665;8.0;36.0;-28.0;2.0
4889;17.436666666666667;4.0;32.0;-28.0;2.0
4899;16.253333333333334;4.0;31.0;-27.0;2.0
4909;17.76;2.0;37.0;-35.0;2.0
4919;18.03;5.0;34.0;-29.0;2.0
4929;16.34;2.0;31.0;-29.0;2.0
4939;16.883333333333333;5.0;32.0;-27.0;2.0
4949;17.316666666666666;4.0;32.0;-28.0;2.0
4959;17.19333333333333;3.0;39.0;-36.0;2.0
4969;19.253333333333334;6.0;35.0;-29.0;2.0
4979;18.346666666666668;5.0;35.0;-30.0;2.0
4989;17.533333333333335;2.0;32.0;-30.0;2.0
4999;17.826666666666668;5.0;35.0;-30.0;2.0
5009;18.583333333333332;5.0;37.0;-32.0;2.0
5019;16.79;2.0;33.0;-31.0;2.0
5029;17.326666666666668;2.0;39.0;-37.0;2.0
5039;17.41;2.0;37.0;-35.0;2.0
5049;16.55666666666667;2.0;32.0;-30.0;2.0
5059;17.083333333333332;5.0;36.0;-31.0;2.0
5069;17.166666666666668;4.0;38.0;-34.0;2.0
5079;17.946666666666665;5.0;31.0;-26.0;2.0
5089;18.026666666666667;4.0;37.0;-33.0;2.0
5099;17.656666666666666;2.0;34.0;-32.0;2.0
5109;19.536666666666665;4.0;39.0;-35.0;2.0
5119;18.41;5.0;35.0;-30.0;2.0
5129;16.933333333333334;4.0;33.0;-29.0;2.0
5139;16.783333333333335;2.0;32.0;-30.0;2.0
5149;18.403333333333332;5.0;32.0;-27.0;2.0
5159;18.68;4.0;37.0;-33.0;2.0
5169;17.046666666666667;2.0;35.0;-33.0;2.0
5179;15.88;5.0;32.0;-27.0;2.0
5189;16.63;4.0;32.0;-28.0;2.0
5199;16.133333333333333;5.0;32.0;-27.0;2.0
5209;17.426666666666666;5.0;35.0;-30.0;2.0
5219;17.58;5.0;32.0;-27.0;2.0
5229;17.466666666666665;5.0;35.0;-30.0;2.0
5239;16.483333333333334;2.0;40.0;-38.0;2.0
5249;16.69333333333333;7.0;32.0;-25.0;2.0
5259;18.96;2.0;36.0;-34.0;2.0
5269;16.94;2.0;34.0;-32.0;2.0
5279;16.27;2.0;31.0;-29.0;2.0
5289;16.47;4.0;35.0;-31.0;2.0
5299;18.37;6.0;34.0;-28.0;2.0
5309;18.643333333333334;2.0;37.0;-35.0;2.0
5319;16.06;2.0;39.0;-37.0;2.0
5329;18.336666666666666;2.0;39.0;-37.0;2.0
5339;18.733333333333334;2.0;37.0;-35.0;2.0
5349;18.206666666666667;5.0;39.0;-34.0;2.0
5359;18.61;8.0;33.0;-25.0;2.0
5369;17.093333333333334;5.0;40.0;-35.0;2.0
5379;17.12;7.0;35.0;-28.0;2.0
5389;18.30666666666667;5.0;37.0;-32.0;2.0
5399;16.49;2.0;32.0;-30.0;2.0
5409;18.296666666666667;5.0;37.0;-32.0;2.0
5419;17.52;2.0;37.0;-35.0;2.0
5429;17.26;4.0;44.0;-40.0;2.0
5439;17.21;5.0;35.0;-30.0;2.0
5449;17.16;2.0;34.0;-32.0;2.0
5459;16.97;5.0;33.0;-28.0;2.0
5469;17.743333333333332;4.0;33.0;-29.0;2.0
5479;16.026666666666667;2.0;32.0;-30.0;2.0
5489;16.86;2.0;34.0;-32.0;2.0
5499;17.293333333333333;2.0;35.0;-33.0;2.0
5509;16.946666666666665;4.0;35.0;-31.0;2.0
5519;16.19;5.0;31.0;-26.0;2.0
5529;17.486666666666668;4.0;36.0;-32.0;2.0
5539;17.473333333333333;5.0;34.0;-29.0;2.0
5549;17.86;5.0;35.0;-30.0;2.0
5559;19.026666666666667;4.0;37.0;-33.0;2.0
5569;16.53;2.0;34.0;-32.0;2.0
5579;16.6;2.0;35.0;-33.0;2.0
5589;18.07;6.0;35.0;-29.0;2.0
5599;17.866666666666667;5.0;33.0;-28.0;2.0
5609;17.926666666666666;4.0;39.0;-35.0;2.0
5619;17.81;2.0;33.0;-31.0;2.0
5629;18.6;4.0;34.0;-30.0;2.0
5639;16.823333333333334;4.0;33.0;-29.0;2.0
5649;17.133333333333333;4.0;39.0;-35.0;2.0
5659;16.846666666666668;5.0;32.0;-27.0;2.0
5669;16.803333333333335;5.0;32.0;-27.0;2.0
5679;19.723333333333333;8.0;37.0;-29.0;2.0
5689;18.926666666666666;5.0;42.0;-37.0;2.0
5699;18.206666666666667;5.0;35.0;-30.0;2.0
5709;16.576666666666668;2.0;31.0;-29.0;2.0
5719;18.253333333333334;5.0;36.0;-31.0;2.0
5729;19.613333333333333;7.0;35.0;-28.0;2.0
5739;19.093333333333334;8.0;37.0;-29.0;2.0
5749;16.613333333333333;2.0;33.0;-31.0;2.0
5759;16.773333333333333;4.0;32.0;-28.0;2.0
5769;17.60333333333333;5.0;32.0;-27.0;2.0
5779;17.316666666666666;2.0;36.0;-34.0;2.0
5789;17.32;2.0;33.0;-31.0;2.0
5799;16.723333333333333;4.0;35.0;-31.0;2.0
5809;17.486666666666668;5.0;41.0;-36.0;2.0
5819;17.266666666666666;7.0;34.0;-27.0;2.0
5829;18.81;4.0;39.0;-35.0;2.0
5839;17.736666666666668;4.0;34.0;-30.0;2.0
5849;17.2;5.0;35.0;-30.0;2.0
5859;18.366666666666667;5.0;36.0;-31.0;2.0
5869;17.503333333333334;4.0;34.0;-30.0;2.0
5879;16.04;5.0;30.0;-25.0;2.0
5889;17.316666666666666;5.0;35.0;-30.0;2.0
5899;16.826666666666668;4.0;34.0;-30.0;2.0
5909;17.93;6.0;34.0;-28.0;2.0
5919;17.76;2.0;33.0;-31.0;2.0
5929;17.376666666666665;2.0;34.0;-32.0;2.0
5939;17.82;5.0;36.0;-31.0;2.0
5949;16.293333333333333;2.0;33.0;-31.0;2.0
5959;18.296666666666667;5.0;37.0;-32.0;2.0
5969;18.45;2.0;36.0;-34.0;2.0
5979;17.55666666666667;2.0;40.0;-38.0;2.0
5989;17.99;5.0;36.0;-31.0;2.0
5999;16.0;2.0;36.0;-34.0;2.0
6009;17.44;4.0;37.0;-33.0;2.0
6019;18.45;5.0;43.0;-38.0;2.0
6029;17.343333333333334;5.0;32.0;-27.0;2.0
6039;16.583333333333332;2.0;32.0;-30.0;2.0
6049;16.67;2.0;35.0;-33.0;2.0
6059;17.75;2.0;33.0;-31.0;2.0
6069;16.326666666666668;2.0;40.0;-38.0;2.0
6079;17.21;5.0;39.0;-34.0;2.0
6089;17.906666666666666;5.0;34.0;-29.0;2.0
6099;16.143333333333334;2.0;31.0;-29.0;2.0
6109;18.313333333333333;5.0;39.0;-34.0;2.0
6119;18.066666666666666;2.0;33.0;-31.0;2.0
6129;16.716666666666665;5.0;30.0;-25.0;2.0
6139;17.433333333333334;5.0;34.0;-29.0;2.0
6149;17.113333333333333;5.0;32.0;-27.0;2.0
6159;17.926666666666666;2.0;34.0;-32.0;2.0
6169;18.74;5.0;40.0;-35.0;2.0
6179;16.623333333333335;2.0;33.0;-31.0;2.0
6189;17.12;4.0;32.0;-28.0;2.0
6199;18.0;5.0;36.0;-31.0;2.0
6209;17.446666666666665;3.0;35.0;-32.0;2.0
6219;16.98;6.0;31.0;-25.0;2.0
6229;17.003333333333334;5.0;35.0;-30.0;2.0
6239;17.95;5.0;32.0;-27.0;2.0
6249;16.706666666666667;4.0;40.0;-36.0;2.0
6259;17.673333333333332;5.0;35.0;-30.0;2.0
6269;15.96;5.0;30.0;-25.0;2.0
6279;16.516666666666666;2.0;33.0;-31.0;2.0
6289;15.373333333333333;2.0;32.0;-30.0;2.0
6299;17.35;5.0;35.0;-30.0;2.0
6309;16.333333333333332;4.0;32.0;-28.0;2.0
6319;16.35333333333333;2.0;36.0;-34.0;2.0
6329;16.846666666666668;5.0;32.0;-27.0;2.0
6339;17.523333333333333;5.0;38.0;-33.0;2.0
6349;16.333333333333332;2.0;35.0;-33.0;2.0
6359;18.783333333333335;8.0;41.0;-33.0;2.0
6369;17.07;2.0;34.0;-32.0;2.0
6379;16.706666666666667;5.0;33.0;-28.0;2.0
6389;17.566666666666666;5.0;34.0;-29.0;2.0
6399;16.126666666666665;4.0;33.0;-29.0;2.0
6409;17.29;5.0;35.0;-30.0;2.0
6419;18.453333333333333;2.0;36.0;-34.0;2.0
6429;17.456666666666667;5.0;33.0;-28.0;2.0
6439;19.016666666666666;5.0;35.0;-30.0;2.0
6449;16.993333333333332;5.0;33.0;-28.0;2.0
6459;18.116666666666667;5.0;36.0;-31.0;2.0
6469;17.843333333333334;5.0;37.0;-32.0;2.0
6479;17.743333333333332;2.0;37.0;-35.0;2.0
6489;17.13;5.0;40.0;-35.0;2.0
6499;15.623333333333333;4.0;32.0;-28.0;2.0
6509;19.41;2.0;37.0;-35.0;2.0
6519;18.61;5.0;34.0;-29.0;2.0
6529;17.13;2.0;37.0;-35.0;2.0
6539;16.606666666666666;2.0;31.0;-29.0;2.0
6549;17.01;5.0;33.0;-28.0;2.0
6559;16.596666666666668;2.0;32.0;-30.0;2.0
6569;17.44;5.0;30.0;-25.0;2.0
6579;17.513333333333332;6.0;34.0;-28.0;2.0
6589;16.43;4.0;40.0;-36.0;2.0
6599;18.86;7.0;39.0;-32.0;2.0
6609;17.463333333333335;5.0;35.0;-30.0;2.0
6619;17.22;4.0;37.0;-33.0;2.0
6629;19.163333333333334;7.0;40.0;-33.0;2.0
6639;16.4;2.0;36.0;-34.0;2.0
6649;16.386666666666667;5.0;34.0;-29.0;2.0
6659;18.706666666666667;5.0;35.0;-30.0;2.0
6669;17.39;2.0;33.0;-31.0;2.0
6679;16.376666666666665;5.0;30.0;-25.0;2.0
6689;17.203333333333333;5.0;35.0;-30.0;2.0
6699;17.143333333333334;7.0;37.0;-30.0;2.0
6709;16.19333333333333;2.0;31.0;-29.0;2.0
6719;17.946666666666665;5.0;33.0;-28.0;2.0
6729;18.11;5.0;37.0;-32.0;2.0
6739;17.753333333333334;2.0;34.0;-32.0;2.0
6749;16.8;2.0;34.0;-32.0;2.0
6759;18.73;8.0;36.0;-28.0;2.0
6769;18.403333333333332;5.0;36.0;-31.0;2.0
6779;17.356666666666666;6.0;33.0;-27.0;2.0
6789;16.79;5.0;33.0;-28.0;2.0
6799;16.553333333333335;2.0;34.0;-32.0;2.0
6809;17.13;4.0;32.0;-28.0;2.0
6819;18.64666666666667;2.0;36.0;-34.0;2.0
6829;16.916666666666668;2.0;35.0;-33.0;2.0
6839;16.573333333333334;5.0;32.0;-27.0;2.0
6849;17.256666666666668;2.0;39.0;-37.0;2.0
6859;16.296666666666667;5.0;37.0;-32.0;2.0
6869;18.57;7.0;33.0;-26.0;2.0
6879;17.763333333333332;4.0;34.0;-30.0;2.0
6889;19.383333333333333;7.0;39.0;-32.0;2.0
6899;16.916666666666668;2.0;38.0;-36.0;2.0
6909;15.483333333333333;2.0;29.0;-27.0;2.0
6919;16.79;5.0;32.0;-27.0;2.0
6929;19.006666666666668;6.0;32.0;-26.0;2.0
6939;16.993333333333332;5.0;32.0;-27.0;2.0
6949;17.416666666666668;3.0;33.0;-30.0;2.0
6959;19.176666666666666;6.0;39.0;-33.0;2.0
6969;17.893333333333334;5.0;35.0;-30.0;2.0
6979;17.636666666666667;2.0;36.0;-34.0;2.0
6989;17.676666666666666;5.0;35.0;-30.0;2.0
6999;18.186666666666667;2.0;34.0;-32.0;2.0
7009;17.1;5.0;34.0;-29.0;2.0
7019;17.203333333333333;2.0;33.0;-31.0;2.0
7029;16.576666666666668;2.0;36.0;-34.0;2.0
7039;16.49;5.0;31.0;-26.0;2.0
7049;17.173333333333332;5.0;36.0;-31.0;2.0
7059;17.356666666666666;4.0;30.0;-26.0;2.0
7069;18.203333333333333;6.0;38.0;-32.0;2.0
7079;17.316666666666666;5.0;36.0;-31.0;2.0
7089;16.79;2.0;35.0;-33.0;2.0
7099;16.376666666666665;2.0;34.0;-32.0;2.0
7109;16.166666666666668;2.0;35.0;-33.0;2.0
7119;16.203333333333333;3.0;37.0;-34.0;2.0
7129;17.376666666666665;5.0;34.0;-29.0;2.0
7139;17.35;7.0;30.0;-23.0;2.0
7149;15.776666666666667;2.0;33.0;-31.0;2.0
7159;17.876666666666665;5.0;32.0;-27.0;2.0
7169;15.893333333333333;2.0;35.0;-33.0;2.0
7179;17.913333333333334;5.0;41.0;-36.0;2.0
7189;18.7;5.0;39.0;-34.0;2.0
7199;16.96;5.0;34.0;-29.0;2.0
7209;16.666666666666668;5.0;35.0;-30.0;2.0
7219;18.22;5.0;37.0;-32.0;2.0
7229;18.39666666666667;6.0;34.0;-28.0;2.0
7239;17.436666666666667;4.0;37.0;-33.0;2.0
7249;16.0;4.0;32.0;-28.0;2.0
7259;17.143333333333334;5.0;33.0;-28.0;2.0
7269;18.153333333333332;5.0;34.0;-29.0;2.0
7279;15.67;5.0;31.0;-26.0;2.0
7289;16.423333333333332;2.0;30.0;-28.0;2.0
7299;17.346666666666668;5.0;39.0;-34.0;2.0
7309;16.463333333333335;2.0;32.0;-30.0;2.0
7319;18.766666666666666;5.0;35.0;-30.0;2.0
7329;18.213333333333335;5.0;35.0;-30.0;2.0
7339;18.71;2.0;35.0;-33.0;2.0
7349;16.513333333333332;2.0;33.0;-31.0;2.0
7359;18.27;2.0;36.0;-34.0;2.0
7369;19.173333333333332;7.0;38.0;-31.0;2.0
7379;18.53;5.0;34.0;-29.0;2.0
7389;18.003333333333334;5.0;35.0;-30.0;2.0
7399;17.973333333333333;2.0;36.0;-34.0;2.0
7409;17.696666666666665;3.0;35.0;-32.0;2.0
7419;17.083333333333332;7.0;36.0;-29.0;2.0
7429;18.246666666666666;5.0;41.0;-36.0;2.0
7439;17.116666666666667;5.0;33.0;-28.0;2.0
7449;18.60333333333333;5.0;33.0;-28.0;2.0
7459;20.076666666666668;6.0;40.0;-34.0;2.0
7469;17.616666666666667;5.0;35.0;-30.0;2.0
7479;17.416666666666668;3.0;34.0;-31.0;2.0
7489;16.873333333333335;2.0;34.0;-32.0;2.0
7499;17.696666666666665;6.0;34.0;-28.0;2.0
7509;18.626666666666665;5.0;35.0;-30.0;2.0
7519;17.80666666666667;4.0;32.0;-28.0;2.0
7529;15.89;4.0;35.0;-31.0;2.0
7539;16.67;2.0;34.0;-32.0;2.0
7549;18.176666666666666;5.0;34.0;-29.0;2.0
7559;17.76;2.0;38.0;-36.0;2.0
7569;18.466666666666665;4.0;34.0;-30.0;2.0
7579;16.373333333333335;5.0;38.0;-33.0;2.0
7589;16.87;5.0;30.0;-25.0;2.0
7599;16.233333333333334;2.0;33.0;-31.0;2.0
7609;16.696666666666665;2.0;32.0;-30.0;2.0
7619;16.98;4.0;41.0;-37.0;2.0
7629;17.156666666666666;2.0;32.0;-30.0;2.0
7639;18.19;4.0;33.0;-29.0;2.0
7649;16.203333333333333;5.0;29.0;-24.0;2.0
7659;16.96;2.0;38.0;-36.0;2.0
7669;15.543333333333333;4.0;40.0;-36.0;2.0
7679;16.876666666666665;5.0;37.0;-32.0;2.0
7689;16.346666666666668;2.0;32.0;-30.0;2.0
7699;16.89;5.0;32.0;-27.0;2.0
7709;17.94333333333333;5.0;33.0;-28.0;2.0
7719;17.486666666666668;4.0;36.0;-32.0;2.0
7729;16.973333333333333;2.0;33.0;-31.0;2.0
7739;18.006666666666668;5.0;46.0;-41.0;2.0
7749;16.836666666666666;5.0;33.0;-28.0;2.0
7759;17.163333333333334;2.0;34.0;-32.0;2.0
7769;17.60333333333333;4.0;33.0;-29.0;2.0
7779;18.176666666666666;4.0;34.0;-30.0;2.0
7789;17.30666666666667;7.0;41.0;-34.0;2.0
7799;17.496666666666666;2.0;36.0;-34.0;2.0
7809;16.94333333333333;2.0;32.0;-30.0;2.0
7819;18.486666666666668;8.0;36.0;-28.0;2.0
7829;19.053333333333335;4.0;35.0;-31.0;2.0
7839;15.466666666666667;2.0;34.0;-32.0;2.0
7849;16.08;2.0;31.0;-29.0;2.0
7859;16.266666666666666;3.0;35.0;-32.0;2.0
7869;18.19;5.0;33.0;-28.0;2.0
7879;17.743333333333332;5.0;33.0;-28.0;2.0
7889;17.69333333333333;5.0;37.0;-32.0;2.0
7899;16.86;4.0;35.0;-31.0;2.0
7909;17.016666666666666;5.0;35.0;-30.0;2.0
7919;16.996666666666666;2.0;32.0;-30.0;2.0
7929;17.626666666666665;2.0;31.0;-29.0;2.0
7939;18.256666666666668;5.0;35.0;-30.0;2.0
7949;17.713333333333335;5.0;37.0;-32.0;2.0
7959;18.42;2.0;35.0;-33.0;2.0
7969;17.846666666666668;5.0;33.0;-28.0;2.0
7979;18.403333333333332;5.0;40.0;-35.0;2.0
7989;18.29;4.0;35.0;-31.0;2.0
7999;17.11;5.0;35.0;-30.0;2.0
8009;17.766666666666666;5.0;32.0;-27.0;2.0
8019;17.843333333333334;4.0;40.0;-36.0;2.0
8029;16.97;5.0;33.0;-28.0;2.0
8039;16.836666666666666;5.0;38.0;-33.0;2.0
8049;17.623333333333335;5.0;37.0;-32.0;2.0
8059;17.52;5.0;36.0;-31.0;2.0
8069;17.39666666666667;5.0;35.0;-30.0;2.0
8079;16.60333333333333;7.0;31.0;-24.0;2.0
8089;17.233333333333334;2.0;36.0;-34.0;2.0
8099;17.956666666666667;5.0;38.0;-33.0;2.0
8109;17.523333333333333;4.0;32.0;-28.0;2.0
8119;17.403333333333332;5.0;31.0;-26.0;2.0
8129;18.083333333333332;5.0;36.0;-31.0;2.0
8139;16.903333333333332;2.0;32.0;-30.0;2.0
8149;18.1;5.0;33.0;-28.0;2.0
8159;16.963333333333335;4.0;33.0;-29.0;2.0
8169;17.1;4.0;33.0;-29.0;2.0
8179;16.256666666666668;2.0;32.0;-30.0;2.0
8189;16.813333333333333;4.0;31.0;-27.0;2.0
8199;16.84;5.0;35.0;-30.0;2.0
8209;17.543333333333333;4.0;34.0;-30.0;2.0
8219;17.55666666666667;6.0;36.0;-30.0;2.0
8229;18.226666666666667;5.0;37.0;-32.0;2.0
8239;17.63;4.0;34.0;-30.0;2.0
8249;17.68;6.0;34.0;-28.0;2.0
8259;16.373333333333335;5.0;39.0;-34.0;2.0
8269;17.233333333333334;2.0;34.0;-32.0;2.0
8279;17.473333333333333;2.0;35.0;-33.0;2.0
8289;17.173333333333332;4.0;32.0;-28.0;2.0
8299;17.043333333333333;2.0;36.0;-34.0;2.0
8309;17.34;2.0;32.0;-30.0;2.0
8319;18.463333333333335;5.0;36.0;-31.0;2.0
8329;16.86;2.0;32.0;-30.0;2.0
8339;17.84;5.0;34.0;-29.0;2.0
8349;17.223333333333333;2.0;35.0;-33.0;2.0
8359;17.216666666666665;2.0;34.0;-32.0;2.0
8369;16.77;5.0;34.0;-29.0;2.0
8379;16.836666666666666;5.0;36.0;-31.0;2.0
8389;17.713333333333335;2.0;32.0;-30.0;2.0
8399;18.803333333333335;5.0;40.0;-35.0;2.0
8409;18.036666666666665;4.0;33.0;-29.0;2.0
8419;18.02;5.0;34.0;-29.0;2.0
8429;17.223333333333333;5.0;33.0;-28.0;2.0
8439;17.926666666666666;5.0;36.0;-31.0;2.0
8449;17.236666666666668;5.0;37.0;-32.0;2.0
8459;16.25;2.0;31.0;-29.0;2.0
8469;18.086666666666666;5.0;31.0;-26.0;2.0
8479;16.85333333333333;4.0;41.0;-37.0;2.0
8489;15.93;2.0;33.0;-31.0;2.0
8499;18.583333333333332;5.0;33.0;-28.0;2.0
8509;16.77;2.0;33.0;-31.0;2.0
8519;16.736666666666668;5.0;40.0;-35.0;2.0
8529;17.60333333333333;5.0;32.0;-27.0;2.0
8539;18.35;7.0;35.0;-28.0;2.0
8549;18.86;4.0;42.0;-38.0;2.0
8559;17.57;4.0;32.0;-28.0;2.0
8569;16.706666666666667;5.0;32.0;-27.0;2.0
8579;18.49;2.0;36.0;-34.0;2.0
8589;17.913333333333334;4.0;35.0;-31.0;2.0
8599;19.98;8.0;37.0;-29.0;2.0
8609;16.59;3.0;31.0;-28.0;2.0
8619;17.153333333333332;4.0;29.0;-25.0;2.0
8629;18.433333333333334;5.0;35.0;-30.0;2.0
8639;16.276666666666667;2.0;35.0;-33.0;2.0
8649;17.293333333333333;2.0;41.0;-39.0;2.0
8659;17.31;5.0;33.0;-28.0;2.0
8669;16.573333333333334;2.0;37.0;-35.0;2.0
8679;19.053333333333335;5.0;32.0;-27.0;2.0
8689;17.4;5.0;38.0;-33.0;2.0
8699;17.533333333333335;2.0;33.0;-31.0;2.0
8709;16.93;5.0;35.0;-30.0;2.0
8719;18.456666666666667;2.0;35.0;-33.0;2.0
8729;18.426666666666666;5.0;34.0;-29.0;2.0
8739;17.023333333333333;2.0;36.0;-34.0;2.0
8749;18.223333333333333;4.0;35.0;-31.0;2.0
8759;19.84;7.0;39.0;-32.0;2.0
8769;18.64;4.0;36.0;-32.0;2.0
8779;17.186666666666667;5.0;35.0;-30.0;2.0
8789;16.13;5.0;34.0;-29.0;2.0
8799;17.2;2.0;34.0;-32.0;2.0
8809;16.313333333333333;5.0;31.0;-26.0;2.0
8819;16.14666666666667;2.0;31.0;-29.0;2.0
8829;17.496666666666666;4.0;34.0;-30.0;2.0
8839;18.676666666666666;6.0;38.0;-32.0;2.0
8849;17.033333333333335;5.0;34.0;-29.0;2.0
8859;18.73;6.0;37.0;-31.0;2.0
8869;17.26;5.0;33.0;-28.0;2.0
8879;16.256666666666668;5.0;34.0;-29.0;2.0
8889;17.24;2.0;33.0;-31.0;2.0
8899;18.85;5.0;35.0;-30.0;2.0
8909;16.703333333333333;2.0;34.0;-32.0;2.0
8919;17.456666666666667;2.0;34.0;-32.0;2.0
8929;16.253333333333334;2.0;38.0;-36.0;2.0
8939;16.276666666666667;5.0;36.0;-31.0;2.0
8949;17.483333333333334;5.0;37.0;-32.0;2.0
8959;18.433333333333334;5.0;37.0;-32.0;2.0
8969;19.94;6.0;35.0;-29.0;2.0
8979;16.893333333333334;4.0;34.0;-30.0;2.0
8989;16.34;2.0;34.0;-32.0;2.0
8999;16.656666666666666;4.0;33.0;-29.0;2.0
9009;18.466666666666665;4.0;35.0;-31.0;2.0
9019;16.436666666666667;2.0;31.0;-29.0;2.0
9029;16.846666666666668;2.0;33.0;-31.0;2.0
9039;17.803333333333335;5.0;35.0;-30.0;2.0
9049;17.463333333333335;2.0;34.0;-32.0;2.0
9059;17.796666666666667;5.0;35.0;-30.0;2.0
9069;17.286666666666665;4.0;37.0;-33.0;2.0
9079;16.986666666666668;2.0;32.0;-30.0;2.0
9089;17.523333333333333;5.0;37.0;-32.0;2.0
9099;17.903333333333332;4.0;36.0;-32.0;2.0
9109;16.216666666666665;5.0;32.0;-27.0;2.0
9119;18.57;2.0;36.0;-34.0;2.0
9129;16.993333333333332;2.0;34.0;-32.0;2.0
9139;17.48;2.0;34.0;-32.0;2.0
9149;17.326666666666668;4.0;35.0;-31.0;2.0
9159;17.256666666666668;7.0;41.0;-34.0;2.0
9169;18.85333333333333;5.0;36.0;-31.0;2.0
9179;18.236666666666668;5.0;43.0;-38.0;2.0
9189;18.086666666666666;5.0;39.0;-34.0;2.0
9199;17.816666666666666;5.0;34.0;-29.0;2.0
9209;16.23;2.0;40.0;-38.0;2.0
9219;17.486666666666668;2.0;34.0;-32.0;2.0
9229;17.416666666666668;5.0;38.0;-33.0;2.0
9239;16.313333333333333;4.0;36.0;-32.0;2.0
9249;16.663333333333334;4.0;37.0;-33.0;2.0
9259;17.14;5.0;33.0;-28.0;2.0
9269;17.316666666666666;4.0;35.0;-31.0;2.0
9279;14.673333333333334;2.0;32.0;-30.0;2.0
9289;17.59;2.0;31.0;-29.0;2.0
9299;16.59;5.0;35.0;-30.0;2.0
9309;16.613333333333333;2.0;33.0;-31.0;2.0
9319;17.823333333333334;3.0;32.0;-29.0;2.0
9329;16.476666666666667;5.0;30.0;-25.0;2.0
9339;18.35333333333333;5.0;34.0;-29.0;2.0
9349;17.703333333333333;4.0;32.0;-28.0;2.0
9359;16.403333333333332;5.0;32.0;-27.0;2.0
9369;16.46;4.0;34.0;-30.0;2.0
9379;16.87;2.0;32.0;-30.0;2.0
9389;17.44;5.0;34.0;-29.0;2.0
9399;16.25;3.0;41.0;-38.0;2.0
9409;17.423333333333332;5.0;35.0;-30.0;2.0
9419;16.313333333333333;2.0;34.0;-32.0;2.0
9429;17.413333333333334;5.0;35.0;-30.0;2.0
9439;17.606666666666666;2.0;34.0;-32.0;2.0
9449;17.023333333333333;5.0;35.0;-30.0;2.0
9459;17.026666666666667;4.0;37.0;-33.0;2.0
9469;17.42;2.0;34.0;-32.0;2.0
9479;16.153333333333332;2.0;35.0;-33.0;2.0
9489;16.043333333333333;5.0;34.0;-29.0;2.0
9499;15.326666666666666;4.0;35.0;-31.0;2.0
9509;17.61;5.0;36.0;-31.0;2.0
9519;19.143333333333334;5.0;41.0;-36.0;2.0
9529;17.026666666666667;2.0;32.0;-30.0;2.0
9539;18.283333333333335;2.0;38.0;-36.0;2.0
9549;18.053333333333335;5.0;34.0;-29.0;2.0
9559;18.56;7.0;38.0;-31.0;2.0
9569;17.566666666666666;2.0;33.0;-31.0;2.0
9579;17.296666666666667;4.0;34.0;-30.0;2.0
9589;18.046666666666667;4.0;32.0;-28.0;2.0
9599;18.386666666666667;5.0;35.0;-30.0;2.0
9609;18.276666666666667;5.0;33.0;-28.0;2.0
9619;16.756666666666668;2.0;38.0;-36.0;2.0
9629;16.553333333333335;2.0;35.0;-33.0;2.0
9639;17.35333333333333;5.0;33.0;-28.0;2.0
9649;17.423333333333332;5.0;37.0;-32.0;2.0
9659;18.503333333333334;5.0;36.0;-31.0;2.0
9669;19.006666666666668;5.0;39.0;-34.0;2.0
9679;17.803333333333335;2.0;36.0;-34.0;2.0
9689;16.523333333333333;3.0;35.0;-32.0;2.0
9699;16.89;5.0;34.0;-29.0;2.0
9709;17.34;4.0;32.0;-28.0;2.0
9719;18.386666666666667;4.0;37.0;-33.0;2.0
9729;17.64;2.0;31.0;-29.0;2.0
9739;17.473333333333333;5.0;32.0;-27.0;2.0
9749;17.4;5.0;33.0;-28.0;2.0
9759;18.473333333333333;4.0;39.0;-35.0;2.0
9769;18.0;5.0;34.0;-29.0;2.0
9779;15.976666666666667;2.0;37.0;-35.0;2.0
9789;17.77;5.0;40.0;-35.0;2.0
9799;17.76;5.0;36.0;-31.0;2.0
9809;17.956666666666667;2.0;33.0;-31.0;2.0
9819;18.026666666666667;2.0;32.0;-30.0;2.0
9829;16.983333333333334;5.0;35.0;-30.0;2.0
9839;17.226666666666667;2.0;42.0;-40.0;2.0
9849;16.966666666666665;5.0;30.0;-25.0;2.0
9859;16.856666666666666;4.0;32.0;-28.0;2.0
9869;16.196666666666665;4.0;31.0;-27.0;2.0
9879;17.046666666666667;5.0;38.0;-33.0;2.0
9889;15.846666666666666;4.0;32.0;-28.0;2.0
9899;18.336666666666666;5.0;35.0;-30.0;2.0
9909;18.476666666666667;4.0;36.0;-32.0;2.0
9919;14.986666666666666;2.0;31.0;-29.0;2.0
9929;16.32;6.0;31.0;-25.0;2.0
9939;17.19;5.0;35.0;-30.0;2.0
9949;16.073333333333334;2.0;32.0;-30.0;2.0
9959;17.343333333333334;3.0;30.0;-27.0;2.0
9969;17.793333333333333;5.0;37.0;-32.0;2.0
9979;16.976666666666667;5.0;33.0;-28.0;2.0
9989;18.08;4.0;37.0;-33.0;2.0
9999;17.51;5.0;36.0;-31.0;2.0
10009;18.773333333333333;4.0;33.0;-29.0;2.0
10019;17.62;4.0;30.0;-26.0;2.0
10029;16.423333333333332;5.0;31.0;-26.0;2.0
10039;17.033333333333335;2.0;38.0;-36.0;2.0
10049;15.903333333333334;2.0;31.0;-29.0;2.0
10059;17.533333333333335;7.0;35.0;-28.0;2.0
10069;16.773333333333333;5.0;31.0;-26.0;2.0
10079;18.623333333333335;5.0;38.0;-33.0;2.0
10089;18.746666666666666;5.0;36.0;-31.0;2.0
10099;18.993333333333332;4.0;36.0;-32.0;2.0
10109;16.893333333333334;2.0;30.0;-28.0;2.0
10119;16.606666666666666;7.0;34.0;-27.0;2.0
10129;17.27;2.0;38.0;-36.0;2.0
10139;17.243333333333332;2.0;37.0;-35.0;2.0
10149;17.293333333333333;2.0;35.0;-33.0;2.0
10159;16.993333333333332;5.0;32.0;-27.0;2.0
10169;17.38;4.0;36.0;-32.0;2.0
10179;16.983333333333334;5.0;30.0;-25.0;2.0
10189;17.34;5.0;32.0;-27.0;2.0
10199;18.10333333333333;5.0;36.0;-31.0;2.0
10209;15.74;2.0;31.0;-29.0;2.0
10219;17.453333333333333;5.0;35.0;-30.0;2.0
10229;19.63;5.0;39.0;-34.0;2.0
10239;19.216666666666665;7.0;35.0;-28.0;2.0
10249;17.653333333333332;5.0;34.0;-29.0;2.0
10259;17.213333333333335;2.0;35.0;-33.0;2.0
10269;16.85333333333333;2.0;32.0;-30.0;2.0
10279;16.466666666666665;3.0;32.0;-29.0;2.0
10289;16.583333333333332;2.0;33.0;-31.0;2.0
10299;18.186666666666667;5.0;33.0;-28.0;2.0
10309;16.686666666666667;2.0;30.0;-28.0;2.0
10319;17.703333333333333;5.0;35.0;-30.0;2.0
10329;16.483333333333334;2.0;33.0;-31.0;2.0
10339;14.896666666666667;2.0;32.0;-30.0;2.0
10349;15.803333333333333;2.0;33.0;-31.0;2.0
10359;17.183333333333334;4.0;31.0;-27.0;2.0
10369;18.376666666666665;5.0;35.0;-30.0;2.0
10379;16.24;6.0;35.0;-29.0;2.0
10389;17.55;5.0;34.0;-29.0;2.0
10399;16.18;2.0;35.0;-33.0;2.0
10409;18.066666666666666;6.0;33.0;-27.0;2.0
10419;18.136666666666667;5.0;37.0;-32.0;2.0
10429;18.163333333333334;6.0;36.0;-30.0;2.0
10439;18.063333333333333;5.0;40.0;-35.0;2.0
10449;19.19333333333333;5.0;36.0;-31.0;2.0
10459;18.35;6.0;36.0;-30.0;2.0
10469;16.9;2.0;35.0;-33.0;2.0
10479;18.283333333333335;5.0;34.0;-29.0;2.0
10489;17.573333333333334;5.0;33.0;-28.0;2.0
10499;16.936666666666667;2.0;32.0;-30.0;2.0
10509;17.94333333333333;5.0;36.0;-31.0;2.0
10519;15.92;5.0;32.0;-27.0;2.0
10529;15.783333333333333;2.0;32.0;-30.0;2.0
10539;16.75;2.0;34.0;-32.0;2.0
10549;17.163333333333334;5.0;37.0;-32.0;2.0
10559;18.706666666666667;5.0;35.0;-30.0;2.0
10569;17.283333333333335;6.0;34.0;-28.0;2.0
10579;17.316666666666666;5.0;34.0;-29.0;2.0
10589;18.256666666666668;6.0;33.0;-27.0;2.0
10599;17.053333333333335;5.0;38.0;-33.0;2.0
10609;16.55666666666667;2.0;32.0;-30.0;2.0
10619;18.006666666666668;7.0;33.0;-26.0;2.0
10629;17.616666666666667;5.0;36.0;-31.0;2.0
10639;16.13;2.0;32.0;-30.0;2.0
10649;16.14;2.0;30.0;-28.0;2.0
10659;17.956666666666667;2.0;38.0;-36.0;2.0
10669;18.066666666666666;5.0;33.0;-28.0;2.0
10679;18.13;5.0;35.0;-30.0;2.0
10689;18.736666666666668;5.0;39.0;-34.0;2.0
10699;17.043333333333333;5.0;33.0;-28.0;2.0
10709;17.686666666666667;5.0;38.0;-33.0;2.0
10719;18.38;5.0;34.0;-29.0;2.0
10729;15.956666666666667;3.0;33.0;-30.0;2.0
10739;17.116666666666667;5.0;34.0;-29.0;2.0
10749;16.846666666666668;5.0;32.0;-27.0;2.0
10759;17.416666666666668;5.0;32.0;-27.0;2.0
10769;17.596666666666668;2.0;36.0;-34.0;2.0
10779;18.073333333333334;5.0;37.0;-32.0;2.0
10789;18.663333333333334;4.0;40.0;-36.0;2.0
10799;18.01;6.0;33.0;-27.0;2.0
10809;17.826666666666668;5.0;30.0;-25.0;2.0
10819;18.26;3.0;34.0;-31.0;2.0
10829;17.39666666666667;4.0;39.0;-35.0;2.0
10839;17.663333333333334;5.0;34.0;-29.0;2.0
10849;18.436666666666667;4.0;35.0;-31.0;2.0
10859;19.093333333333334;5.0;42.0;-37.0;2.0
10869;16.106666666666666;4.0;35.0;-31.0;2.0
10879;18.293333333333333;4.0;35.0;-31.0;2.0
10889;18.62;7.0;34.0;-27.0;2.0
10899;17.65;5.0;35.0;-30.0;2.0
10909;17.293333333333333;5.0;39.0;-34.0;2.0
10919;16.72;5.0;32.0;-27.0;2.0
10929;17.26;5.0;39.0;-34.0;2.0
10939;17.403333333333332;3.0;31.0;-28.0;2.0
10949;18.196666666666665;6.0;35.0;-29.0;2.0
10959;18.206666666666667;4.0;38.0;-34.0;2.0
10969;17.673333333333332;6.0;32.0;-26.0;2.0
10979;18.44;5.0;40.0;-35.0;2.0
10989;18.54;2.0;34.0;-32.0;2.0
10999;17.666666666666668;5.0;34.0;-29.0;2.0
11009;17.706666666666667;4.0;35.0;-31.0;2.0
11019;16.34;4.0;43.0;-39.0;2.0
11029;16.983333333333334;2.0;34.0;-32.0;2.0
11039;16.19333333333333;2.0;30.0;-28.0;2.0
11049;16.47;5.0;36.0;-31.0;2.0
11059;18.3;5.0;35.0;-30.0;2.0
11069;16.17;5.0;32.0;-27.0;2.0
11079;17.5;4.0;34.0;-30.0;2.0
11089;18.13;2.0;36.0;-34.0;2.0
11099;17.066666666666666;5.0;32.0;-27.0;2.0
11109;17.89;5.0;34.0;-29.0;2.0
11119;16.083333333333332;2.0;33.0;-31.0;2.0
11129;17.753333333333334;2.0;35.0;-33.0;2.0
11139;17.303333333333335;2.0;37.0;-35.0;2.0
11149;15.77;3.0;33.0;-30.0;2.0
11159;19.44;6.0;34.0;-28.0;2.0
11169;18.713333333333335;6.0;33.0;-27.0;2.0
11179;18.37;6.0;34.0;-28.0;2.0
11189;17.653333333333332;5.0;35.0;-30.0;2.0
11199;18.063333333333333;5.0;35.0;-30.0;2.0
11209;15.75;2.0;35.0;-33.0;2.0
11219;16.8;5.0;34.0;-29.0;2.0
11229;17.263333333333332;5.0;36.0;-31.0;2.0
11239;18.013333333333332;5.0;31.0;-26.0;2.0
11249;18.0;5.0;34.0;-29.0;2.0
11259;18.246666666666666;5.0;34.0;-29.0;2.0
11269;16.663333333333334;2.0;31.0;-29.0;2.0
11279;16.706666666666667;5.0;33.0;-28.0;2.0
11289;18.253333333333334;4.0;34.0;-30.0;2.0
11299;17.136666666666667;5.0;35.0;-30.0;2.0
11309;18.48;5.0;33.0;-28.0;2.0
11319;18.25;2.0;34.0;-32.0;2.0
11329;17.463333333333335;5.0;33.0;-28.0;2.0
11339;17.4;2.0;31.0;-29.0;2.0
11349;16.726666666666667;4.0;32.0;-28.0;2.0
11359;19.21;5.0;34.0;-29.0;2.0
11369;17.486666666666668;5.0;36.0;-31.0;2.0
11379;16.286666666666665;2.0;35.0;-33.0;2.0
11389;16.033333333333335;2.0;31.0;-29.0;2.0
11399;16.46;4.0;37.0;-33.0;2.0
11409;16.593333333333334;5.0;34.0;-29.0;2.0
11419;17.363333333333333;5.0;35.0;-30.0;2.0
11429;16.906666666666666;2.0;34.0;-32.0;2.0
11439;16.85;3.0;32.0;-29.0;2.0
11449;17.66;2.0;34.0;-32.0;2.0
11459;19.63;7.0;37.0;-30.0;2.0
11469;16.976666666666667;4.0;32.0;-28.0;2.0
11479;19.12;5.0;34.0;-29.0;2.0
11489;17.89666666666667;5.0;34.0;-29.0;2.0
11499;17.503333333333334;5.0;38.0;-33.0;2.0
11509;17.766666666666666;5.0;31.0;-26.0;2.0
11519;16.746666666666666;4.0;31.0;-27.0;2.0
11529;17.796666666666667;5.0;32.0;-27.0;2.0
11539;16.72;5.0;33.0;-28.0;2.0
11549;17.873333333333335;5.0;34.0;-29.0;2.0
11559;18.5;5.0;33.0;-28.0;2.0
11569;18.503333333333334;5.0;33.0;-28.0;2.0
11579;17.58;3.0;36.0;-33.0;2.0
11589;15.8;2.0;31.0;-29.0;2.0
11599;16.60333333333333;2.0;36.0;-34.0;2.0
11609;16.586666666666666;3.0;37.0;-34.0;2.0
11619;16.996666666666666;2.0;32.0;-30.0;2.0
11629;19.01;7.0;37.0;-30.0;2.0
11639;18.783333333333335;5.0;33.0;-28.0;2.0
11649;19.213333333333335;5.0;35.0;-30.0;2.0
11659;17.10333333333333;4.0;33.0;-29.0;2.0
11669;18.126666666666665;7.0;35.0;-28.0;2.0
11679;19.633333333333333;7.0;36.0;-29.0;2.0
11689;19.18;4.0;43.0;-39.0;2.0
11699;16.916666666666668;5.0;35.0;-30.0;2.0
11709;17.083333333333332;7.0;36.0;-29.0;2.0
11719;16.823333333333334;5.0;31.0;-26.0;2.0
11729;17.183333333333334;5.0;32.0;-27.0;2.0
11739;17.776666666666667;4.0;33.0;-29.0;2.0
11749;16.303333333333335;2.0;31.0;-29.0;2.0
11759;17.55;5.0;37.0;-32.0;2.0
11769;16.53;2.0;32.0;-30.0;2.0
11779;17.633333333333333;7.0;37.0;-30.0;2.0
11789;16.813333333333333;4.0;31.0;-27.0;2.0
11799;17.656666666666666;5.0;36.0;-31.0;2.0
11809;16.673333333333332;2.0;37.0;-35.0;2.0
11819;17.423333333333332;5.0;33.0;-28.0;2.0
11829;17.48;5.0;36.0;-31.0;2.0
11839;18.9;5.0;33.0;-28.0;2.0
11849;18.55666666666667;8.0;37.0;-29.0;2.0
11859;17.913333333333334;5.0;35.0;-30.0;2.0
11869;18.776666666666667;2.0;36.0;-34.0;2.0
11879;16.82;2.0;34.0;-32.0;2.0
11889;15.976666666666667;4.0;33.0;-29.0;2.0
11899;17.923333333333332;5.0;42.0;-37.0;2.0
11909;17.72;4.0;34.0;-30.0;2.0
11919;16.536666666666665;2.0;34.0;-32.0;2.0
11929;16.533333333333335;5.0;32.0;-27.0;2.0
11939;18.993333333333332;5.0;39.0;-34.0;2.0
11949;15.903333333333334;2.0;31.0;-29.0;2.0
11959;18.876666666666665;5.0;38.0;-33.0;2.0
11969;18.23;5.0;32.0;-27.0;2.0
11979;19.516666666666666;5.0;36.0;-31.0;2.0
11989;17.713333333333335;5.0;30.0;-25.0;2.0
11999;17.266666666666666;2.0;31.0;-29.0;2.0
12009;16.96;5.0;33.0;-28.0;2.0
12019;17.206666666666667;5.0;32.0;-27.0;2.0
12029;16.82;3.0;34.0;-31.0;2.0
12039;19.263333333333332;5.0;36.0;-31.0;2.0
12049;17.81;2.0;36.0;-34.0;2.0
12059;15.273333333333333;5.0;30.0;-25.0;2.0
12069;17.386666666666667;5.0;33.0;-28.0;2.0
12079;19.116666666666667;9.0;38.0;-29.0;2.0
12089;18.796666666666667;4.0;36.0;-32.0;2.0
12099;16.58;2.0;32.0;-30.0;2.0
12109;17.383333333333333;5.0;38.0;-33.0;2.0
12119;17.346666666666668;5.0;32.0;-27.0;2.0
12129;16.793333333333333;4.0;35.0;-31.0;2.0
12139;16.99;5.0;34.0;-29.0;2.0
12149;17.586666666666666;5.0;36.0;-31.0;2.0
12159;17.006666666666668;4.0;34.0;-30.0;2.0
12169;17.91;5.0;32.0;-27.0;2.0
12179;17.496666666666666;5.0;34.0;-29.0;2.0
12189;16.636666666666667;5.0;35.0;-30.0;2.0
12199;17.243333333333332;4.0;34.0;-30.0;2.0
12209;19.0;6.0;34.0;-28.0;2.0
12219;15.5;2.0;31.0;-29.0;2.0
12229;17.256666666666668;5.0;36.0;-31.0;2.0
12239;17.17;2.0;37.0;-35.0;2.0
12249;17.72;5.0;32.0;-27.0;2.0
12259;17.453333333333333;3.0;35.0;-32.0;2.0
12269;17.133333333333333;5.0;34.0;-29.0;2.0
12279;17.733333333333334;2.0;36.0;-34.0;2.0
12289;17.113333333333333;4.0;35.0;-31.0;2.0
12299;19.663333333333334;5.0;34.0;-29.0;2.0
12309;16.28;4.0;33.0;-29.0;2.0
12319;18.643333333333334;7.0;43.0;-36.0;2.0
12329;18.796666666666667;5.0;35.0;-30.0;2.0
12339;18.183333333333334;4.0;42.0;-38.0;2.0
12349;15.47;2.0;31.0;-29.0;2.0
12359;17.283333333333335;2.0;37.0;-35.0;2.0
12369;15.946666666666667;3.0;37.0;-34.0;2.0
12379;16.59;2.0;35.0;-33.0;2.0
12389;16.866666666666667;5.0;32.0;-27.0;2.0
12399;17.56;5.0;31.0;-26.0;2.0
12409;17.426666666666666;4.0;42.0;-38.0;2.0
12419;17.683333333333334;5.0;38.0;-33.0;2.0
12429;16.236666666666668;2.0;32.0;-30.0;2.0
12439;17.25;6.0;37.0;-31.0;2.0
12449;16.533333333333335;4.0;32.0;-28.0;2.0
12459;18.463333333333335;7.0;34.0;-27.0;2.0
12469;16.676666666666666;2.0;36.0;-34.0;2.0
12479;16.9;2.0;34.0;-32.0;2.0
12489;16.376666666666665;5.0;32.0;-27.0;2.0
12499;17.48;4.0;36.0;-32.0;2.0
12509;17.506666666666668;4.0;38.0;-34.0;2.0
12519;17.68;2.0;34.0;-32.0;2.0
12529;17.876666666666665;5.0;33.0;-28.0;2.0
12539;17.41;2.0;33.0;-31.0;2.0
12549;16.56;5.0;34.0;-29.0;2.0
12559;17.34;5.0;32.0;-27.0;2.0
12569;17.713333333333335;5.0;32.0;-27.0;2.0
12579;18.686666666666667;5.0;33.0;-28.0;2.0
12589;17.123333333333335;5.0;35.0;-30.0;2.0
12599;16.84;4.0;33.0;-29.0;2.0
12609;18.703333333333333;8.0;36.0;-28.0;2.0
12619;17.8;7.0;32.0;-25.0;2.0
12629;16.333333333333332;5.0;38.0;-33.0;2.0
12639;18.33;5.0;33.0;-28.0;2.0
12649;18.833333333333332;4.0;36.0;-32.0;2.0
12659;17.743333333333332;5.0;34.0;-29.0;2.0
12669;17.463333333333335;4.0;34.0;-30.0;2.0
12679;17.316666666666666;3.0;38.0;-35.0;2.0
12689;16.756666666666668;2.0;31.0;-29.0;2.0
12699;17.32;5.0;40.0;-35.0;2.0
12709;19.1;8.0;40.0;-32.0;2.0
12719;18.37;5.0;34.0;-29.0;2.0
12729;16.216666666666665;2.0;31.0;-29.0;2.0
12739;15.803333333333333;2.0;32.0;-30.0;2.0
12749;17.373333333333335;4.0;39.0;-35.0;2.0
12759;17.233333333333334;5.0;35.0;-30.0;2.0
12769;16.49;7.0;34.0;-27.0;2.0
12779;17.243333333333332;5.0;37.0;-32.0;2.0
12789;18.02;4.0;41.0;-37.0;2.0
12799;17.906666666666666;5.0;33.0;-28.0;2.0
12809;17.92;5.0;32.0;-27.0;2.0
12819;17.243333333333332;2.0;31.0;-29.0;2.0
12829;15.98;2.0;32.0;-30.0;2.0
12839;16.233333333333334;2.0;30.0;-28.0;2.0
12849;17.85;4.0;33.0;-29.0;2.0
12859;18.57;4.0;34.0;-30.0;2.0
12869;17.763333333333332;2.0;40.0;-38.0;2.0
12879;16.58;5.0;33.0;-28.0;2.0
12889;17.526666666666667;4.0;41.0;-37.0;2.0
12899;17.82;5.0;34.0;-29.0;2.0
12909;18.82;2.0;42.0;-40.0;2.0
12919;18.373333333333335;5.0;33.0;-28.0;2.0
12929;17.333333333333332;4.0;36.0;-32.0;2.0
12939;17.033333333333335;4.0;35.0;-31.0;2.0
12949;18.506666666666668;5.0;35.0;-30.0;2.0
12959;16.14666666666667;5.0;32.0;-27.0;2.0
12969;17.14;4.0;32.0;-28.0;2.0
12979;18.61;5.0;37.0;-32.0;2.0
12989;15.54;2.0;31.0;-29.0;2.0
12999;18.276666666666667;4.0;39.0;-35.0;2.0
13009;18.906666666666666;7.0;42.0;-35.0;2.0
13019;17.28;5.0;35.0;-30.0;2.0
13029;17.636666666666667;5.0;33.0;-28.0;2.0
13039;18.73;7.0;36.0;-29.0;2.0
13049;16.866666666666667;2.0;34.0;-32.0;2.0
13059;17.31;5.0;42.0;-37.0;2.0
13069;16.26;4.0;34.0;-30.0;2.0
13079;18.586666666666666;4.0;34.0;-30.0;2.0
13089;16.583333333333332;2.0;30.0;-28.0;2.0
13099;17.013333333333332;5.0;38.0;-33.0;2.0
13109;17.56;4.0;30.0;-26.0;2.0
13119;19.133333333333333;8.0;36.0;-28.0;2.0
13129;18.703333333333333;6.0;39.0;-33.0;2.0
13139;18.01;6.0;33.0;-27.0;2.0
13149;18.303333333333335;5.0;37.0;-32.0;2.0
13159;18.293333333333333;5.0;35.0;-30.0;2.0
13169;18.44333333333333;6.0;34.0;-28.0;2.0
