geracao;media da geracao;fitness do melhor da geracao;fitness do pior da geracao;relacao entre melhor e pior;fitness do melhor da run
Probabilidade Recombinação: 0.7
Probabilidade Mutação: 0.049999999999999996
Tipo de Selecção: Torneio
Tipo de Mutação: Simples
Tamanho População: 300
Máximo de Gerações: 15000
0;76.64;63.0;96.0;-33.0;63.0
0;69.67666666666666;59.0;81.0;-22.0;59.0
9;47.42;39.0;62.0;-23.0;39.0
19;32.99;26.0;45.0;-19.0;26.0
29;29.243333333333332;23.0;40.0;-17.0;23.0
39;27.543333333333333;22.0;37.0;-15.0;22.0
49;25.28;20.0;38.0;-18.0;19.0
59;24.233333333333334;18.0;37.0;-19.0;18.0
69;23.97;18.0;36.0;-18.0;18.0
79;23.933333333333334;17.0;34.0;-17.0;17.0
89;22.54;17.0;34.0;-17.0;17.0
99;22.373333333333335;17.0;33.0;-16.0;17.0
109;22.69333333333333;17.0;34.0;-17.0;17.0
119;22.38;17.0;34.0;-17.0;17.0
129;22.55666666666667;17.0;32.0;-15.0;17.0
139;22.313333333333333;17.0;37.0;-20.0;17.0
149;22.6;17.0;34.0;-17.0;17.0
159;22.596666666666668;17.0;33.0;-16.0;17.0
169;22.523333333333333;17.0;39.0;-22.0;17.0
179;22.196666666666665;17.0;34.0;-17.0;17.0
189;22.276666666666667;17.0;35.0;-18.0;17.0
199;22.363333333333333;17.0;32.0;-15.0;17.0
209;22.64;17.0;36.0;-19.0;17.0
219;22.466666666666665;17.0;35.0;-18.0;17.0
229;22.31;17.0;34.0;-17.0;17.0
239;22.486666666666668;17.0;34.0;-17.0;17.0
249;22.64666666666667;17.0;36.0;-19.0;17.0
259;22.416666666666668;17.0;34.0;-17.0;16.0
269;22.416666666666668;17.0;35.0;-18.0;16.0
279;22.37;17.0;38.0;-21.0;16.0
289;22.95;17.0;40.0;-23.0;16.0
299;23.09;17.0;40.0;-23.0;16.0
309;22.276666666666667;17.0;33.0;-16.0;16.0
319;22.263333333333332;17.0;35.0;-18.0;16.0
329;22.60333333333333;17.0;35.0;-18.0;16.0
339;22.463333333333335;17.0;32.0;-15.0;16.0
349;22.263333333333332;17.0;34.0;-17.0;16.0
359;22.356666666666666;17.0;33.0;-16.0;16.0
369;22.4;17.0;36.0;-19.0;16.0
379;22.516666666666666;17.0;37.0;-20.0;16.0
389;22.27;17.0;36.0;-19.0;16.0
399;22.84;17.0;37.0;-20.0;16.0
409;22.7;17.0;36.0;-19.0;16.0
419;22.8;17.0;35.0;-18.0;16.0
429;22.326666666666668;17.0;36.0;-19.0;16.0
439;22.463333333333335;17.0;34.0;-17.0;16.0
449;22.986666666666668;17.0;34.0;-17.0;16.0
459;23.25;17.0;33.0;-16.0;16.0
469;22.45;17.0;35.0;-18.0;16.0
479;22.60333333333333;17.0;34.0;-17.0;16.0
489;22.523333333333333;17.0;37.0;-20.0;16.0
499;22.593333333333334;17.0;35.0;-18.0;16.0
509;22.35;17.0;34.0;-17.0;16.0
519;22.516666666666666;17.0;38.0;-21.0;16.0
529;22.37;17.0;35.0;-18.0;16.0
539;22.5;17.0;34.0;-17.0;16.0
549;21.686666666666667;14.0;34.0;-20.0;14.0
559;19.723333333333333;14.0;31.0;-17.0;14.0
569;19.753333333333334;14.0;30.0;-16.0;14.0
579;19.843333333333334;14.0;30.0;-16.0;14.0
589;19.793333333333333;14.0;31.0;-17.0;14.0
599;20.236666666666668;14.0;33.0;-19.0;12.0
609;19.936666666666667;14.0;33.0;-19.0;12.0
619;19.543333333333333;14.0;31.0;-17.0;12.0
629;19.9;14.0;35.0;-21.0;12.0
639;19.633333333333333;14.0;30.0;-16.0;12.0
649;20.10333333333333;14.0;31.0;-17.0;12.0
659;19.406666666666666;14.0;33.0;-19.0;12.0
669;19.673333333333332;14.0;32.0;-18.0;12.0
679;19.936666666666667;14.0;33.0;-19.0;12.0
689;20.053333333333335;14.0;34.0;-20.0;12.0
699;19.663333333333334;14.0;30.0;-16.0;12.0
709;20.073333333333334;14.0;32.0;-18.0;12.0
719;19.73;14.0;31.0;-17.0;12.0
729;19.13;12.0;30.0;-18.0;12.0
739;17.763333333333332;12.0;29.0;-17.0;12.0
749;17.883333333333333;12.0;34.0;-22.0;12.0
759;17.73;12.0;31.0;-19.0;12.0
769;17.72;12.0;29.0;-17.0;12.0
779;17.796666666666667;12.0;31.0;-19.0;12.0
789;18.033333333333335;12.0;31.0;-19.0;12.0
799;18.203333333333333;12.0;29.0;-17.0;12.0
809;18.076666666666668;12.0;30.0;-18.0;12.0
819;17.94;12.0;30.0;-18.0;12.0
829;18.073333333333334;12.0;35.0;-23.0;12.0
839;18.19333333333333;12.0;29.0;-17.0;12.0
849;18.286666666666665;12.0;29.0;-17.0;12.0
859;17.706666666666667;12.0;29.0;-17.0;12.0
869;18.13;12.0;30.0;-18.0;12.0
879;17.79;12.0;32.0;-20.0;12.0
889;18.046666666666667;12.0;34.0;-22.0;12.0
899;18.34;12.0;29.0;-17.0;12.0
909;17.393333333333334;12.0;29.0;-17.0;12.0
919;17.913333333333334;12.0;28.0;-16.0;12.0
929;18.06;12.0;30.0;-18.0;11.0
939;18.226666666666667;12.0;29.0;-17.0;11.0
949;17.506666666666668;12.0;28.0;-16.0;11.0
959;17.42;12.0;31.0;-19.0;11.0
969;16.98;11.0;34.0;-23.0;11.0
979;16.59;11.0;28.0;-17.0;11.0
989;17.653333333333332;11.0;30.0;-19.0;11.0
999;17.186666666666667;11.0;30.0;-19.0;11.0
1009;17.516666666666666;11.0;27.0;-16.0;11.0
1019;17.09;11.0;31.0;-20.0;11.0
1029;17.283333333333335;11.0;31.0;-20.0;11.0
1039;17.186666666666667;11.0;34.0;-23.0;11.0
1049;17.32;11.0;29.0;-18.0;11.0
1059;17.216666666666665;11.0;28.0;-17.0;11.0
1069;16.783333333333335;10.0;34.0;-24.0;10.0
1079;16.12;10.0;29.0;-19.0;10.0
1089;16.25;10.0;30.0;-20.0;10.0
1099;16.016666666666666;10.0;30.0;-20.0;10.0
1109;16.43;10.0;28.0;-18.0;10.0
1119;16.596666666666668;9.0;32.0;-23.0;9.0
1129;16.243333333333332;10.0;26.0;-16.0;9.0
1139;16.393333333333334;10.0;30.0;-20.0;9.0
1149;15.98;10.0;30.0;-20.0;9.0
1159;16.38;10.0;30.0;-20.0;9.0
1169;16.25;10.0;27.0;-17.0;9.0
1179;16.31;10.0;31.0;-21.0;9.0
1189;15.603333333333333;10.0;29.0;-19.0;9.0
1199;16.023333333333333;10.0;27.0;-17.0;9.0
1209;16.14666666666667;10.0;29.0;-19.0;9.0
1219;15.646666666666667;10.0;28.0;-18.0;9.0
1229;15.59;10.0;27.0;-17.0;9.0
1239;15.583333333333334;10.0;29.0;-19.0;9.0
1249;15.966666666666667;10.0;29.0;-19.0;9.0
1259;15.783333333333333;10.0;28.0;-18.0;9.0
1269;15.936666666666667;10.0;28.0;-18.0;9.0
1279;16.286666666666665;10.0;29.0;-19.0;9.0
1289;16.06;10.0;28.0;-18.0;9.0
1299;16.203333333333333;10.0;28.0;-18.0;9.0
1309;16.016666666666666;10.0;30.0;-20.0;9.0
1319;16.33;10.0;36.0;-26.0;9.0
1329;15.85;10.0;29.0;-19.0;9.0
1339;15.963333333333333;10.0;29.0;-19.0;9.0
1349;16.06;10.0;27.0;-17.0;9.0
1359;16.156666666666666;10.0;29.0;-19.0;9.0
1369;16.486666666666668;9.0;31.0;-22.0;9.0
1379;16.126666666666665;10.0;29.0;-19.0;9.0
1389;16.053333333333335;10.0;27.0;-17.0;9.0
1399;16.436666666666667;10.0;30.0;-20.0;9.0
1409;16.06;10.0;31.0;-21.0;9.0
1419;16.246666666666666;10.0;28.0;-18.0;9.0
1429;15.93;10.0;27.0;-17.0;9.0
1439;16.043333333333333;10.0;29.0;-19.0;9.0
1449;15.86;10.0;27.0;-17.0;9.0
1459;16.02;10.0;32.0;-22.0;9.0
1469;15.913333333333334;10.0;32.0;-22.0;9.0
1479;16.256666666666668;10.0;32.0;-22.0;9.0
1489;16.346666666666668;10.0;29.0;-19.0;9.0
1499;16.483333333333334;10.0;26.0;-16.0;9.0
1509;16.36;10.0;29.0;-19.0;9.0
1519;16.54;10.0;28.0;-18.0;9.0
1529;16.493333333333332;10.0;32.0;-22.0;9.0
1539;15.796666666666667;10.0;28.0;-18.0;9.0
1549;15.5;10.0;28.0;-18.0;9.0
1559;15.856666666666667;10.0;27.0;-17.0;9.0
1569;15.743333333333334;10.0;28.0;-18.0;9.0
1579;16.106666666666666;10.0;27.0;-17.0;9.0
1589;15.61;10.0;27.0;-17.0;9.0
1599;16.05;10.0;27.0;-17.0;9.0
1609;15.946666666666667;10.0;27.0;-17.0;9.0
1619;15.956666666666667;10.0;27.0;-17.0;9.0
1629;16.07;10.0;27.0;-17.0;9.0
1639;16.04;10.0;31.0;-21.0;9.0
1649;15.983333333333333;10.0;30.0;-20.0;9.0
1659;16.166666666666668;10.0;27.0;-17.0;9.0
1669;16.28;10.0;28.0;-18.0;9.0
1679;16.13;10.0;28.0;-18.0;9.0
1689;16.086666666666666;10.0;31.0;-21.0;9.0
1699;15.85;10.0;31.0;-21.0;9.0
1709;15.86;10.0;29.0;-19.0;9.0
1719;15.883333333333333;10.0;28.0;-18.0;9.0
1729;15.833333333333334;10.0;27.0;-17.0;9.0
1739;15.97;10.0;27.0;-17.0;9.0
1749;16.34;10.0;28.0;-18.0;9.0
1759;16.036666666666665;10.0;30.0;-20.0;9.0
1769;16.486666666666668;10.0;30.0;-20.0;9.0
1779;16.253333333333334;10.0;29.0;-19.0;9.0
1789;15.933333333333334;9.0;32.0;-23.0;9.0
1799;14.57;9.0;26.0;-17.0;9.0
1809;14.97;9.0;26.0;-17.0;9.0
1819;15.043333333333333;9.0;27.0;-18.0;9.0
1829;15.233333333333333;9.0;29.0;-20.0;9.0
1839;15.186666666666667;9.0;32.0;-23.0;9.0
1849;14.876666666666667;9.0;28.0;-19.0;9.0
1859;14.676666666666666;9.0;29.0;-20.0;9.0
1869;15.316666666666666;9.0;28.0;-19.0;9.0
1879;15.536666666666667;9.0;25.0;-16.0;9.0
1889;14.686666666666667;9.0;30.0;-21.0;9.0
1899;15.166666666666666;9.0;28.0;-19.0;9.0
1909;14.88;9.0;25.0;-16.0;9.0
1919;14.806666666666667;9.0;25.0;-16.0;9.0
1929;15.29;9.0;29.0;-20.0;9.0
1939;15.026666666666667;9.0;31.0;-22.0;9.0
1949;15.043333333333333;9.0;30.0;-21.0;9.0
1959;15.146666666666667;9.0;26.0;-17.0;9.0
1969;15.823333333333334;9.0;29.0;-20.0;9.0
1979;15.356666666666667;9.0;27.0;-18.0;9.0
1989;15.36;9.0;28.0;-19.0;9.0
1999;15.546666666666667;9.0;29.0;-20.0;9.0
2009;15.37;9.0;26.0;-17.0;9.0
2019;15.17;9.0;28.0;-19.0;9.0
2029;15.1;9.0;31.0;-22.0;9.0
2039;15.156666666666666;9.0;28.0;-19.0;9.0
2049;15.083333333333334;9.0;33.0;-24.0;9.0
2059;15.136666666666667;9.0;28.0;-19.0;9.0
2069;15.14;9.0;28.0;-19.0;9.0
2079;15.203333333333333;9.0;26.0;-17.0;9.0
2089;14.53;9.0;32.0;-23.0;9.0
2099;15.26;9.0;26.0;-17.0;9.0
2109;15.486666666666666;9.0;28.0;-19.0;9.0
2119;15.183333333333334;9.0;27.0;-18.0;9.0
2129;15.36;9.0;30.0;-21.0;9.0
2139;14.946666666666667;9.0;29.0;-20.0;9.0
2149;15.366666666666667;9.0;29.0;-20.0;9.0
2159;15.756666666666666;9.0;36.0;-27.0;9.0
2169;15.146666666666667;9.0;30.0;-21.0;9.0
2179;15.316666666666666;9.0;29.0;-20.0;9.0
2189;15.46;9.0;28.0;-19.0;9.0
2199;15.1;9.0;31.0;-22.0;9.0
2209;15.326666666666666;9.0;29.0;-20.0;9.0
2219;15.136666666666667;9.0;25.0;-16.0;9.0
2229;15.426666666666666;9.0;29.0;-20.0;9.0
2239;15.113333333333333;9.0;26.0;-17.0;9.0
2249;14.833333333333334;9.0;28.0;-19.0;9.0
2259;15.473333333333333;9.0;26.0;-17.0;9.0
2269;15.27;9.0;27.0;-18.0;9.0
2279;15.406666666666666;9.0;32.0;-23.0;9.0
2289;14.896666666666667;9.0;32.0;-23.0;9.0
2299;15.416666666666666;9.0;31.0;-22.0;9.0
2309;14.936666666666667;9.0;26.0;-17.0;9.0
2319;15.516666666666667;9.0;30.0;-21.0;9.0
2329;14.886666666666667;8.0;26.0;-18.0;8.0
2339;15.41;9.0;30.0;-21.0;8.0
2349;14.45;9.0;29.0;-20.0;8.0
2359;15.226666666666667;9.0;30.0;-21.0;8.0
2369;14.933333333333334;9.0;26.0;-17.0;8.0
2379;14.88;9.0;28.0;-19.0;8.0
2389;15.53;9.0;29.0;-20.0;8.0
2399;15.313333333333333;9.0;27.0;-18.0;8.0
2409;15.156666666666666;9.0;29.0;-20.0;8.0
2419;14.82;9.0;28.0;-19.0;8.0
2429;15.226666666666667;9.0;30.0;-21.0;8.0
2439;15.616666666666667;9.0;28.0;-19.0;8.0
2449;14.926666666666666;9.0;28.0;-19.0;8.0
2459;15.24;9.0;30.0;-21.0;8.0
2469;14.876666666666667;9.0;33.0;-24.0;8.0
2479;15.186666666666667;9.0;30.0;-21.0;8.0
2489;15.093333333333334;9.0;27.0;-18.0;8.0
2499;15.756666666666666;9.0;27.0;-18.0;8.0
2509;15.246666666666666;9.0;30.0;-21.0;8.0
2519;15.32;9.0;30.0;-21.0;8.0
2529;15.086666666666666;9.0;27.0;-18.0;8.0
2539;14.94;9.0;25.0;-16.0;8.0
2549;15.36;9.0;27.0;-18.0;8.0
2559;15.263333333333334;9.0;29.0;-20.0;8.0
2569;15.04;9.0;30.0;-21.0;8.0
2579;14.853333333333333;9.0;27.0;-18.0;8.0
2589;15.446666666666667;9.0;27.0;-18.0;8.0
2599;15.113333333333333;9.0;29.0;-20.0;8.0
2609;15.623333333333333;9.0;29.0;-20.0;8.0
2619;14.926666666666666;9.0;27.0;-18.0;8.0
2629;14.726666666666667;8.0;27.0;-19.0;8.0
2639;14.423333333333334;8.0;25.0;-17.0;8.0
2649;14.536666666666667;8.0;30.0;-22.0;8.0
2659;14.583333333333334;8.0;31.0;-23.0;8.0
2669;14.226666666666667;8.0;27.0;-19.0;8.0
2679;14.0;8.0;27.0;-19.0;8.0
2689;14.363333333333333;8.0;28.0;-20.0;8.0
2699;14.666666666666666;8.0;26.0;-18.0;8.0
2709;14.683333333333334;8.0;36.0;-28.0;8.0
2719;13.86;8.0;27.0;-19.0;8.0
2729;14.3;8.0;25.0;-17.0;8.0
2739;14.076666666666666;8.0;29.0;-21.0;8.0
2749;14.23;8.0;27.0;-19.0;8.0
2759;14.413333333333334;7.0;28.0;-21.0;7.0
2769;14.263333333333334;8.0;31.0;-23.0;7.0
2779;14.266666666666667;8.0;27.0;-19.0;7.0
2789;14.473333333333333;8.0;28.0;-20.0;7.0
2799;14.146666666666667;8.0;28.0;-20.0;7.0
2809;14.283333333333333;8.0;26.0;-18.0;7.0
2819;14.553333333333333;8.0;26.0;-18.0;7.0
2829;14.566666666666666;8.0;27.0;-19.0;7.0
2839;14.56;8.0;32.0;-24.0;7.0
2849;14.313333333333333;8.0;26.0;-18.0;7.0
2859;14.203333333333333;8.0;28.0;-20.0;7.0
2869;14.27;8.0;26.0;-18.0;7.0
2879;14.536666666666667;8.0;27.0;-19.0;7.0
2889;14.533333333333333;8.0;27.0;-19.0;7.0
2899;14.43;8.0;27.0;-19.0;7.0
2909;14.813333333333333;8.0;31.0;-23.0;7.0
2919;14.93;8.0;28.0;-20.0;7.0
2929;14.77;8.0;28.0;-20.0;7.0
2939;13.94;8.0;31.0;-23.0;7.0
2949;14.25;8.0;29.0;-21.0;7.0
2959;14.153333333333334;8.0;28.0;-20.0;7.0
2969;14.05;8.0;28.0;-20.0;7.0
2979;14.273333333333333;8.0;27.0;-19.0;7.0
2989;14.583333333333334;8.0;29.0;-21.0;7.0
2999;14.196666666666667;8.0;28.0;-20.0;7.0
3009;14.156666666666666;8.0;24.0;-16.0;7.0
3019;14.316666666666666;8.0;25.0;-17.0;7.0
3029;14.523333333333333;8.0;28.0;-20.0;7.0
3039;14.16;8.0;28.0;-20.0;7.0
3049;14.083333333333334;8.0;28.0;-20.0;7.0
3059;14.356666666666667;8.0;29.0;-21.0;7.0
3069;14.5;8.0;26.0;-18.0;7.0
3079;14.056666666666667;8.0;27.0;-19.0;7.0
3089;14.57;8.0;26.0;-18.0;7.0
3099;14.536666666666667;8.0;27.0;-19.0;7.0
3109;14.826666666666666;8.0;33.0;-25.0;7.0
3119;14.25;8.0;25.0;-17.0;7.0
3129;14.756666666666666;8.0;25.0;-17.0;7.0
3139;13.73;8.0;30.0;-22.0;7.0
3149;14.153333333333334;8.0;27.0;-19.0;7.0
3159;14.066666666666666;8.0;25.0;-17.0;7.0
3169;14.273333333333333;8.0;27.0;-19.0;7.0
3179;14.21;8.0;25.0;-17.0;7.0
3189;14.28;8.0;27.0;-19.0;7.0
3199;14.523333333333333;8.0;31.0;-23.0;7.0
3209;14.31;8.0;27.0;-19.0;7.0
3219;14.803333333333333;8.0;26.0;-18.0;7.0
3229;14.126666666666667;8.0;24.0;-16.0;7.0
3239;14.333333333333334;8.0;29.0;-21.0;7.0
3249;14.29;8.0;27.0;-19.0;7.0
3259;14.15;8.0;26.0;-18.0;7.0
3269;14.123333333333333;8.0;30.0;-22.0;7.0
3279;14.203333333333333;8.0;26.0;-18.0;7.0
3289;14.553333333333333;8.0;26.0;-18.0;7.0
3299;14.056666666666667;8.0;27.0;-19.0;7.0
3309;13.8;8.0;28.0;-20.0;7.0
3319;14.12;8.0;26.0;-18.0;7.0
3329;14.483333333333333;8.0;28.0;-20.0;7.0
3339;14.273333333333333;8.0;30.0;-22.0;7.0
3349;14.33;8.0;26.0;-18.0;7.0
3359;13.62;8.0;25.0;-17.0;7.0
3369;14.336666666666666;8.0;28.0;-20.0;7.0
3379;14.52;8.0;27.0;-19.0;7.0
3389;13.92;8.0;30.0;-22.0;7.0
3399;14.09;8.0;24.0;-16.0;7.0
3409;14.643333333333333;8.0;28.0;-20.0;7.0
3419;14.0;8.0;28.0;-20.0;7.0
3429;14.14;8.0;27.0;-19.0;7.0
3439;13.983333333333333;8.0;33.0;-25.0;7.0
3449;14.15;8.0;26.0;-18.0;7.0
3459;14.47;8.0;28.0;-20.0;7.0
3469;14.193333333333333;8.0;25.0;-17.0;7.0
3479;13.876666666666667;8.0;26.0;-18.0;7.0
3489;13.97;8.0;25.0;-17.0;7.0
3499;14.183333333333334;8.0;25.0;-17.0;7.0
3509;13.973333333333333;8.0;28.0;-20.0;7.0
3519;14.606666666666667;8.0;25.0;-17.0;7.0
3529;14.14;8.0;30.0;-22.0;7.0
3539;14.88;8.0;28.0;-20.0;7.0
3549;14.45;8.0;29.0;-21.0;7.0
3559;14.276666666666667;8.0;29.0;-21.0;7.0
3569;14.006666666666666;8.0;26.0;-18.0;7.0
3579;14.246666666666666;8.0;30.0;-22.0;7.0
3589;14.37;8.0;30.0;-22.0;7.0
3599;14.61;8.0;27.0;-19.0;7.0
3609;14.09;8.0;28.0;-20.0;7.0
3619;14.293333333333333;8.0;28.0;-20.0;7.0
3629;14.4;8.0;27.0;-19.0;7.0
3639;14.766666666666667;8.0;28.0;-20.0;7.0
3649;14.576666666666666;8.0;30.0;-22.0;7.0
3659;14.556666666666667;8.0;30.0;-22.0;7.0
3669;13.973333333333333;8.0;26.0;-18.0;7.0
3679;14.136666666666667;8.0;32.0;-24.0;7.0
3689;14.496666666666666;8.0;27.0;-19.0;7.0
3699;14.49;8.0;27.0;-19.0;7.0
3709;14.4;8.0;25.0;-17.0;7.0
3719;14.246666666666666;8.0;33.0;-25.0;7.0
3729;14.21;8.0;27.0;-19.0;7.0
3739;15.06;8.0;26.0;-18.0;7.0
3749;14.296666666666667;8.0;28.0;-20.0;7.0
3759;15.103333333333333;8.0;29.0;-21.0;7.0
3769;13.996666666666666;8.0;25.0;-17.0;7.0
3779;14.43;8.0;27.0;-19.0;7.0
3789;14.153333333333334;8.0;27.0;-19.0;7.0
3799;14.6;8.0;26.0;-18.0;7.0
3809;13.923333333333334;8.0;30.0;-22.0;7.0
3819;14.23;8.0;28.0;-20.0;7.0
3829;14.463333333333333;8.0;30.0;-22.0;7.0
3839;14.126666666666667;8.0;26.0;-18.0;7.0
3849;14.433333333333334;8.0;26.0;-18.0;7.0
3859;14.18;8.0;29.0;-21.0;7.0
3869;14.486666666666666;8.0;33.0;-25.0;7.0
3879;14.233333333333333;8.0;26.0;-18.0;7.0
3889;14.526666666666667;8.0;26.0;-18.0;7.0
3899;14.593333333333334;8.0;30.0;-22.0;7.0
3909;14.953333333333333;8.0;28.0;-20.0;7.0
3919;14.303333333333333;8.0;28.0;-20.0;7.0
3929;14.163333333333334;8.0;26.0;-18.0;7.0
3939;14.75;8.0;28.0;-20.0;7.0
3949;14.43;8.0;27.0;-19.0;7.0
3959;14.11;8.0;27.0;-19.0;7.0
3969;14.39;8.0;26.0;-18.0;7.0
3979;14.106666666666667;8.0;26.0;-18.0;7.0
3989;14.296666666666667;8.0;29.0;-21.0;7.0
3999;14.44;8.0;29.0;-21.0;7.0
4009;14.766666666666667;8.0;27.0;-19.0;7.0
4019;14.41;8.0;27.0;-19.0;7.0
4029;14.25;8.0;26.0;-18.0;7.0
4039;14.443333333333333;8.0;27.0;-19.0;7.0
4049;14.273333333333333;8.0;25.0;-17.0;7.0
4059;14.53;8.0;28.0;-20.0;7.0
4069;14.25;8.0;27.0;-19.0;7.0
4079;14.356666666666667;8.0;28.0;-20.0;7.0
4089;13.783333333333333;8.0;32.0;-24.0;7.0
4099;14.5;8.0;26.0;-18.0;7.0
4109;14.216666666666667;8.0;25.0;-17.0;7.0
4119;14.153333333333334;8.0;26.0;-18.0;7.0
4129;14.246666666666666;8.0;26.0;-18.0;7.0
4139;13.983333333333333;8.0;34.0;-26.0;7.0
4149;13.936666666666667;8.0;25.0;-17.0;7.0
4159;14.353333333333333;8.0;28.0;-20.0;7.0
4169;13.866666666666667;8.0;29.0;-21.0;7.0
4179;14.403333333333334;8.0;29.0;-21.0;7.0
4189;14.46;8.0;24.0;-16.0;7.0
4199;14.063333333333333;8.0;32.0;-24.0;7.0
4209;14.473333333333333;8.0;27.0;-19.0;7.0
4219;14.48;8.0;29.0;-21.0;7.0
4229;14.326666666666666;8.0;26.0;-18.0;7.0
4239;14.196666666666667;8.0;27.0;-19.0;7.0
4249;14.353333333333333;8.0;27.0;-19.0;7.0
4259;14.803333333333333;8.0;29.0;-21.0;7.0
4269;13.97;8.0;28.0;-20.0;7.0
4279;14.3;8.0;28.0;-20.0;7.0
4289;13.92;8.0;27.0;-19.0;7.0
4299;14.163333333333334;8.0;28.0;-20.0;7.0
4309;14.07;8.0;25.0;-17.0;7.0
4319;14.486666666666666;8.0;25.0;-17.0;7.0
4329;14.343333333333334;8.0;26.0;-18.0;7.0
4339;14.646666666666667;8.0;33.0;-25.0;7.0
4349;14.876666666666667;8.0;27.0;-19.0;7.0
4359;14.373333333333333;8.0;26.0;-18.0;7.0
4369;14.713333333333333;8.0;27.0;-19.0;7.0
4379;14.34;8.0;34.0;-26.0;7.0
4389;14.013333333333334;8.0;27.0;-19.0;7.0
4399;14.293333333333333;8.0;25.0;-17.0;7.0
4409;14.386666666666667;8.0;30.0;-22.0;7.0
4419;14.616666666666667;8.0;26.0;-18.0;7.0
4429;14.116666666666667;8.0;25.0;-17.0;7.0
4439;14.403333333333334;8.0;26.0;-18.0;7.0
4449;14.046666666666667;8.0;25.0;-17.0;7.0
4459;14.033333333333333;8.0;30.0;-22.0;7.0
4469;14.16;8.0;31.0;-23.0;7.0
4479;14.603333333333333;8.0;29.0;-21.0;7.0
4489;14.123333333333333;8.0;27.0;-19.0;7.0
4499;14.133333333333333;8.0;25.0;-17.0;7.0
4509;14.563333333333333;8.0;25.0;-17.0;7.0
4519;14.273333333333333;8.0;28.0;-20.0;7.0
4529;14.206666666666667;8.0;29.0;-21.0;7.0
4539;15.11;8.0;31.0;-23.0;7.0
4549;14.64;8.0;28.0;-20.0;7.0
4559;14.526666666666667;8.0;25.0;-17.0;7.0
4569;14.453333333333333;8.0;28.0;-20.0;7.0
4579;14.6;8.0;28.0;-20.0;7.0
4589;14.57;8.0;28.0;-20.0;7.0
4599;14.943333333333333;8.0;27.0;-19.0;7.0
4609;14.506666666666666;8.0;31.0;-23.0;7.0
4619;14.326666666666666;8.0;26.0;-18.0;7.0
4629;14.436666666666667;8.0;27.0;-19.0;7.0
4639;14.386666666666667;8.0;25.0;-17.0;7.0
4649;14.34;8.0;26.0;-18.0;7.0
4659;14.526666666666667;8.0;27.0;-19.0;7.0
4669;14.51;8.0;25.0;-17.0;7.0
4679;14.526666666666667;8.0;30.0;-22.0;7.0
4689;14.356666666666667;8.0;27.0;-19.0;7.0
4699;14.726666666666667;8.0;27.0;-19.0;7.0
4709;14.403333333333334;8.0;27.0;-19.0;7.0
4719;14.506666666666666;8.0;28.0;-20.0;7.0
4729;14.026666666666667;8.0;25.0;-17.0;7.0
4739;14.37;8.0;28.0;-20.0;7.0
4749;14.426666666666666;8.0;31.0;-23.0;7.0
4759;14.533333333333333;8.0;28.0;-20.0;7.0
4769;14.473333333333333;8.0;26.0;-18.0;7.0
4779;14.053333333333333;8.0;28.0;-20.0;7.0
4789;14.153333333333334;8.0;29.0;-21.0;7.0
4799;13.963333333333333;8.0;25.0;-17.0;7.0
4809;14.63;8.0;25.0;-17.0;7.0
4819;14.376666666666667;8.0;31.0;-23.0;7.0
4829;14.623333333333333;8.0;29.0;-21.0;7.0
4839;14.203333333333333;8.0;31.0;-23.0;7.0
4849;14.143333333333333;8.0;27.0;-19.0;7.0
4859;13.993333333333334;8.0;26.0;-18.0;7.0
4869;14.86;8.0;35.0;-27.0;7.0
4879;14.41;8.0;26.0;-18.0;7.0
4889;14.18;8.0;29.0;-21.0;7.0
4899;14.226666666666667;8.0;29.0;-21.0;7.0
4909;14.256666666666666;8.0;28.0;-20.0;7.0
4919;14.233333333333333;8.0;29.0;-21.0;7.0
4929;14.086666666666666;8.0;29.0;-21.0;7.0
4939;14.106666666666667;8.0;27.0;-19.0;7.0
4949;14.293333333333333;8.0;25.0;-17.0;7.0
4959;14.656666666666666;8.0;26.0;-18.0;7.0
4969;14.206666666666667;8.0;30.0;-22.0;7.0
4979;14.573333333333334;8.0;27.0;-19.0;7.0
4989;14.336666666666666;8.0;30.0;-22.0;7.0
4999;14.05;8.0;29.0;-21.0;7.0
5009;14.433333333333334;8.0;27.0;-19.0;7.0
5019;14.176666666666666;8.0;32.0;-24.0;7.0
5029;15.056666666666667;8.0;25.0;-17.0;7.0
5039;14.616666666666667;8.0;29.0;-21.0;7.0
5049;14.68;8.0;27.0;-19.0;7.0
5059;14.063333333333333;7.0;26.0;-19.0;7.0
5069;13.103333333333333;7.0;26.0;-19.0;7.0
5079;13.84;7.0;25.0;-18.0;7.0
5089;13.076666666666666;7.0;27.0;-20.0;7.0
5099;13.456666666666667;7.0;30.0;-23.0;7.0
5109;13.943333333333333;7.0;29.0;-22.0;7.0
5119;13.126666666666667;7.0;28.0;-21.0;7.0
5129;13.576666666666666;7.0;27.0;-20.0;7.0
5139;13.836666666666666;7.0;27.0;-20.0;7.0
5149;13.696666666666667;7.0;27.0;-20.0;7.0
5159;13.46;7.0;27.0;-20.0;7.0
5169;13.88;7.0;28.0;-21.0;7.0
5179;13.53;7.0;26.0;-19.0;7.0
5189;13.316666666666666;7.0;28.0;-21.0;7.0
5199;14.043333333333333;7.0;30.0;-23.0;7.0
5209;13.256666666666666;7.0;26.0;-19.0;7.0
5219;13.716666666666667;7.0;28.0;-21.0;7.0
5229;13.533333333333333;7.0;26.0;-19.0;7.0
5239;12.963333333333333;7.0;27.0;-20.0;7.0
5249;13.056666666666667;7.0;31.0;-24.0;7.0
5259;13.43;7.0;27.0;-20.0;7.0
5269;13.443333333333333;7.0;27.0;-20.0;7.0
5279;13.203333333333333;7.0;25.0;-18.0;7.0
5289;13.293333333333333;7.0;31.0;-24.0;7.0
5299;13.92;7.0;26.0;-19.0;7.0
5309;13.826666666666666;7.0;25.0;-18.0;7.0
5319;13.73;7.0;27.0;-20.0;7.0
5329;13.016666666666667;7.0;25.0;-18.0;7.0
5339;13.586666666666666;7.0;26.0;-19.0;7.0
5349;13.236666666666666;7.0;28.0;-21.0;7.0
5359;13.856666666666667;7.0;27.0;-20.0;7.0
5369;13.563333333333333;7.0;25.0;-18.0;7.0
5379;13.113333333333333;7.0;25.0;-18.0;7.0
5389;13.616666666666667;7.0;27.0;-20.0;7.0
5399;13.013333333333334;7.0;24.0;-17.0;7.0
5409;13.56;7.0;28.0;-21.0;7.0
5419;13.85;7.0;27.0;-20.0;7.0
5429;13.486666666666666;7.0;27.0;-20.0;7.0
5439;14.076666666666666;7.0;28.0;-21.0;7.0
5449;13.263333333333334;7.0;28.0;-21.0;7.0
5459;13.583333333333334;7.0;26.0;-19.0;7.0
5469;13.296666666666667;7.0;28.0;-21.0;7.0
5479;13.26;7.0;25.0;-18.0;7.0
5489;12.893333333333333;7.0;24.0;-17.0;7.0
5499;12.67;7.0;25.0;-18.0;7.0
5509;12.78;7.0;31.0;-24.0;7.0
5519;13.19;7.0;23.0;-16.0;7.0
5529;12.83;7.0;23.0;-16.0;7.0
5539;13.14;7.0;27.0;-20.0;7.0
5549;13.71;7.0;26.0;-19.0;7.0
5559;13.343333333333334;7.0;28.0;-21.0;7.0
5569;13.193333333333333;7.0;27.0;-20.0;7.0
5579;13.22;7.0;30.0;-23.0;7.0
5589;13.596666666666666;7.0;26.0;-19.0;7.0
5599;13.863333333333333;7.0;27.0;-20.0;7.0
5609;13.32;7.0;30.0;-23.0;7.0
5619;13.656666666666666;7.0;29.0;-22.0;7.0
5629;13.54;7.0;27.0;-20.0;7.0
5639;13.58;7.0;26.0;-19.0;7.0
5649;13.21;7.0;25.0;-18.0;7.0
5659;13.716666666666667;7.0;32.0;-25.0;7.0
5669;13.17;7.0;27.0;-20.0;7.0
5679;13.163333333333334;7.0;28.0;-21.0;7.0
5689;13.78;7.0;30.0;-23.0;7.0
5699;13.576666666666666;7.0;32.0;-25.0;7.0
5709;13.456666666666667;7.0;31.0;-24.0;7.0
5719;13.086666666666666;7.0;29.0;-22.0;7.0
5729;13.033333333333333;7.0;23.0;-16.0;7.0
5739;13.326666666666666;7.0;26.0;-19.0;7.0
5749;12.96;7.0;24.0;-17.0;7.0
5759;13.533333333333333;7.0;31.0;-24.0;7.0
5769;13.37;7.0;23.0;-16.0;7.0
5779;12.97;7.0;27.0;-20.0;7.0
5789;13.64;7.0;27.0;-20.0;7.0
5799;13.436666666666667;7.0;27.0;-20.0;7.0
5809;13.67;7.0;27.0;-20.0;7.0
5819;12.913333333333334;7.0;23.0;-16.0;7.0
5829;14.08;7.0;26.0;-19.0;7.0
5839;13.296666666666667;7.0;29.0;-22.0;7.0
5849;13.476666666666667;7.0;28.0;-21.0;7.0
5859;13.253333333333334;7.0;27.0;-20.0;7.0
5869;13.253333333333334;7.0;26.0;-19.0;7.0
5879;13.533333333333333;7.0;26.0;-19.0;7.0
5889;13.66;7.0;30.0;-23.0;7.0
5899;13.786666666666667;7.0;24.0;-17.0;7.0
5909;13.53;7.0;29.0;-22.0;7.0
5919;13.02;7.0;27.0;-20.0;7.0
5929;13.47;7.0;26.0;-19.0;7.0
5939;12.56;7.0;26.0;-19.0;7.0
5949;13.45;7.0;28.0;-21.0;7.0
5959;13.463333333333333;7.0;27.0;-20.0;7.0
5969;12.716666666666667;7.0;26.0;-19.0;7.0
5979;13.47;7.0;27.0;-20.0;7.0
5989;13.693333333333333;7.0;25.0;-18.0;7.0
5999;13.656666666666666;7.0;27.0;-20.0;7.0
6009;13.586666666666666;7.0;25.0;-18.0;7.0
6019;13.64;7.0;28.0;-21.0;7.0
6029;13.483333333333333;7.0;27.0;-20.0;7.0
6039;13.186666666666667;7.0;26.0;-19.0;7.0
6049;13.703333333333333;7.0;26.0;-19.0;7.0
6059;13.063333333333333;7.0;27.0;-20.0;7.0
6069;13.38;7.0;30.0;-23.0;7.0
6079;13.286666666666667;7.0;26.0;-19.0;7.0
6089;13.353333333333333;7.0;30.0;-23.0;7.0
6099;13.776666666666667;7.0;29.0;-22.0;7.0
6109;13.476666666666667;7.0;24.0;-17.0;7.0
6119;13.703333333333333;7.0;25.0;-18.0;7.0
6129;13.406666666666666;7.0;29.0;-22.0;7.0
6139;13.096666666666666;7.0;24.0;-17.0;7.0
6149;12.883333333333333;7.0;26.0;-19.0;7.0
6159;13.283333333333333;7.0;28.0;-21.0;7.0
6169;13.673333333333334;7.0;28.0;-21.0;7.0
6179;13.26;7.0;26.0;-19.0;7.0
6189;13.336666666666666;7.0;27.0;-20.0;7.0
6199;13.143333333333333;7.0;25.0;-18.0;7.0
6209;13.06;7.0;25.0;-18.0;7.0
6219;13.596666666666666;7.0;26.0;-19.0;7.0
6229;13.353333333333333;7.0;25.0;-18.0;7.0
6239;13.0;7.0;25.0;-18.0;7.0
6249;13.366666666666667;7.0;26.0;-19.0;7.0
6259;13.35;7.0;25.0;-18.0;7.0
6269;13.09;7.0;30.0;-23.0;7.0
6279;13.163333333333334;7.0;28.0;-21.0;7.0
6289;13.073333333333334;7.0;24.0;-17.0;7.0
6299;13.54;7.0;25.0;-18.0;7.0
6309;13.326666666666666;7.0;27.0;-20.0;7.0
6319;13.223333333333333;7.0;27.0;-20.0;7.0
6329;13.496666666666666;7.0;25.0;-18.0;7.0
6339;12.943333333333333;7.0;24.0;-17.0;7.0
6349;13.336666666666666;7.0;27.0;-20.0;7.0
6359;13.53;7.0;29.0;-22.0;7.0
6369;13.04;7.0;26.0;-19.0;7.0
6379;13.27;7.0;25.0;-18.0;7.0
6389;12.913333333333334;7.0;27.0;-20.0;7.0
6399;13.743333333333334;7.0;26.0;-19.0;7.0
6409;13.13;7.0;28.0;-21.0;7.0
6419;13.993333333333334;7.0;26.0;-19.0;7.0
6429;13.296666666666667;7.0;28.0;-21.0;7.0
6439;13.303333333333333;7.0;26.0;-19.0;7.0
6449;13.073333333333334;7.0;28.0;-21.0;7.0
6459;13.256666666666666;7.0;25.0;-18.0;7.0
6469;13.403333333333334;7.0;30.0;-23.0;7.0
6479;13.183333333333334;7.0;27.0;-20.0;7.0
6489;13.406666666666666;7.0;29.0;-22.0;7.0
6499;13.436666666666667;7.0;26.0;-19.0;7.0
6509;13.133333333333333;7.0;26.0;-19.0;7.0
6519;13.446666666666667;7.0;28.0;-21.0;7.0
6529;13.476666666666667;7.0;30.0;-23.0;7.0
6539;13.136666666666667;7.0;27.0;-20.0;7.0
6549;13.923333333333334;7.0;32.0;-25.0;7.0
6559;13.78;7.0;30.0;-23.0;7.0
6569;13.336666666666666;7.0;29.0;-22.0;7.0
6579;13.8;7.0;26.0;-19.0;7.0
6589;13.463333333333333;7.0;26.0;-19.0;7.0
6599;13.273333333333333;7.0;30.0;-23.0;7.0
6609;13.66;7.0;27.0;-20.0;7.0
6619;12.83;7.0;27.0;-20.0;7.0
6629;13.486666666666666;7.0;28.0;-21.0;7.0
6639;13.413333333333334;7.0;26.0;-19.0;7.0
6649;13.45;7.0;25.0;-18.0;7.0
6659;12.846666666666666;7.0;25.0;-18.0;7.0
6669;13.156666666666666;7.0;26.0;-19.0;7.0
6679;13.05;7.0;28.0;-21.0;7.0
6689;13.136666666666667;7.0;28.0;-21.0;7.0
6699;13.376666666666667;7.0;28.0;-21.0;7.0
6709;13.04;7.0;28.0;-21.0;7.0
6719;13.676666666666666;7.0;24.0;-17.0;7.0
6729;13.396666666666667;7.0;29.0;-22.0;7.0
6739;13.673333333333334;7.0;30.0;-23.0;7.0
6749;13.286666666666667;7.0;25.0;-18.0;7.0
6759;13.45;7.0;27.0;-20.0;7.0
6769;13.323333333333334;7.0;25.0;-18.0;7.0
6779;13.366666666666667;7.0;27.0;-20.0;7.0
6789;13.596666666666666;7.0;26.0;-19.0;7.0
6799;13.233333333333333;7.0;24.0;-17.0;7.0
6809;13.356666666666667;7.0;28.0;-21.0;7.0
6819;13.863333333333333;7.0;30.0;-23.0;7.0
6829;13.373333333333333;7.0;31.0;-24.0;7.0
6839;12.983333333333333;7.0;27.0;-20.0;7.0
6849;13.483333333333333;7.0;27.0;-20.0;7.0
6859;13.746666666666666;7.0;25.0;-18.0;7.0
6869;13.166666666666666;7.0;26.0;-19.0;7.0
6879;13.13;7.0;25.0;-18.0;7.0
6889;12.926666666666666;7.0;25.0;-18.0;7.0
6899;13.116666666666667;7.0;25.0;-18.0;7.0
6909;13.0;7.0;25.0;-18.0;7.0
6919;13.22;7.0;27.0;-20.0;7.0
6929;13.406666666666666;7.0;28.0;-21.0;7.0
6939;13.37;7.0;30.0;-23.0;7.0
6949;13.4;7.0;26.0;-19.0;7.0
6959;13.5;7.0;25.0;-18.0;7.0
6969;13.13;7.0;30.0;-23.0;7.0
6979;13.1;7.0;25.0;-18.0;7.0
6989;13.506666666666666;7.0;26.0;-19.0;7.0
6999;13.523333333333333;7.0;30.0;-23.0;7.0
7009;13.166666666666666;7.0;27.0;-20.0;7.0
7019;13.18;7.0;24.0;-17.0;7.0
7029;13.636666666666667;7.0;26.0;-19.0;7.0
7039;13.76;7.0;28.0;-21.0;7.0
7049;13.403333333333334;7.0;26.0;-19.0;7.0
7059;13.273333333333333;7.0;27.0;-20.0;7.0
7069;13.136666666666667;7.0;23.0;-16.0;7.0
7079;13.326666666666666;7.0;28.0;-21.0;7.0
7089;13.066666666666666;7.0;26.0;-19.0;7.0
7099;13.83;7.0;26.0;-19.0;7.0
7109;12.756666666666666;7.0;27.0;-20.0;7.0
7119;13.573333333333334;7.0;25.0;-18.0;7.0
7129;13.253333333333334;7.0;27.0;-20.0;7.0
7139;13.356666666666667;7.0;24.0;-17.0;7.0
7149;13.443333333333333;7.0;25.0;-18.0;7.0
7159;12.876666666666667;7.0;30.0;-23.0;7.0
7169;13.636666666666667;7.0;27.0;-20.0;7.0
7179;13.16;7.0;26.0;-19.0;7.0
7189;13.393333333333333;7.0;25.0;-18.0;7.0
7199;13.413333333333334;7.0;29.0;-22.0;7.0
7209;13.173333333333334;7.0;25.0;-18.0;7.0
7219;13.55;7.0;23.0;-16.0;7.0
7229;13.413333333333334;7.0;26.0;-19.0;7.0
7239;13.17;7.0;26.0;-19.0;7.0
7249;13.36;7.0;25.0;-18.0;7.0
7259;13.63;7.0;25.0;-18.0;7.0
7269;13.423333333333334;7.0;27.0;-20.0;7.0
7279;13.73;7.0;27.0;-20.0;7.0
7289;13.196666666666667;7.0;26.0;-19.0;7.0
7299;13.293333333333333;7.0;28.0;-21.0;7.0
7309;13.65;7.0;30.0;-23.0;7.0
7319;13.746666666666666;7.0;35.0;-28.0;7.0
7329;13.186666666666667;7.0;27.0;-20.0;7.0
7339;13.27;7.0;26.0;-19.0;7.0
7349;13.636666666666667;7.0;27.0;-20.0;7.0
7359;12.976666666666667;7.0;27.0;-20.0;7.0
7369;13.153333333333334;7.0;26.0;-19.0;7.0
7379;13.113333333333333;7.0;24.0;-17.0;7.0
7389;13.353333333333333;7.0;28.0;-21.0;7.0
7399;13.08;7.0;29.0;-22.0;7.0
7409;13.06;7.0;27.0;-20.0;7.0
7419;13.493333333333334;7.0;26.0;-19.0;7.0
7429;13.366666666666667;7.0;27.0;-20.0;7.0
7439;13.646666666666667;7.0;29.0;-22.0;7.0
7449;13.136666666666667;7.0;26.0;-19.0;7.0
7459;13.44;7.0;27.0;-20.0;7.0
7469;13.29;7.0;25.0;-18.0;7.0
7479;13.856666666666667;7.0;30.0;-23.0;7.0
7489;13.383333333333333;7.0;26.0;-19.0;7.0
7499;13.583333333333334;7.0;29.0;-22.0;7.0
7509;13.556666666666667;7.0;26.0;-19.0;7.0
7519;13.64;7.0;26.0;-19.0;7.0
7529;13.426666666666666;7.0;31.0;-24.0;7.0
7539;13.376666666666667;7.0;28.0;-21.0;7.0
7549;13.336666666666666;7.0;26.0;-19.0;7.0
7559;13.196666666666667;7.0;29.0;-22.0;7.0
7569;13.863333333333333;7.0;26.0;-19.0;7.0
7579;13.25;7.0;24.0;-17.0;7.0
7589;13.34;7.0;33.0;-26.0;7.0
7599;13.7;7.0;28.0;-21.0;7.0
7609;13.333333333333334;7.0;24.0;-17.0;7.0
7619;13.433333333333334;7.0;27.0;-20.0;7.0
7629;13.193333333333333;7.0;27.0;-20.0;7.0
7639;13.163333333333334;7.0;26.0;-19.0;7.0
7649;13.176666666666666;7.0;26.0;-19.0;7.0
7659;13.273333333333333;7.0;30.0;-23.0;7.0
7669;13.663333333333334;7.0;29.0;-22.0;7.0
7679;13.59;7.0;28.0;-21.0;7.0
7689;13.5;7.0;25.0;-18.0;7.0
7699;13.11;7.0;29.0;-22.0;7.0
7709;13.016666666666667;7.0;28.0;-21.0;7.0
7719;13.903333333333334;7.0;28.0;-21.0;7.0
7729;13.483333333333333;7.0;27.0;-20.0;7.0
7739;13.566666666666666;7.0;26.0;-19.0;7.0
7749;13.063333333333333;7.0;28.0;-21.0;7.0
7759;13.15;7.0;27.0;-20.0;7.0
7769;13.576666666666666;7.0;24.0;-17.0;7.0
7779;13.48;7.0;26.0;-19.0;7.0
7789;12.91;7.0;27.0;-20.0;7.0
7799;13.456666666666667;7.0;25.0;-18.0;7.0
7809;13.376666666666667;7.0;26.0;-19.0;7.0
7819;13.413333333333334;7.0;27.0;-20.0;7.0
7829;12.636666666666667;7.0;25.0;-18.0;7.0
7839;13.143333333333333;7.0;28.0;-21.0;7.0
7849;13.053333333333333;7.0;26.0;-19.0;7.0
7859;13.563333333333333;7.0;26.0;-19.0;7.0
7869;12.733333333333333;7.0;24.0;-17.0;7.0
7879;13.306666666666667;7.0;25.0;-18.0;7.0
7889;13.136666666666667;7.0;25.0;-18.0;7.0
7899;13.363333333333333;7.0;30.0;-23.0;7.0
7909;13.363333333333333;7.0;26.0;-19.0;7.0
7919;13.17;7.0;25.0;-18.0;7.0
7929;12.653333333333334;7.0;27.0;-20.0;7.0
7939;13.69;7.0;30.0;-23.0;7.0
7949;13.61;7.0;30.0;-23.0;7.0
7959;13.333333333333334;7.0;25.0;-18.0;7.0
7969;12.996666666666666;7.0;31.0;-24.0;7.0
7979;13.56;7.0;33.0;-26.0;7.0
7989;13.286666666666667;7.0;26.0;-19.0;7.0
7999;13.28;7.0;25.0;-18.0;7.0
8009;13.31;7.0;30.0;-23.0;7.0
8019;13.226666666666667;7.0;28.0;-21.0;7.0
8029;13.1;7.0;25.0;-18.0;7.0
8039;13.68;7.0;26.0;-19.0;7.0
8049;13.236666666666666;7.0;24.0;-17.0;7.0
8059;13.133333333333333;7.0;25.0;-18.0;7.0
8069;13.103333333333333;7.0;25.0;-18.0;7.0
8079;13.48;7.0;27.0;-20.0;7.0
8089;13.536666666666667;7.0;29.0;-22.0;7.0
8099;13.09;7.0;28.0;-21.0;7.0
8109;13.166666666666666;7.0;27.0;-20.0;7.0
8119;13.43;7.0;26.0;-19.0;7.0
8129;13.163333333333334;7.0;24.0;-17.0;7.0
8139;13.47;7.0;28.0;-21.0;7.0
8149;13.246666666666666;7.0;27.0;-20.0;7.0
8159;12.726666666666667;7.0;25.0;-18.0;7.0
8169;13.426666666666666;7.0;30.0;-23.0;7.0
8179;13.383333333333333;7.0;31.0;-24.0;7.0
8189;13.11;7.0;25.0;-18.0;7.0
8199;13.216666666666667;7.0;26.0;-19.0;7.0
8209;13.176666666666666;7.0;28.0;-21.0;7.0
8219;13.523333333333333;7.0;27.0;-20.0;7.0
8229;13.41;7.0;27.0;-20.0;7.0
8239;13.38;7.0;28.0;-21.0;7.0
8249;13.353333333333333;7.0;26.0;-19.0;7.0
8259;13.836666666666666;7.0;25.0;-18.0;7.0
8269;13.566666666666666;7.0;25.0;-18.0;7.0
8279;13.503333333333334;7.0;27.0;-20.0;7.0
8289;13.673333333333334;7.0;28.0;-21.0;7.0
8299;13.013333333333334;7.0;25.0;-18.0;7.0
8309;13.926666666666666;7.0;27.0;-20.0;7.0
8319;13.336666666666666;7.0;26.0;-19.0;7.0
8329;13.313333333333333;7.0;27.0;-20.0;7.0
8339;13.186666666666667;7.0;27.0;-20.0;7.0
8349;13.24;7.0;26.0;-19.0;7.0
8359;12.75;7.0;25.0;-18.0;7.0
8369;13.676666666666666;7.0;27.0;-20.0;7.0
8379;13.35;7.0;24.0;-17.0;7.0
8389;13.396666666666667;7.0;26.0;-19.0;7.0
8399;13.456666666666667;7.0;26.0;-19.0;7.0
8409;13.39;7.0;26.0;-19.0;7.0
8419;13.696666666666667;7.0;32.0;-25.0;7.0
8429;13.38;7.0;25.0;-18.0;7.0
8439;13.383333333333333;7.0;25.0;-18.0;7.0
8449;13.88;7.0;27.0;-20.0;7.0
8459;13.116666666666667;7.0;25.0;-18.0;7.0
8469;12.933333333333334;7.0;26.0;-19.0;7.0
8479;13.62;7.0;26.0;-19.0;7.0
8489;13.0;7.0;25.0;-18.0;7.0
8499;13.133333333333333;7.0;25.0;-18.0;7.0
8509;13.04;7.0;28.0;-21.0;7.0
8519;13.086666666666666;7.0;28.0;-21.0;7.0
8529;13.413333333333334;7.0;25.0;-18.0;7.0
8539;13.32;7.0;28.0;-21.0;7.0
8549;13.246666666666666;7.0;28.0;-21.0;7.0
8559;13.726666666666667;7.0;34.0;-27.0;7.0
8569;13.496666666666666;7.0;26.0;-19.0;7.0
8579;13.35;7.0;32.0;-25.0;7.0
8589;13.61;7.0;24.0;-17.0;7.0
8599;13.373333333333333;7.0;26.0;-19.0;7.0
8609;13.163333333333334;7.0;26.0;-19.0;7.0
8619;13.043333333333333;7.0;27.0;-20.0;7.0
8629;13.58;7.0;27.0;-20.0;7.0
8639;13.176666666666666;7.0;26.0;-19.0;7.0
8649;13.886666666666667;7.0;23.0;-16.0;7.0
8659;13.103333333333333;7.0;24.0;-17.0;7.0
8669;13.253333333333334;7.0;26.0;-19.0;7.0
8679;13.383333333333333;7.0;26.0;-19.0;7.0
8689;13.143333333333333;7.0;30.0;-23.0;7.0
8699;13.313333333333333;7.0;31.0;-24.0;7.0
8709;13.52;7.0;32.0;-25.0;7.0
8719;13.076666666666666;7.0;27.0;-20.0;7.0
8729;13.276666666666667;7.0;27.0;-20.0;7.0
8739;13.606666666666667;7.0;27.0;-20.0;7.0
8749;13.043333333333333;7.0;25.0;-18.0;7.0
8759;13.426666666666666;7.0;29.0;-22.0;7.0
8769;13.42;7.0;27.0;-20.0;7.0
8779;13.39;7.0;26.0;-19.0;7.0
8789;13.176666666666666;7.0;27.0;-20.0;7.0
8799;13.093333333333334;7.0;28.0;-21.0;7.0
8809;14.186666666666667;7.0;31.0;-24.0;7.0
8819;13.35;7.0;27.0;-20.0;7.0
8829;12.783333333333333;7.0;23.0;-16.0;7.0
8839;13.52;7.0;29.0;-22.0;7.0
8849;13.526666666666667;7.0;27.0;-20.0;7.0
8859;13.793333333333333;7.0;26.0;-19.0;7.0
8869;13.48;7.0;28.0;-21.0;7.0
8879;13.363333333333333;7.0;28.0;-21.0;7.0
8889;13.486666666666666;7.0;28.0;-21.0;7.0
8899;13.066666666666666;7.0;27.0;-20.0;7.0
8909;13.583333333333334;7.0;27.0;-20.0;7.0
8919;13.4;7.0;27.0;-20.0;7.0
8929;13.47;7.0;27.0;-20.0;7.0
8939;13.293333333333333;7.0;26.0;-19.0;7.0
8949;13.023333333333333;7.0;27.0;-20.0;7.0
8959;13.506666666666666;7.0;24.0;-17.0;7.0
8969;13.28;7.0;25.0;-18.0;7.0
8979;13.453333333333333;7.0;32.0;-25.0;7.0
8989;13.556666666666667;7.0;26.0;-19.0;7.0
8999;13.3;7.0;25.0;-18.0;7.0
9009;13.416666666666666;7.0;26.0;-19.0;7.0
9019;13.143333333333333;7.0;28.0;-21.0;7.0
9029;13.136666666666667;7.0;25.0;-18.0;7.0
9039;13.226666666666667;7.0;29.0;-22.0;7.0
9049;13.016666666666667;7.0;25.0;-18.0;7.0
9059;14.156666666666666;7.0;26.0;-19.0;7.0
9069;13.39;7.0;27.0;-20.0;7.0
9079;12.92;7.0;28.0;-21.0;7.0
9089;13.45;7.0;26.0;-19.0;7.0
9099;13.366666666666667;7.0;25.0;-18.0;7.0
9109;13.956666666666667;7.0;27.0;-20.0;7.0
9119;13.993333333333334;7.0;25.0;-18.0;7.0
9129;13.286666666666667;7.0;24.0;-17.0;7.0
9139;12.96;7.0;28.0;-21.0;7.0
9149;13.516666666666667;7.0;26.0;-19.0;7.0
9159;13.603333333333333;7.0;27.0;-20.0;7.0
9169;13.04;7.0;27.0;-20.0;7.0
9179;13.58;7.0;27.0;-20.0;7.0
9189;13.533333333333333;7.0;26.0;-19.0;7.0
9199;13.176666666666666;7.0;29.0;-22.0;7.0
9209;13.276666666666667;7.0;26.0;-19.0;7.0
9219;13.853333333333333;7.0;26.0;-19.0;7.0
9229;13.543333333333333;7.0;28.0;-21.0;7.0
9239;13.32;7.0;27.0;-20.0;7.0
9249;13.516666666666667;7.0;23.0;-16.0;7.0
9259;13.316666666666666;7.0;24.0;-17.0;7.0
9269;13.213333333333333;7.0;34.0;-27.0;7.0
9279;13.22;7.0;25.0;-18.0;7.0
9289;13.47;7.0;25.0;-18.0;7.0
9299;13.333333333333334;7.0;26.0;-19.0;7.0
9309;13.363333333333333;7.0;26.0;-19.0;7.0
9319;13.473333333333333;7.0;25.0;-18.0;7.0
9329;13.923333333333334;7.0;26.0;-19.0;7.0
9339;13.336666666666666;7.0;22.0;-15.0;7.0
9349;13.716666666666667;7.0;29.0;-22.0;7.0
9359;13.253333333333334;7.0;27.0;-20.0;7.0
9369;13.216666666666667;7.0;25.0;-18.0;7.0
9379;13.19;7.0;26.0;-19.0;7.0
9389;13.413333333333334;7.0;23.0;-16.0;7.0
9399;13.606666666666667;7.0;26.0;-19.0;7.0
9409;13.28;7.0;29.0;-22.0;7.0
9419;12.956666666666667;7.0;26.0;-19.0;7.0
9429;13.66;7.0;25.0;-18.0;7.0
9439;13.306666666666667;7.0;32.0;-25.0;7.0
9449;12.953333333333333;7.0;26.0;-19.0;7.0
9459;13.143333333333333;7.0;28.0;-21.0;7.0
9469;14.133333333333333;7.0;30.0;-23.0;7.0
9479;13.19;7.0;26.0;-19.0;7.0
9489;12.93;7.0;27.0;-20.0;7.0
9499;13.403333333333334;7.0;26.0;-19.0;7.0
9509;13.093333333333334;7.0;29.0;-22.0;7.0
9519;13.476666666666667;7.0;25.0;-18.0;7.0
9529;13.333333333333334;7.0;31.0;-24.0;7.0
9539;13.796666666666667;7.0;26.0;-19.0;7.0
9549;13.46;7.0;27.0;-20.0;7.0
9559;13.1;7.0;26.0;-19.0;7.0
9569;13.3;7.0;25.0;-18.0;7.0
9579;12.976666666666667;7.0;24.0;-17.0;7.0
9589;13.74;7.0;27.0;-20.0;7.0
9599;13.466666666666667;7.0;27.0;-20.0;7.0
9609;12.94;7.0;27.0;-20.0;7.0
9619;13.546666666666667;7.0;26.0;-19.0;7.0
9629;13.286666666666667;7.0;27.0;-20.0;7.0
9639;13.3;7.0;26.0;-19.0;7.0
9649;13.0;7.0;25.0;-18.0;7.0
9659;13.503333333333334;7.0;26.0;-19.0;7.0
9669;13.863333333333333;7.0;29.0;-22.0;7.0
9679;13.086666666666666;7.0;25.0;-18.0;7.0
9689;13.696666666666667;7.0;28.0;-21.0;7.0
9699;13.836666666666666;7.0;30.0;-23.0;7.0
9709;13.763333333333334;7.0;28.0;-21.0;7.0
9719;13.436666666666667;7.0;31.0;-24.0;7.0
9729;13.386666666666667;7.0;27.0;-20.0;7.0
9739;13.626666666666667;7.0;29.0;-22.0;7.0
9749;13.84;7.0;28.0;-21.0;7.0
9759;13.636666666666667;7.0;27.0;-20.0;7.0
9769;13.843333333333334;7.0;28.0;-21.0;7.0
9779;13.273333333333333;7.0;23.0;-16.0;7.0
9789;13.026666666666667;7.0;25.0;-18.0;7.0
9799;13.193333333333333;7.0;29.0;-22.0;7.0
9809;13.406666666666666;7.0;32.0;-25.0;7.0
9819;13.376666666666667;7.0;27.0;-20.0;7.0
9829;13.236666666666666;7.0;25.0;-18.0;7.0
9839;13.003333333333334;7.0;27.0;-20.0;7.0
9849;13.193333333333333;7.0;28.0;-21.0;7.0
9859;13.42;7.0;26.0;-19.0;7.0
9869;13.56;7.0;28.0;-21.0;7.0
9879;13.65;7.0;26.0;-19.0;7.0
9889;13.01;7.0;27.0;-20.0;7.0
9899;13.04;7.0;28.0;-21.0;7.0
9909;13.273333333333333;7.0;26.0;-19.0;7.0
9919;13.26;7.0;27.0;-20.0;7.0
9929;13.223333333333333;7.0;28.0;-21.0;7.0
9939;13.61;7.0;25.0;-18.0;7.0
9949;13.103333333333333;7.0;26.0;-19.0;7.0
9959;13.566666666666666;7.0;28.0;-21.0;7.0
9969;13.893333333333333;7.0;25.0;-18.0;7.0
9979;13.196666666666667;7.0;28.0;-21.0;7.0
9989;13.226666666666667;7.0;31.0;-24.0;7.0
9999;13.023333333333333;7.0;25.0;-18.0;7.0
10009;13.736666666666666;7.0;27.0;-20.0;7.0
10019;13.743333333333334;7.0;28.0;-21.0;7.0
10029;13.336666666666666;7.0;27.0;-20.0;7.0
10039;13.21;7.0;27.0;-20.0;7.0
10049;13.48;7.0;25.0;-18.0;7.0
10059;12.956666666666667;7.0;24.0;-17.0;7.0
10069;13.623333333333333;7.0;24.0;-17.0;7.0
10079;13.053333333333333;7.0;25.0;-18.0;7.0
10089;13.316666666666666;7.0;26.0;-19.0;7.0
10099;13.56;7.0;31.0;-24.0;7.0
10109;12.723333333333333;7.0;27.0;-20.0;7.0
10119;13.42;7.0;26.0;-19.0;7.0
10129;13.686666666666667;7.0;26.0;-19.0;7.0
10139;13.07;7.0;27.0;-20.0;7.0
10149;13.683333333333334;7.0;31.0;-24.0;7.0
10159;12.88;7.0;25.0;-18.0;7.0
10169;13.07;7.0;27.0;-20.0;7.0
10179;13.25;7.0;31.0;-24.0;7.0
10189;13.246666666666666;7.0;24.0;-17.0;7.0
10199;13.546666666666667;7.0;28.0;-21.0;7.0
10209;13.193333333333333;7.0;26.0;-19.0;7.0
10219;13.276666666666667;7.0;27.0;-20.0;7.0
10229;13.603333333333333;7.0;27.0;-20.0;7.0
10239;13.95;7.0;28.0;-21.0;7.0
10249;13.603333333333333;7.0;25.0;-18.0;7.0
10259;13.23;7.0;25.0;-18.0;7.0
10269;13.446666666666667;7.0;27.0;-20.0;7.0
10279;13.593333333333334;7.0;26.0;-19.0;7.0
10289;12.903333333333334;7.0;26.0;-19.0;7.0
10299;13.77;7.0;30.0;-23.0;7.0
10309;13.036666666666667;7.0;26.0;-19.0;7.0
10319;13.256666666666666;7.0;27.0;-20.0;7.0
10329;13.196666666666667;7.0;26.0;-19.0;7.0
10339;13.586666666666666;7.0;26.0;-19.0;7.0
10349;13.566666666666666;7.0;25.0;-18.0;7.0
10359;13.413333333333334;7.0;28.0;-21.0;7.0
10369;12.866666666666667;7.0;25.0;-18.0;7.0
10379;13.13;7.0;28.0;-21.0;7.0
10389;13.123333333333333;7.0;29.0;-22.0;7.0
10399;13.363333333333333;7.0;25.0;-18.0;7.0
10409;13.346666666666666;7.0;30.0;-23.0;7.0
10419;13.31;7.0;30.0;-23.0;7.0
10429;12.83;7.0;27.0;-20.0;7.0
10439;13.06;7.0;26.0;-19.0;7.0
10449;13.266666666666667;7.0;28.0;-21.0;7.0
10459;13.48;7.0;24.0;-17.0;7.0
10469;13.296666666666667;7.0;25.0;-18.0;7.0
10479;13.283333333333333;7.0;29.0;-22.0;7.0
10489;13.073333333333334;7.0;28.0;-21.0;7.0
10499;13.076666666666666;7.0;24.0;-17.0;7.0
10509;13.483333333333333;7.0;30.0;-23.0;7.0
10519;13.303333333333333;7.0;28.0;-21.0;7.0
10529;13.61;7.0;28.0;-21.0;7.0
10539;13.27;7.0;27.0;-20.0;7.0
10549;13.556666666666667;7.0;28.0;-21.0;7.0
10559;13.606666666666667;7.0;28.0;-21.0;7.0
10569;13.45;7.0;25.0;-18.0;7.0
10579;13.646666666666667;7.0;26.0;-19.0;7.0
10589;13.16;7.0;27.0;-20.0;7.0
10599;13.666666666666666;7.0;28.0;-21.0;7.0
10609;13.436666666666667;7.0;26.0;-19.0;7.0
10619;13.463333333333333;7.0;27.0;-20.0;7.0
10629;13.406666666666666;7.0;28.0;-21.0;7.0
10639;13.2;7.0;23.0;-16.0;7.0
10649;13.873333333333333;7.0;32.0;-25.0;7.0
10659;13.213333333333333;7.0;27.0;-20.0;7.0
10669;13.483333333333333;7.0;26.0;-19.0;7.0
10679;13.416666666666666;7.0;26.0;-19.0;7.0
10689;13.54;7.0;26.0;-19.0;7.0
10699;13.403333333333334;7.0;30.0;-23.0;7.0
10709;13.363333333333333;7.0;25.0;-18.0;7.0
10719;13.386666666666667;7.0;27.0;-20.0;7.0
10729;13.25;7.0;25.0;-18.0;7.0
10739;13.55;7.0;29.0;-22.0;7.0
10749;13.22;7.0;27.0;-20.0;7.0
10759;13.643333333333333;7.0;25.0;-18.0;7.0
10769;13.036666666666667;7.0;28.0;-21.0;7.0
10779;13.426666666666666;7.0;27.0;-20.0;7.0
10789;13.353333333333333;7.0;26.0;-19.0;7.0
10799;13.24;7.0;25.0;-18.0;7.0
10809;13.223333333333333;7.0;25.0;-18.0;7.0
10819;13.646666666666667;7.0;38.0;-31.0;7.0
10829;13.333333333333334;7.0;26.0;-19.0;7.0
10839;13.78;7.0;30.0;-23.0;7.0
10849;12.903333333333334;7.0;26.0;-19.0;7.0
10859;13.246666666666666;7.0;23.0;-16.0;7.0
10869;13.553333333333333;7.0;30.0;-23.0;7.0
10879;12.946666666666667;7.0;28.0;-21.0;7.0
10889;13.016666666666667;7.0;27.0;-20.0;7.0
10899;13.226666666666667;7.0;25.0;-18.0;7.0
10909;13.346666666666666;7.0;29.0;-22.0;7.0
10919;13.476666666666667;7.0;28.0;-21.0;7.0
10929;13.263333333333334;7.0;25.0;-18.0;7.0
10939;13.223333333333333;7.0;29.0;-22.0;7.0
10949;13.71;7.0;30.0;-23.0;7.0
10959;13.396666666666667;7.0;27.0;-20.0;7.0
10969;13.77;7.0;27.0;-20.0;7.0
10979;13.463333333333333;7.0;29.0;-22.0;7.0
10989;13.393333333333333;7.0;25.0;-18.0;7.0
10999;13.333333333333334;7.0;25.0;-18.0;7.0
11009;13.246666666666666;7.0;25.0;-18.0;7.0
11019;13.32;7.0;24.0;-17.0;7.0
11029;13.193333333333333;7.0;26.0;-19.0;7.0
11039;12.953333333333333;7.0;25.0;-18.0;7.0
11049;13.55;7.0;28.0;-21.0;7.0
11059;13.25;7.0;24.0;-17.0;7.0
11069;13.12;7.0;25.0;-18.0;7.0
11079;13.376666666666667;7.0;26.0;-19.0;7.0
11089;13.283333333333333;7.0;28.0;-21.0;7.0
11099;14.026666666666667;7.0;29.0;-22.0;7.0
11109;12.87;7.0;28.0;-21.0;7.0
11119;12.973333333333333;7.0;25.0;-18.0;7.0
11129;13.51;7.0;26.0;-19.0;7.0
11139;13.286666666666667;7.0;28.0;-21.0;7.0
11149;13.01;7.0;24.0;-17.0;7.0
11159;13.67;7.0;25.0;-18.0;7.0
11169;13.91;7.0;28.0;-21.0;7.0
11179;12.993333333333334;7.0;28.0;-21.0;7.0
11189;13.55;7.0;26.0;-19.0;7.0
11199;13.173333333333334;7.0;28.0;-21.0;7.0
11209;13.853333333333333;7.0;25.0;-18.0;7.0
11219;13.173333333333334;7.0;26.0;-19.0;7.0
11229;13.073333333333334;7.0;29.0;-22.0;7.0
11239;13.383333333333333;7.0;25.0;-18.0;7.0
11249;13.5;7.0;32.0;-25.0;7.0
11259;13.53;7.0;27.0;-20.0;7.0
11269;13.08;7.0;25.0;-18.0;7.0
11279;13.49;7.0;26.0;-19.0;7.0
11289;13.19;7.0;27.0;-20.0;7.0
11299;12.826666666666666;7.0;26.0;-19.0;7.0
11309;13.396666666666667;7.0;23.0;-16.0;7.0
11319;13.533333333333333;7.0;28.0;-21.0;7.0
11329;13.093333333333334;7.0;29.0;-22.0;7.0
11339;13.183333333333334;7.0;24.0;-17.0;7.0
11349;13.836666666666666;7.0;30.0;-23.0;7.0
11359;13.823333333333334;7.0;28.0;-21.0;7.0
11369;13.156666666666666;7.0;25.0;-18.0;7.0
11379;12.966666666666667;7.0;24.0;-17.0;7.0
11389;13.55;7.0;28.0;-21.0;7.0
11399;13.273333333333333;7.0;30.0;-23.0;7.0
11409;13.043333333333333;7.0;27.0;-20.0;7.0
11419;13.256666666666666;7.0;33.0;-26.0;7.0
11429;13.17;7.0;24.0;-17.0;7.0
11439;13.703333333333333;7.0;27.0;-20.0;7.0
11449;13.463333333333333;7.0;30.0;-23.0;7.0
11459;13.35;7.0;25.0;-18.0;7.0
11469;12.92;7.0;24.0;-17.0;7.0
11479;13.07;7.0;31.0;-24.0;7.0
11489;13.53;7.0;26.0;-19.0;7.0
11499;13.416666666666666;7.0;28.0;-21.0;7.0
11509;13.406666666666666;7.0;30.0;-23.0;7.0
11519;12.95;7.0;24.0;-17.0;7.0
11529;14.02;7.0;28.0;-21.0;7.0
11539;13.916666666666666;7.0;27.0;-20.0;7.0
11549;12.763333333333334;7.0;26.0;-19.0;7.0
11559;13.056666666666667;7.0;27.0;-20.0;7.0
11569;13.4;7.0;34.0;-27.0;7.0
11579;13.356666666666667;7.0;25.0;-18.0;7.0
11589;13.363333333333333;7.0;26.0;-19.0;7.0
11599;13.336666666666666;7.0;31.0;-24.0;7.0
11609;13.313333333333333;7.0;27.0;-20.0;7.0
11619;13.516666666666667;7.0;28.0;-21.0;7.0
11629;13.186666666666667;7.0;29.0;-22.0;7.0
11639;13.44;7.0;27.0;-20.0;7.0
11649;13.043333333333333;7.0;29.0;-22.0;7.0
11659;13.266666666666667;7.0;25.0;-18.0;7.0
11669;13.27;7.0;24.0;-17.0;7.0
11679;12.93;7.0;28.0;-21.0;7.0
11689;13.963333333333333;7.0;32.0;-25.0;7.0
11699;13.123333333333333;7.0;29.0;-22.0;7.0
11709;13.093333333333334;7.0;24.0;-17.0;7.0
11719;13.166666666666666;7.0;27.0;-20.0;7.0
11729;13.06;7.0;24.0;-17.0;7.0
11739;13.813333333333333;7.0;27.0;-20.0;7.0
11749;13.226666666666667;7.0;26.0;-19.0;7.0
11759;13.7;7.0;28.0;-21.0;7.0
11769;13.156666666666666;7.0;27.0;-20.0;7.0
11779;13.34;7.0;26.0;-19.0;7.0
11789;13.4;7.0;27.0;-20.0;7.0
11799;13.956666666666667;7.0;27.0;-20.0;7.0
11809;12.766666666666667;7.0;27.0;-20.0;7.0
11819;13.386666666666667;7.0;27.0;-20.0;7.0
11829;13.266666666666667;7.0;26.0;-19.0;7.0
11839;13.083333333333334;7.0;26.0;-19.0;7.0
11849;13.62;7.0;29.0;-22.0;7.0
11859;13.396666666666667;7.0;33.0;-26.0;7.0
11869;13.113333333333333;7.0;28.0;-21.0;7.0
11879;13.826666666666666;7.0;28.0;-21.0;7.0
11889;13.66;7.0;30.0;-23.0;7.0
11899;13.343333333333334;7.0;28.0;-21.0;7.0
11909;13.423333333333334;7.0;26.0;-19.0;7.0
11919;12.836666666666666;7.0;28.0;-21.0;7.0
11929;13.836666666666666;7.0;26.0;-19.0;7.0
11939;13.926666666666666;7.0;28.0;-21.0;7.0
11949;13.64;7.0;27.0;-20.0;7.0
11959;13.363333333333333;7.0;29.0;-22.0;7.0
11969;13.213333333333333;7.0;27.0;-20.0;7.0
11979;12.81;7.0;24.0;-17.0;7.0
11989;13.723333333333333;7.0;27.0;-20.0;7.0
11999;13.703333333333333;7.0;25.0;-18.0;7.0
12009;13.283333333333333;7.0;26.0;-19.0;7.0
12019;13.476666666666667;7.0;26.0;-19.0;7.0
12029;13.493333333333334;7.0;26.0;-19.0;7.0
12039;13.706666666666667;7.0;30.0;-23.0;7.0
12049;13.593333333333334;7.0;27.0;-20.0;7.0
12059;13.393333333333333;7.0;25.0;-18.0;7.0
12069;12.956666666666667;7.0;30.0;-23.0;7.0
12079;13.35;7.0;32.0;-25.0;7.0
12089;13.373333333333333;7.0;24.0;-17.0;7.0
12099;13.313333333333333;7.0;25.0;-18.0;7.0
12109;13.26;7.0;26.0;-19.0;7.0
12119;13.44;7.0;28.0;-21.0;7.0
12129;13.396666666666667;7.0;34.0;-27.0;7.0
12139;13.163333333333334;7.0;26.0;-19.0;7.0
12149;12.956666666666667;7.0;26.0;-19.0;7.0
12159;13.59;7.0;29.0;-22.0;7.0
12169;13.246666666666666;7.0;27.0;-20.0;7.0
12179;13.726666666666667;7.0;27.0;-20.0;7.0
12189;13.196666666666667;7.0;27.0;-20.0;7.0
12199;13.82;7.0;28.0;-21.0;7.0
12209;12.943333333333333;7.0;27.0;-20.0;7.0
12219;13.413333333333334;7.0;26.0;-19.0;7.0
12229;12.88;7.0;24.0;-17.0;7.0
12239;12.88;7.0;25.0;-18.0;7.0
12249;13.473333333333333;7.0;28.0;-21.0;7.0
12259;13.65;7.0;28.0;-21.0;7.0
12269;13.563333333333333;7.0;24.0;-17.0;7.0
12279;13.1;7.0;26.0;-19.0;7.0
12289;13.633333333333333;7.0;28.0;-21.0;7.0
12299;14.033333333333333;7.0;30.0;-23.0;7.0
12309;13.586666666666666;7.0;25.0;-18.0;7.0
12319;13.223333333333333;7.0;26.0;-19.0;7.0
12329;13.263333333333334;7.0;28.0;-21.0;7.0
12339;13.55;7.0;27.0;-20.0;7.0
12349;13.653333333333334;7.0;27.0;-20.0;7.0
12359;13.176666666666666;7.0;23.0;-16.0;7.0
12369;13.313333333333333;7.0;25.0;-18.0;7.0
12379;13.89;7.0;30.0;-23.0;7.0
12389;13.276666666666667;7.0;27.0;-20.0;7.0
12399;13.213333333333333;7.0;28.0;-21.0;7.0
12409;13.503333333333334;7.0;24.0;-17.0;7.0
12419;12.866666666666667;7.0;31.0;-24.0;7.0
12429;13.25;7.0;30.0;-23.0;7.0
12439;12.993333333333334;7.0;25.0;-18.0;7.0
12449;13.423333333333334;7.0;27.0;-20.0;7.0
12459;13.34;7.0;27.0;-20.0;7.0
12469;13.076666666666666;7.0;26.0;-19.0;7.0
12479;13.606666666666667;7.0;30.0;-23.0;7.0
12489;13.843333333333334;7.0;28.0;-21.0;7.0
12499;13.22;7.0;27.0;-20.0;7.0
12509;13.653333333333334;7.0;27.0;-20.0;7.0
12519;13.023333333333333;7.0;26.0;-19.0;7.0
12529;13.473333333333333;7.0;30.0;-23.0;7.0
12539;13.616666666666667;7.0;27.0;-20.0;7.0
12549;13.786666666666667;7.0;29.0;-22.0;7.0
12559;13.18;7.0;24.0;-17.0;7.0
12569;13.68;7.0;28.0;-21.0;7.0
12579;13.576666666666666;7.0;24.0;-17.0;7.0
12589;13.29;7.0;27.0;-20.0;7.0
12599;13.673333333333334;7.0;28.0;-21.0;7.0
12609;13.416666666666666;7.0;32.0;-25.0;7.0
12619;13.88;7.0;26.0;-19.0;7.0
12629;13.37;7.0;28.0;-21.0;7.0
12639;13.31;7.0;28.0;-21.0;7.0
12649;13.583333333333334;7.0;27.0;-20.0;7.0
12659;13.353333333333333;7.0;24.0;-17.0;7.0
12669;13.913333333333334;7.0;25.0;-18.0;7.0
12679;13.556666666666667;7.0;28.0;-21.0;7.0
12689;13.31;7.0;27.0;-20.0;7.0
12699;13.943333333333333;7.0;26.0;-19.0;7.0
12709;13.733333333333333;7.0;31.0;-24.0;7.0
12719;13.19;7.0;28.0;-21.0;7.0
12729;13.036666666666667;7.0;26.0;-19.0;7.0
12739;13.266666666666667;7.0;26.0;-19.0;7.0
12749;13.29;7.0;26.0;-19.0;7.0
12759;13.53;7.0;27.0;-20.0;7.0
12769;13.97;7.0;28.0;-21.0;7.0
12779;13.28;7.0;25.0;-18.0;7.0
12789;13.236666666666666;7.0;25.0;-18.0;7.0
12799;13.426666666666666;7.0;30.0;-23.0;7.0
12809;13.613333333333333;7.0;28.0;-21.0;7.0
12819;13.623333333333333;7.0;37.0;-30.0;7.0
12829;13.153333333333334;7.0;27.0;-20.0;7.0
12839;13.81;7.0;26.0;-19.0;7.0
12849;13.456666666666667;7.0;29.0;-22.0;7.0
12859;13.403333333333334;7.0;23.0;-16.0;7.0
12869;13.006666666666666;7.0;26.0;-19.0;7.0
12879;13.363333333333333;7.0;29.0;-22.0;7.0
12889;12.85;7.0;25.0;-18.0;7.0
12899;12.95;7.0;26.0;-19.0;7.0
12909;13.796666666666667;7.0;28.0;-21.0;7.0
12919;13.563333333333333;7.0;25.0;-18.0;7.0
12929;13.433333333333334;7.0;27.0;-20.0;7.0
12939;13.82;7.0;26.0;-19.0;7.0
12949;13.45;7.0;25.0;-18.0;7.0
12959;13.33;7.0;26.0;-19.0;7.0
12969;13.27;7.0;27.0;-20.0;7.0
12979;13.556666666666667;7.0;26.0;-19.0;7.0
12989;12.87;7.0;29.0;-22.0;7.0
12999;13.18;7.0;25.0;-18.0;7.0
13009;13.643333333333333;7.0;26.0;-19.0;7.0
13019;12.963333333333333;7.0;28.0;-21.0;7.0
13029;12.96;7.0;27.0;-20.0;7.0
13039;13.06;7.0;29.0;-22.0;7.0
13049;13.55;7.0;26.0;-19.0;7.0
13059;13.35;7.0;24.0;-17.0;7.0
13069;13.206666666666667;7.0;27.0;-20.0;7.0
13079;13.896666666666667;7.0;31.0;-24.0;7.0
13089;13.126666666666667;7.0;30.0;-23.0;7.0
13099;13.606666666666667;7.0;27.0;-20.0;7.0
13109;13.26;7.0;29.0;-22.0;7.0
13119;12.86;7.0;28.0;-21.0;7.0
13129;13.506666666666666;7.0;30.0;-23.0;7.0
13139;13.813333333333333;7.0;25.0;-18.0;7.0
13149;13.55;7.0;29.0;-22.0;7.0
13159;13.243333333333334;7.0;31.0;-24.0;7.0
13169;13.23;7.0;25.0;-18.0;7.0
13179;13.306666666666667;7.0;24.0;-17.0;7.0
13189;13.343333333333334;7.0;30.0;-23.0;7.0
13199;13.203333333333333;7.0;26.0;-19.0;7.0
13209;13.803333333333333;7.0;25.0;-18.0;7.0
13219;13.443333333333333;7.0;27.0;-20.0;7.0
13229;13.123333333333333;7.0;26.0;-19.0;7.0
13239;13.136666666666667;7.0;23.0;-16.0;7.0
13249;13.123333333333333;7.0;24.0;-17.0;7.0
13259;13.893333333333333;7.0;25.0;-18.0;7.0
13269;13.43;7.0;29.0;-22.0;7.0
13279;13.23;7.0;29.0;-22.0;7.0
13289;13.306666666666667;7.0;27.0;-20.0;7.0
13299;13.76;7.0;28.0;-21.0;7.0
13309;13.05;7.0;25.0;-18.0;7.0
13319;13.163333333333334;7.0;27.0;-20.0;7.0
13329;13.25;7.0;28.0;-21.0;7.0
13339;13.096666666666666;7.0;27.0;-20.0;7.0
13349;13.21;7.0;29.0;-22.0;7.0
13359;13.696666666666667;7.0;25.0;-18.0;7.0
13369;13.156666666666666;7.0;27.0;-20.0;7.0
13379;13.613333333333333;7.0;27.0;-20.0;7.0
13389;13.163333333333334;7.0;26.0;-19.0;7.0
13399;13.396666666666667;7.0;28.0;-21.0;7.0
13409;13.186666666666667;7.0;25.0;-18.0;7.0
13419;13.933333333333334;7.0;27.0;-20.0;7.0
13429;13.173333333333334;7.0;22.0;-15.0;7.0
13439;13.16;7.0;31.0;-24.0;7.0
13449;13.75;7.0;25.0;-18.0;7.0
13459;13.276666666666667;7.0;27.0;-20.0;7.0
13469;13.59;7.0;29.0;-22.0;7.0
13479;13.776666666666667;7.0;25.0;-18.0;7.0
13489;13.58;7.0;28.0;-21.0;7.0
13499;13.436666666666667;7.0;29.0;-22.0;7.0
13509;13.283333333333333;7.0;26.0;-19.0;7.0
13519;13.596666666666666;7.0;28.0;-21.0;7.0
13529;13.09;7.0;27.0;-20.0;7.0
13539;13.13;7.0;25.0;-18.0;7.0
13549;13.033333333333333;7.0;24.0;-17.0;7.0
13559;13.08;7.0;30.0;-23.0;7.0
13569;13.346666666666666;7.0;28.0;-21.0;7.0
13579;13.18;7.0;29.0;-22.0;7.0
13589;13.476666666666667;7.0;31.0;-24.0;7.0
13599;13.373333333333333;7.0;28.0;-21.0;7.0
13609;13.496666666666666;7.0;27.0;-20.0;7.0
13619;13.413333333333334;7.0;25.0;-18.0;7.0
13629;13.52;7.0;25.0;-18.0;7.0
13639;13.58;7.0;24.0;-17.0;7.0
13649;13.966666666666667;7.0;27.0;-20.0;7.0
13659;13.55;7.0;29.0;-22.0;7.0
13669;13.073333333333334;7.0;24.0;-17.0;7.0
13679;13.196666666666667;7.0;24.0;-17.0;7.0
13689;14.006666666666666;7.0;28.0;-21.0;7.0
13699;13.336666666666666;7.0;31.0;-24.0;7.0
13709;13.336666666666666;7.0;28.0;-21.0;7.0
13719;13.21;7.0;33.0;-26.0;7.0
13729;13.463333333333333;7.0;25.0;-18.0;7.0
13739;13.516666666666667;7.0;28.0;-21.0;7.0
13749;13.453333333333333;7.0;25.0;-18.0;7.0
13759;13.733333333333333;7.0;27.0;-20.0;7.0
13769;13.623333333333333;7.0;30.0;-23.0;7.0
13779;13.063333333333333;7.0;27.0;-20.0;7.0
13789;13.396666666666667;7.0;24.0;-17.0;7.0
13799;13.34;7.0;32.0;-25.0;7.0
13809;13.74;7.0;24.0;-17.0;7.0
13819;13.286666666666667;7.0;33.0;-26.0;7.0
13829;13.47;7.0;26.0;-19.0;7.0
13839;13.073333333333334;7.0;25.0;-18.0;7.0
13849;13.063333333333333;7.0;26.0;-19.0;7.0
13859;13.506666666666666;7.0;30.0;-23.0;7.0
13869;13.463333333333333;7.0;28.0;-21.0;7.0
13879;13.253333333333334;7.0;26.0;-19.0;7.0
13889;13.076666666666666;7.0;26.0;-19.0;7.0
13899;13.533333333333333;7.0;28.0;-21.0;7.0
13909;12.693333333333333;7.0;25.0;-18.0;7.0
13919;13.57;7.0;24.0;-17.0;7.0
13929;13.13;7.0;32.0;-25.0;7.0
13939;13.406666666666666;7.0;27.0;-20.0;7.0
13949;13.253333333333334;7.0;29.0;-22.0;7.0
13959;13.35;7.0;27.0;-20.0;7.0
13969;13.316666666666666;7.0;29.0;-22.0;7.0
13979;13.196666666666667;7.0;25.0;-18.0;7.0
13989;13.89;7.0;27.0;-20.0;7.0
13999;13.216666666666667;7.0;29.0;-22.0;7.0
14009;13.233333333333333;7.0;24.0;-17.0;7.0
14019;13.21;7.0;27.0;-20.0;7.0
14029;12.77;7.0;24.0;-17.0;7.0
14039;13.34;7.0;27.0;-20.0;7.0
14049;13.4;7.0;26.0;-19.0;7.0
14059;13.843333333333334;7.0;27.0;-20.0;7.0
14069;13.436666666666667;7.0;25.0;-18.0;7.0
14079;13.066666666666666;7.0;26.0;-19.0;7.0
14089;13.82;7.0;25.0;-18.0;7.0
14099;13.416666666666666;7.0;28.0;-21.0;7.0
14109;13.653333333333334;7.0;32.0;-25.0;7.0
14119;13.723333333333333;7.0;27.0;-20.0;7.0
14129;13.32;7.0;25.0;-18.0;7.0
14139;13.433333333333334;7.0;25.0;-18.0;7.0
14149;13.153333333333334;7.0;29.0;-22.0;7.0
14159;13.506666666666666;7.0;26.0;-19.0;7.0
14169;13.156666666666666;7.0;33.0;-26.0;7.0
14179;13.413333333333334;7.0;28.0;-21.0;7.0
14189;13.92;7.0;28.0;-21.0;7.0
14199;13.55;7.0;27.0;-20.0;7.0
14209;13.236666666666666;7.0;28.0;-21.0;7.0
14219;13.283333333333333;7.0;26.0;-19.0;7.0
14229;13.54;7.0;24.0;-17.0;7.0
14239;13.083333333333334;7.0;25.0;-18.0;7.0
14249;13.383333333333333;7.0;27.0;-20.0;7.0
14259;13.423333333333334;7.0;35.0;-28.0;7.0
14269;12.973333333333333;7.0;27.0;-20.0;7.0
14279;13.296666666666667;7.0;29.0;-22.0;7.0
14289;13.123333333333333;7.0;26.0;-19.0;7.0
14299;13.446666666666667;7.0;26.0;-19.0;7.0
14309;13.736666666666666;7.0;26.0;-19.0;7.0
14319;13.266666666666667;7.0;25.0;-18.0;7.0
14329;13.283333333333333;7.0;26.0;-19.0;7.0
14339;12.89;7.0;34.0;-27.0;7.0
14349;13.13;7.0;25.0;-18.0;7.0
14359;13.53;7.0;25.0;-18.0;7.0
14369;13.393333333333333;7.0;26.0;-19.0;7.0
14379;13.263333333333334;7.0;28.0;-21.0;7.0
14389;12.98;7.0;28.0;-21.0;7.0
14399;13.836666666666666;7.0;26.0;-19.0;7.0
14409;12.96;7.0;26.0;-19.0;7.0
14419;13.696666666666667;7.0;24.0;-17.0;7.0
14429;12.953333333333333;7.0;26.0;-19.0;7.0
14439;13.37;7.0;30.0;-23.0;7.0
14449;13.596666666666666;7.0;30.0;-23.0;7.0
14459;13.34;7.0;25.0;-18.0;7.0
14469;13.46;7.0;27.0;-20.0;7.0
14479;13.793333333333333;7.0;29.0;-22.0;7.0
14489;13.296666666666667;7.0;26.0;-19.0;7.0
14499;13.39;7.0;25.0;-18.0;7.0
14509;13.573333333333334;7.0;26.0;-19.0;7.0
14519;13.68;7.0;25.0;-18.0;7.0
14529;13.093333333333334;7.0;26.0;-19.0;7.0
14539;14.14;7.0;29.0;-22.0;7.0
14549;13.596666666666666;7.0;31.0;-24.0;7.0
14559;13.603333333333333;7.0;27.0;-20.0;7.0
14569;13.54;7.0;25.0;-18.0;7.0
14579;13.333333333333334;7.0;26.0;-19.0;7.0
14589;13.14;7.0;29.0;-22.0;7.0
14599;13.623333333333333;7.0;25.0;-18.0;7.0
14609;13.323333333333334;7.0;26.0;-19.0;7.0
14619;13.136666666666667;7.0;29.0;-22.0;7.0
14629;13.77;7.0;28.0;-21.0;7.0
14639;13.496666666666666;7.0;29.0;-22.0;7.0
14649;13.243333333333334;7.0;28.0;-21.0;7.0
14659;13.096666666666666;7.0;25.0;-18.0;7.0
14669;12.94;7.0;25.0;-18.0;7.0
14679;13.473333333333333;7.0;32.0;-25.0;7.0
14689;13.21;7.0;24.0;-17.0;7.0
14699;13.15;7.0;25.0;-18.0;7.0
14709;13.23;7.0;29.0;-22.0;7.0
14719;12.863333333333333;7.0;27.0;-20.0;7.0
14729;13.566666666666666;7.0;24.0;-17.0;7.0
14739;12.966666666666667;7.0;23.0;-16.0;7.0
14749;13.533333333333333;7.0;27.0;-20.0;7.0
14759;13.26;7.0;33.0;-26.0;7.0
14769;13.226666666666667;7.0;31.0;-24.0;7.0
14779;13.416666666666666;7.0;25.0;-18.0;7.0
14789;13.536666666666667;7.0;24.0;-17.0;7.0
14799;13.42;7.0;27.0;-20.0;7.0
14809;13.516666666666667;7.0;32.0;-25.0;7.0
14819;13.653333333333334;7.0;28.0;-21.0;7.0
14829;13.53;7.0;26.0;-19.0;7.0
14839;13.416666666666666;7.0;28.0;-21.0;7.0
14849;13.383333333333333;7.0;27.0;-20.0;7.0
14859;13.626666666666667;7.0;30.0;-23.0;7.0
14869;13.186666666666667;7.0;28.0;-21.0;7.0
14879;12.976666666666667;7.0;30.0;-23.0;7.0
14889;13.686666666666667;7.0;31.0;-24.0;7.0
14899;13.083333333333334;7.0;23.0;-16.0;7.0
14909;13.213333333333333;7.0;24.0;-17.0;7.0
14919;13.05;7.0;23.0;-16.0;7.0
14929;13.223333333333333;7.0;33.0;-26.0;7.0
14939;13.06;7.0;30.0;-23.0;7.0
14949;13.356666666666667;7.0;24.0;-17.0;7.0
14959;13.413333333333334;7.0;28.0;-21.0;7.0
14969;13.46;7.0;37.0;-30.0;7.0
14979;13.47;7.0;25.0;-18.0;7.0
14989;13.563333333333333;7.0;24.0;-17.0;7.0
14999;13.543333333333333;7.0;27.0;-20.0;7.0
