geracao;media da geracao;fitness do melhor da geracao;fitness do pior da geracao;relacao entre melhor e pior;fitness do melhor da run
Probabilidade Recombinação: 0.7
Probabilidade Mutação: 0.049999999999999996
Tipo de Selecção: Torneio
Tipo de Mutação: Troca de Genes
Tamanho População: 300
Máximo de Gerações: 15000
0;84.60333333333334;69.0;101.0;-32.0;69.0
0;78.14666666666666;61.0;93.0;-32.0;61.0
9;44.77333333333333;39.0;52.0;-13.0;39.0
19;30.80666666666667;30.0;38.0;-8.0;30.0
29;24.836666666666666;24.0;34.0;-10.0;24.0
39;21.976666666666667;20.0;29.0;-9.0;20.0
49;20.906666666666666;20.0;32.0;-12.0;20.0
59;19.906666666666666;18.0;30.0;-12.0;18.0
69;16.87;13.0;27.0;-14.0;13.0
79;14.263333333333334;13.0;25.0;-12.0;13.0
89;12.243333333333334;11.0;22.0;-11.0;11.0
99;12.18;11.0;23.0;-12.0;11.0
109;12.06;11.0;24.0;-13.0;11.0
119;12.116666666666667;10.0;23.0;-13.0;10.0
129;10.933333333333334;10.0;27.0;-17.0;10.0
139;11.013333333333334;10.0;22.0;-12.0;10.0
149;10.13;7.0;21.0;-14.0;7.0
159;7.996666666666667;6.0;17.0;-11.0;6.0
169;7.096666666666667;6.0;22.0;-16.0;6.0
179;7.013333333333334;6.0;18.0;-12.0;6.0
189;7.02;6.0;17.0;-11.0;6.0
199;7.12;6.0;19.0;-13.0;6.0
209;7.1466666666666665;6.0;23.0;-17.0;6.0
219;6.926666666666667;6.0;18.0;-12.0;6.0
229;7.073333333333333;6.0;16.0;-10.0;6.0
239;7.136666666666667;6.0;26.0;-20.0;6.0
249;7.0;6.0;17.0;-11.0;6.0
259;7.2;6.0;18.0;-12.0;6.0
269;7.136666666666667;6.0;18.0;-12.0;6.0
279;6.6866666666666665;5.0;17.0;-12.0;5.0
289;6.1866666666666665;5.0;16.0;-11.0;5.0
299;6.08;5.0;17.0;-12.0;5.0
309;5.796666666666667;5.0;17.0;-12.0;5.0
319;6.13;5.0;16.0;-11.0;5.0
329;6.133333333333334;5.0;17.0;-12.0;5.0
339;6.1466666666666665;5.0;17.0;-12.0;5.0
349;5.89;5.0;15.0;-10.0;5.0
359;6.023333333333333;5.0;17.0;-12.0;5.0
369;6.073333333333333;5.0;16.0;-11.0;5.0
379;6.023333333333333;5.0;16.0;-11.0;5.0
389;6.16;5.0;19.0;-14.0;5.0
399;5.906666666666666;5.0;15.0;-10.0;5.0
409;5.946666666666666;5.0;21.0;-16.0;5.0
419;5.993333333333333;5.0;17.0;-12.0;5.0
429;6.083333333333333;5.0;22.0;-17.0;5.0
439;6.156666666666666;5.0;17.0;-12.0;5.0
449;6.213333333333333;5.0;16.0;-11.0;5.0
459;6.03;5.0;12.0;-7.0;5.0
469;6.226666666666667;5.0;16.0;-11.0;5.0
479;6.133333333333334;5.0;17.0;-12.0;5.0
489;5.93;5.0;17.0;-12.0;5.0
499;5.933333333333334;5.0;15.0;-10.0;5.0
509;6.263333333333334;5.0;21.0;-16.0;5.0
519;6.32;5.0;21.0;-16.0;5.0
529;6.116666666666666;5.0;23.0;-18.0;5.0
539;6.236666666666666;5.0;17.0;-12.0;5.0
549;6.02;5.0;17.0;-12.0;5.0
559;6.283333333333333;5.0;20.0;-15.0;5.0
569;5.89;5.0;20.0;-15.0;5.0
579;6.023333333333333;5.0;17.0;-12.0;5.0
589;6.073333333333333;5.0;17.0;-12.0;5.0
599;6.276666666666666;5.0;16.0;-11.0;5.0
609;6.04;5.0;17.0;-12.0;5.0
619;6.0633333333333335;5.0;17.0;-12.0;5.0
629;6.19;5.0;17.0;-12.0;5.0
639;6.07;5.0;17.0;-12.0;5.0
649;6.3;5.0;17.0;-12.0;5.0
659;6.13;5.0;17.0;-12.0;5.0
669;6.18;5.0;17.0;-12.0;5.0
679;6.073333333333333;5.0;17.0;-12.0;5.0
689;6.09;5.0;21.0;-16.0;5.0
699;6.156666666666666;5.0;17.0;-12.0;5.0
709;5.82;5.0;17.0;-12.0;5.0
719;6.116666666666666;5.0;21.0;-16.0;5.0
729;6.0;5.0;16.0;-11.0;5.0
739;6.083333333333333;5.0;17.0;-12.0;5.0
749;6.133333333333334;5.0;17.0;-12.0;5.0
759;6.13;5.0;17.0;-12.0;5.0
769;6.163333333333333;5.0;16.0;-11.0;5.0
779;6.216666666666667;5.0;17.0;-12.0;5.0
789;6.2;5.0;17.0;-12.0;5.0
799;6.183333333333334;5.0;17.0;-12.0;5.0
809;6.236666666666666;5.0;17.0;-12.0;5.0
819;5.993333333333333;5.0;17.0;-12.0;5.0
829;6.0633333333333335;5.0;17.0;-12.0;5.0
839;6.13;5.0;17.0;-12.0;5.0
849;6.126666666666667;5.0;17.0;-12.0;5.0
859;6.193333333333333;5.0;17.0;-12.0;5.0
869;6.13;5.0;18.0;-13.0;5.0
879;6.166666666666667;5.0;17.0;-12.0;5.0
889;6.27;5.0;22.0;-17.0;5.0
899;6.023333333333333;5.0;17.0;-12.0;5.0
909;6.243333333333333;5.0;21.0;-16.0;5.0
919;5.996666666666667;5.0;17.0;-12.0;5.0
929;6.04;5.0;16.0;-11.0;5.0
939;6.213333333333333;5.0;17.0;-12.0;5.0
949;6.116666666666666;5.0;16.0;-11.0;5.0
959;6.46;5.0;17.0;-12.0;5.0
969;5.976666666666667;5.0;16.0;-11.0;5.0
979;6.086666666666667;5.0;17.0;-12.0;5.0
989;6.116666666666666;5.0;18.0;-13.0;5.0
999;6.17;5.0;17.0;-12.0;5.0
1009;6.173333333333333;5.0;17.0;-12.0;5.0
1019;6.0;5.0;17.0;-12.0;5.0
1029;5.983333333333333;5.0;17.0;-12.0;5.0
1039;6.04;5.0;16.0;-11.0;5.0
1049;6.096666666666667;5.0;15.0;-10.0;5.0
1059;5.946666666666666;5.0;19.0;-14.0;5.0
1069;6.323333333333333;5.0;16.0;-11.0;5.0
1079;6.36;5.0;21.0;-16.0;5.0
1089;6.363333333333333;5.0;16.0;-11.0;5.0
1099;6.23;5.0;19.0;-14.0;5.0
1109;6.136666666666667;5.0;18.0;-13.0;5.0
1119;5.966666666666667;5.0;16.0;-11.0;5.0
1129;5.953333333333333;5.0;18.0;-13.0;5.0
1139;6.19;5.0;15.0;-10.0;5.0
1149;6.25;5.0;17.0;-12.0;5.0
1159;5.95;5.0;16.0;-11.0;5.0
1169;5.926666666666667;5.0;17.0;-12.0;5.0
1179;6.183333333333334;5.0;17.0;-12.0;5.0
1189;6.113333333333333;5.0;17.0;-12.0;5.0
1199;6.133333333333334;5.0;15.0;-10.0;5.0
1209;6.13;5.0;17.0;-12.0;5.0
1219;5.97;5.0;17.0;-12.0;5.0
1229;6.016666666666667;5.0;20.0;-15.0;5.0
1239;6.16;5.0;18.0;-13.0;5.0
1249;5.93;5.0;17.0;-12.0;5.0
1259;6.133333333333334;5.0;18.0;-13.0;5.0
1269;5.866666666666666;5.0;17.0;-12.0;5.0
1279;6.223333333333334;5.0;17.0;-12.0;5.0
1289;5.923333333333333;5.0;16.0;-11.0;5.0
1299;6.173333333333333;5.0;17.0;-12.0;5.0
1309;5.91;5.0;20.0;-15.0;5.0
1319;6.12;5.0;18.0;-13.0;5.0
1329;6.17;5.0;17.0;-12.0;5.0
1339;6.14;5.0;17.0;-12.0;5.0
1349;6.0633333333333335;5.0;17.0;-12.0;5.0
1359;6.21;5.0;16.0;-11.0;5.0
1369;6.026666666666666;5.0;17.0;-12.0;5.0
1379;6.083333333333333;5.0;16.0;-11.0;5.0
1389;6.24;5.0;20.0;-15.0;5.0
1399;6.04;5.0;14.0;-9.0;5.0
1409;5.956666666666667;5.0;15.0;-10.0;5.0
1419;6.013333333333334;5.0;14.0;-9.0;5.0
1429;5.996666666666667;5.0;11.0;-6.0;5.0
1439;6.04;5.0;20.0;-15.0;5.0
1449;6.173333333333333;5.0;17.0;-12.0;5.0
1459;5.79;5.0;17.0;-12.0;5.0
1469;6.123333333333333;5.0;17.0;-12.0;5.0
1479;6.133333333333334;5.0;17.0;-12.0;5.0
1489;6.033333333333333;5.0;16.0;-11.0;5.0
1499;6.123333333333333;5.0;17.0;-12.0;5.0
1509;6.253333333333333;5.0;22.0;-17.0;5.0
1519;5.976666666666667;5.0;19.0;-14.0;5.0
1529;6.406666666666666;5.0;17.0;-12.0;5.0
1539;6.11;5.0;17.0;-12.0;5.0
1549;6.126666666666667;5.0;17.0;-12.0;5.0
1559;6.31;5.0;17.0;-12.0;5.0
1569;6.1066666666666665;5.0;16.0;-11.0;5.0
1579;6.266666666666667;5.0;17.0;-12.0;5.0
1589;5.986666666666666;5.0;17.0;-12.0;5.0
1599;5.756666666666667;5.0;15.0;-10.0;5.0
1609;6.346666666666667;5.0;17.0;-12.0;5.0
1619;6.06;5.0;14.0;-9.0;5.0
1629;6.283333333333333;5.0;17.0;-12.0;5.0
1639;6.163333333333333;5.0;17.0;-12.0;5.0
1649;6.236666666666666;5.0;15.0;-10.0;5.0
1659;6.093333333333334;5.0;17.0;-12.0;5.0
1669;6.11;5.0;17.0;-12.0;5.0
1679;6.096666666666667;5.0;17.0;-12.0;5.0
1689;6.01;5.0;17.0;-12.0;5.0
1699;6.11;5.0;17.0;-12.0;5.0
1709;6.276666666666666;5.0;17.0;-12.0;5.0
1719;5.993333333333333;5.0;17.0;-12.0;5.0
1729;5.973333333333334;5.0;15.0;-10.0;5.0
1739;6.37;5.0;17.0;-12.0;5.0
1749;6.22;5.0;17.0;-12.0;5.0
1759;5.906666666666666;5.0;15.0;-10.0;5.0
1769;5.983333333333333;5.0;17.0;-12.0;5.0
1779;6.123333333333333;5.0;17.0;-12.0;5.0
1789;6.336666666666667;5.0;17.0;-12.0;5.0
1799;6.486666666666666;5.0;16.0;-11.0;5.0
1809;5.943333333333333;5.0;16.0;-11.0;5.0
1819;6.1033333333333335;5.0;17.0;-12.0;5.0
1829;6.013333333333334;5.0;15.0;-10.0;5.0
1839;6.0633333333333335;5.0;15.0;-10.0;5.0
1849;6.326666666666667;5.0;27.0;-22.0;5.0
1859;6.043333333333333;5.0;19.0;-14.0;5.0
1869;5.8933333333333335;5.0;14.0;-9.0;5.0
1879;6.066666666666666;5.0;17.0;-12.0;5.0
1889;6.076666666666667;5.0;17.0;-12.0;5.0
1899;5.82;5.0;15.0;-10.0;5.0
1909;6.153333333333333;5.0;21.0;-16.0;5.0
1919;6.056666666666667;5.0;16.0;-11.0;5.0
1929;5.926666666666667;5.0;16.0;-11.0;5.0
1939;6.07;5.0;17.0;-12.0;5.0
1949;5.993333333333333;5.0;13.0;-8.0;5.0
1959;6.03;5.0;17.0;-12.0;5.0
1969;6.203333333333333;5.0;17.0;-12.0;5.0
1979;6.15;5.0;17.0;-12.0;5.0
1989;6.1033333333333335;5.0;17.0;-12.0;5.0
1999;5.983333333333333;5.0;17.0;-12.0;5.0
2009;5.863333333333333;5.0;17.0;-12.0;5.0
2019;6.1066666666666665;5.0;17.0;-12.0;5.0
2029;6.13;5.0;17.0;-12.0;5.0
2039;5.986666666666666;5.0;17.0;-12.0;5.0
2049;6.136666666666667;5.0;16.0;-11.0;5.0
2059;6.07;5.0;17.0;-12.0;5.0
2069;6.45;5.0;17.0;-12.0;5.0
2079;5.976666666666667;5.0;17.0;-12.0;5.0
2089;6.226666666666667;5.0;20.0;-15.0;5.0
2099;5.943333333333333;5.0;15.0;-10.0;5.0
2109;6.213333333333333;5.0;17.0;-12.0;5.0
2119;5.833333333333333;5.0;16.0;-11.0;5.0
2129;5.863333333333333;5.0;13.0;-8.0;5.0
2139;6.093333333333334;5.0;17.0;-12.0;5.0
2149;5.9;5.0;16.0;-11.0;5.0
2159;5.876666666666667;5.0;15.0;-10.0;5.0
2169;6.19;5.0;19.0;-14.0;5.0
2179;6.196666666666666;5.0;17.0;-12.0;5.0
2189;6.016666666666667;5.0;16.0;-11.0;5.0
2199;6.116666666666666;5.0;19.0;-14.0;5.0
2209;6.096666666666667;5.0;17.0;-12.0;5.0
2219;6.08;5.0;17.0;-12.0;5.0
2229;5.87;5.0;15.0;-10.0;5.0
2239;6.286666666666667;5.0;20.0;-15.0;5.0
2249;5.9366666666666665;5.0;16.0;-11.0;5.0
2259;6.05;5.0;16.0;-11.0;5.0
2269;6.273333333333333;5.0;17.0;-12.0;5.0
2279;6.133333333333334;5.0;17.0;-12.0;5.0
2289;5.98;5.0;17.0;-12.0;5.0
2299;6.406666666666666;5.0;17.0;-12.0;5.0
2309;5.916666666666667;5.0;15.0;-10.0;5.0
2319;6.183333333333334;5.0;16.0;-11.0;5.0
2329;6.083333333333333;5.0;17.0;-12.0;5.0
2339;6.036666666666667;5.0;11.0;-6.0;5.0
2349;6.056666666666667;5.0;17.0;-12.0;5.0
2359;5.97;5.0;17.0;-12.0;5.0
2369;6.026666666666666;5.0;11.0;-6.0;5.0
2379;6.036666666666667;5.0;17.0;-12.0;5.0
2389;6.14;5.0;15.0;-10.0;5.0
2399;6.033333333333333;5.0;17.0;-12.0;5.0
2409;6.166666666666667;5.0;17.0;-12.0;5.0
2419;6.406666666666666;5.0;17.0;-12.0;5.0
2429;6.18;5.0;15.0;-10.0;5.0
2439;6.596666666666667;5.0;17.0;-12.0;5.0
2449;6.203333333333333;5.0;17.0;-12.0;5.0
2459;5.983333333333333;5.0;17.0;-12.0;5.0
2469;6.1066666666666665;5.0;17.0;-12.0;5.0
2479;5.956666666666667;5.0;15.0;-10.0;5.0
2489;6.02;5.0;15.0;-10.0;5.0
2499;6.023333333333333;5.0;16.0;-11.0;5.0
2509;6.183333333333334;5.0;16.0;-11.0;5.0
2519;6.01;5.0;17.0;-12.0;5.0
2529;6.37;5.0;17.0;-12.0;5.0
2539;6.19;5.0;16.0;-11.0;5.0
2549;5.953333333333333;5.0;17.0;-12.0;5.0
2559;6.193333333333333;5.0;18.0;-13.0;5.0
2569;6.216666666666667;5.0;17.0;-12.0;5.0
2579;6.236666666666666;5.0;17.0;-12.0;5.0
2589;6.21;5.0;17.0;-12.0;5.0
2599;6.253333333333333;5.0;17.0;-12.0;5.0
2609;6.24;5.0;17.0;-12.0;5.0
2619;5.91;5.0;16.0;-11.0;5.0
2629;6.006666666666667;5.0;16.0;-11.0;5.0
2639;6.1066666666666665;5.0;17.0;-12.0;5.0
2649;5.98;5.0;17.0;-12.0;5.0
2659;6.256666666666667;5.0;19.0;-14.0;5.0
2669;6.26;5.0;15.0;-10.0;5.0
2679;6.166666666666667;5.0;19.0;-14.0;5.0
2689;5.963333333333333;5.0;15.0;-10.0;5.0
2699;6.273333333333333;5.0;16.0;-11.0;5.0
2709;6.113333333333333;5.0;15.0;-10.0;5.0
2719;6.023333333333333;5.0;20.0;-15.0;5.0
2729;6.09;5.0;17.0;-12.0;5.0
2739;5.953333333333333;5.0;15.0;-10.0;5.0
2749;6.08;5.0;18.0;-13.0;5.0
2759;6.016666666666667;5.0;17.0;-12.0;5.0
2769;6.08;5.0;14.0;-9.0;5.0
2779;6.263333333333334;5.0;19.0;-14.0;5.0
2789;6.286666666666667;5.0;20.0;-15.0;5.0
2799;6.23;5.0;17.0;-12.0;5.0
2809;5.94;5.0;17.0;-12.0;5.0
2819;6.113333333333333;5.0;17.0;-12.0;5.0
2829;6.126666666666667;5.0;17.0;-12.0;5.0
2839;5.826666666666667;5.0;16.0;-11.0;5.0
2849;5.98;5.0;17.0;-12.0;5.0
2859;6.416666666666667;5.0;23.0;-18.0;5.0
2869;5.983333333333333;5.0;17.0;-12.0;5.0
2879;5.953333333333333;5.0;16.0;-11.0;5.0
2889;5.93;5.0;19.0;-14.0;5.0
2899;6.216666666666667;5.0;20.0;-15.0;5.0
2909;6.1466666666666665;5.0;15.0;-10.0;5.0
2919;6.14;5.0;25.0;-20.0;5.0
2929;5.91;5.0;16.0;-11.0;5.0
2939;6.166666666666667;5.0;17.0;-12.0;5.0
2949;6.126666666666667;5.0;17.0;-12.0;5.0
2959;6.086666666666667;5.0;16.0;-11.0;5.0
2969;6.166666666666667;5.0;20.0;-15.0;5.0
2979;6.52;5.0;20.0;-15.0;5.0
2989;6.283333333333333;5.0;17.0;-12.0;5.0
2999;6.14;5.0;23.0;-18.0;5.0
3009;6.233333333333333;5.0;17.0;-12.0;5.0
3019;6.036666666666667;5.0;16.0;-11.0;5.0
3029;6.3133333333333335;5.0;17.0;-12.0;5.0
3039;6.093333333333334;5.0;17.0;-12.0;5.0
3049;6.246666666666667;5.0;16.0;-11.0;5.0
3059;6.163333333333333;5.0;17.0;-12.0;5.0
3069;6.1066666666666665;5.0;17.0;-12.0;5.0
3079;5.926666666666667;5.0;17.0;-12.0;5.0
3089;6.336666666666667;5.0;17.0;-12.0;5.0
3099;6.056666666666667;5.0;17.0;-12.0;5.0
3109;6.376666666666667;5.0;17.0;-12.0;5.0
3119;6.09;5.0;16.0;-11.0;5.0
3129;6.286666666666667;5.0;23.0;-18.0;5.0
3139;5.923333333333333;5.0;15.0;-10.0;5.0
3149;6.04;5.0;17.0;-12.0;5.0
3159;5.983333333333333;5.0;19.0;-14.0;5.0
3169;6.226666666666667;5.0;22.0;-17.0;5.0
3179;5.843333333333334;5.0;15.0;-10.0;5.0
3189;5.953333333333333;5.0;17.0;-12.0;5.0
3199;6.166666666666667;5.0;17.0;-12.0;5.0
3209;5.983333333333333;5.0;17.0;-12.0;5.0
3219;6.08;5.0;20.0;-15.0;5.0
3229;6.216666666666667;5.0;16.0;-11.0;5.0
3239;6.046666666666667;5.0;17.0;-12.0;5.0
3249;6.136666666666667;5.0;17.0;-12.0;5.0
3259;6.286666666666667;5.0;17.0;-12.0;5.0
3269;6.0;5.0;16.0;-11.0;5.0
3279;5.88;5.0;17.0;-12.0;5.0
3289;6.1066666666666665;5.0;17.0;-12.0;5.0
3299;6.15;5.0;16.0;-11.0;5.0
3309;5.94;5.0;15.0;-10.0;5.0
3319;6.023333333333333;5.0;17.0;-12.0;5.0
3329;6.07;5.0;17.0;-12.0;5.0
3339;6.126666666666667;5.0;16.0;-11.0;5.0
3349;6.233333333333333;5.0;19.0;-14.0;5.0
3359;5.903333333333333;5.0;17.0;-12.0;5.0
3369;5.93;5.0;17.0;-12.0;5.0
3379;5.9366666666666665;5.0;17.0;-12.0;5.0
3389;5.88;5.0;17.0;-12.0;5.0
3399;5.8566666666666665;5.0;17.0;-12.0;5.0
3409;6.24;5.0;21.0;-16.0;5.0
3419;6.0633333333333335;5.0;17.0;-12.0;5.0
3429;6.046666666666667;5.0;16.0;-11.0;5.0
3439;6.083333333333333;5.0;17.0;-12.0;5.0
3449;6.3133333333333335;5.0;17.0;-12.0;5.0
3459;5.883333333333334;5.0;17.0;-12.0;5.0
3469;6.13;5.0;16.0;-11.0;5.0
3479;6.0633333333333335;5.0;18.0;-13.0;5.0
3489;6.023333333333333;5.0;17.0;-12.0;5.0
3499;6.03;5.0;15.0;-10.0;5.0
3509;5.993333333333333;5.0;16.0;-11.0;5.0
3519;6.26;5.0;16.0;-11.0;5.0
3529;6.153333333333333;5.0;17.0;-12.0;5.0
3539;6.05;5.0;16.0;-11.0;5.0
3549;6.203333333333333;5.0;17.0;-12.0;5.0
3559;6.22;5.0;15.0;-10.0;5.0
3569;5.913333333333333;5.0;17.0;-12.0;5.0
3579;6.196666666666666;5.0;16.0;-11.0;5.0
3589;6.13;5.0;17.0;-12.0;5.0
3599;6.056666666666667;5.0;15.0;-10.0;5.0
3609;6.093333333333334;5.0;17.0;-12.0;5.0
3619;6.136666666666667;5.0;17.0;-12.0;5.0
3629;6.33;5.0;17.0;-12.0;5.0
3639;6.3;5.0;15.0;-10.0;5.0
3649;5.8933333333333335;5.0;16.0;-11.0;5.0
3659;6.046666666666667;5.0;15.0;-10.0;5.0
3669;6.156666666666666;5.0;22.0;-17.0;5.0
3679;5.883333333333334;5.0;16.0;-11.0;5.0
3689;5.903333333333333;5.0;15.0;-10.0;5.0
3699;6.1433333333333335;5.0;21.0;-16.0;5.0
3709;6.0633333333333335;5.0;17.0;-12.0;5.0
3719;6.236666666666666;5.0;21.0;-16.0;5.0
3729;6.22;5.0;17.0;-12.0;5.0
3739;6.17;5.0;16.0;-11.0;5.0
3749;5.956666666666667;5.0;17.0;-12.0;5.0
3759;6.026666666666666;5.0;16.0;-11.0;5.0
3769;6.056666666666667;5.0;16.0;-11.0;5.0
3779;6.036666666666667;5.0;18.0;-13.0;5.0
3789;6.23;5.0;17.0;-12.0;5.0
3799;5.99;5.0;17.0;-12.0;5.0
3809;5.983333333333333;5.0;15.0;-10.0;5.0
3819;6.416666666666667;5.0;17.0;-12.0;5.0
3829;6.376666666666667;5.0;16.0;-11.0;5.0
3839;6.036666666666667;5.0;17.0;-12.0;5.0
3849;6.296666666666667;5.0;17.0;-12.0;5.0
3859;5.926666666666667;5.0;16.0;-11.0;5.0
3869;6.136666666666667;5.0;17.0;-12.0;5.0
3879;6.06;5.0;17.0;-12.0;5.0
3889;6.27;5.0;17.0;-12.0;5.0
3899;6.026666666666666;5.0;15.0;-10.0;5.0
3909;6.046666666666667;5.0;17.0;-12.0;5.0
3919;6.01;5.0;17.0;-12.0;5.0
3929;6.3133333333333335;5.0;16.0;-11.0;5.0
3939;6.016666666666667;5.0;17.0;-12.0;5.0
3949;5.953333333333333;5.0;17.0;-12.0;5.0
3959;6.1066666666666665;5.0;17.0;-12.0;5.0
3969;5.8933333333333335;5.0;19.0;-14.0;5.0
3979;6.173333333333333;5.0;16.0;-11.0;5.0
3989;5.973333333333334;5.0;17.0;-12.0;5.0
3999;6.126666666666667;5.0;16.0;-11.0;5.0
4009;6.286666666666667;5.0;16.0;-11.0;5.0
4019;6.126666666666667;5.0;17.0;-12.0;5.0
4029;6.1466666666666665;5.0;16.0;-11.0;5.0
4039;5.916666666666667;5.0;16.0;-11.0;5.0
4049;6.2;5.0;15.0;-10.0;5.0
4059;6.1033333333333335;5.0;16.0;-11.0;5.0
4069;6.303333333333334;5.0;22.0;-17.0;5.0
4079;5.973333333333334;5.0;17.0;-12.0;5.0
4089;5.993333333333333;5.0;17.0;-12.0;5.0
4099;5.966666666666667;5.0;14.0;-9.0;5.0
4109;6.08;5.0;17.0;-12.0;5.0
4119;6.13;5.0;17.0;-12.0;5.0
4129;5.923333333333333;5.0;17.0;-12.0;5.0
4139;6.033333333333333;5.0;17.0;-12.0;5.0
4149;6.18;5.0;22.0;-17.0;5.0
4159;5.993333333333333;5.0;17.0;-12.0;5.0
4169;6.263333333333334;5.0;17.0;-12.0;5.0
4179;6.113333333333333;5.0;21.0;-16.0;5.0
4189;6.1433333333333335;5.0;16.0;-11.0;5.0
4199;6.213333333333333;5.0;16.0;-11.0;5.0
4209;5.966666666666667;5.0;17.0;-12.0;5.0
4219;6.05;5.0;15.0;-10.0;5.0
4229;6.34;5.0;17.0;-12.0;5.0
4239;6.18;5.0;17.0;-12.0;5.0
4249;6.213333333333333;5.0;17.0;-12.0;5.0
4259;6.12;5.0;16.0;-11.0;5.0
4269;6.3133333333333335;5.0;15.0;-10.0;5.0
4279;6.33;5.0;17.0;-12.0;5.0
4289;6.04;5.0;17.0;-12.0;5.0
4299;6.156666666666666;5.0;17.0;-12.0;5.0
4309;6.136666666666667;5.0;19.0;-14.0;5.0
4319;6.226666666666667;5.0;17.0;-12.0;5.0
4329;6.203333333333333;5.0;19.0;-14.0;5.0
4339;6.4;5.0;17.0;-12.0;5.0
4349;6.026666666666666;5.0;16.0;-11.0;5.0
4359;6.3;5.0;17.0;-12.0;5.0
4369;6.12;5.0;15.0;-10.0;5.0
4379;6.12;5.0;17.0;-12.0;5.0
4389;6.123333333333333;5.0;17.0;-12.0;5.0
4399;6.1866666666666665;5.0;22.0;-17.0;5.0
4409;6.24;5.0;23.0;-18.0;5.0
4419;6.03;5.0;17.0;-12.0;5.0
4429;6.1066666666666665;5.0;17.0;-12.0;5.0
4439;6.036666666666667;5.0;17.0;-12.0;5.0
4449;6.183333333333334;5.0;17.0;-12.0;5.0
4459;6.116666666666666;5.0;17.0;-12.0;5.0
4469;6.073333333333333;5.0;15.0;-10.0;5.0
4479;6.03;5.0;16.0;-11.0;5.0
4489;6.25;5.0;17.0;-12.0;5.0
4499;6.066666666666666;5.0;17.0;-12.0;5.0
4509;6.176666666666667;5.0;16.0;-11.0;5.0
4519;6.346666666666667;5.0;16.0;-11.0;5.0
4529;6.093333333333334;5.0;21.0;-16.0;5.0
4539;6.386666666666667;5.0;17.0;-12.0;5.0
4549;5.943333333333333;5.0;15.0;-10.0;5.0
4559;6.066666666666666;5.0;16.0;-11.0;5.0
4569;6.183333333333334;5.0;17.0;-12.0;5.0
4579;5.98;5.0;17.0;-12.0;5.0
4589;6.1;5.0;19.0;-14.0;5.0
4599;6.093333333333334;5.0;16.0;-11.0;5.0
4609;6.133333333333334;5.0;17.0;-12.0;5.0
4619;6.12;5.0;15.0;-10.0;5.0
4629;5.9366666666666665;5.0;17.0;-12.0;5.0
4639;6.446666666666666;5.0;19.0;-14.0;5.0
4649;6.03;5.0;17.0;-12.0;5.0
4659;6.156666666666666;5.0;17.0;-12.0;5.0
4669;6.033333333333333;5.0;17.0;-12.0;5.0
4679;6.336666666666667;5.0;17.0;-12.0;5.0
4689;6.016666666666667;5.0;16.0;-11.0;5.0
4699;6.036666666666667;5.0;16.0;-11.0;5.0
4709;6.306666666666667;5.0;16.0;-11.0;5.0
4719;6.09;5.0;17.0;-12.0;5.0
4729;6.0633333333333335;5.0;17.0;-12.0;5.0
4739;6.023333333333333;5.0;17.0;-12.0;5.0
4749;6.28;5.0;16.0;-11.0;5.0
4759;6.166666666666667;5.0;17.0;-12.0;5.0
4769;6.12;5.0;17.0;-12.0;5.0
4779;6.113333333333333;5.0;17.0;-12.0;5.0
4789;6.123333333333333;5.0;17.0;-12.0;5.0
4799;5.863333333333333;5.0;13.0;-8.0;5.0
4809;6.05;5.0;17.0;-12.0;5.0
4819;5.92;5.0;14.0;-9.0;5.0
4829;6.093333333333334;5.0;22.0;-17.0;5.0
4839;6.133333333333334;5.0;17.0;-12.0;5.0
4849;5.97;5.0;16.0;-11.0;5.0
4859;6.176666666666667;5.0;16.0;-11.0;5.0
4869;5.923333333333333;5.0;19.0;-14.0;5.0
4879;6.09;5.0;20.0;-15.0;5.0
4889;6.17;5.0;13.0;-8.0;5.0
4899;6.21;5.0;17.0;-12.0;5.0
4909;6.2;5.0;17.0;-12.0;5.0
4919;6.333333333333333;5.0;16.0;-11.0;5.0
4929;6.183333333333334;5.0;17.0;-12.0;5.0
4939;5.98;5.0;17.0;-12.0;5.0
4949;5.803333333333334;5.0;17.0;-12.0;5.0
4959;6.07;5.0;16.0;-11.0;5.0
4969;6.083333333333333;5.0;15.0;-10.0;5.0
4979;5.976666666666667;5.0;17.0;-12.0;5.0
4989;6.13;5.0;20.0;-15.0;5.0
4999;6.366666666666666;5.0;16.0;-11.0;5.0
5009;6.166666666666667;5.0;17.0;-12.0;5.0
5019;6.073333333333333;5.0;17.0;-12.0;5.0
5029;5.976666666666667;5.0;15.0;-10.0;5.0
5039;6.236666666666666;5.0;17.0;-12.0;5.0
5049;5.906666666666666;5.0;17.0;-12.0;5.0
5059;6.296666666666667;5.0;15.0;-10.0;5.0
5069;5.993333333333333;5.0;17.0;-12.0;5.0
5079;6.036666666666667;5.0;17.0;-12.0;5.0
5089;6.036666666666667;5.0;17.0;-12.0;5.0
5099;6.283333333333333;5.0;16.0;-11.0;5.0
5109;6.286666666666667;5.0;20.0;-15.0;5.0
5119;5.883333333333334;5.0;16.0;-11.0;5.0
5129;6.37;5.0;17.0;-12.0;5.0
5139;6.096666666666667;5.0;16.0;-11.0;5.0
5149;6.29;5.0;17.0;-12.0;5.0
5159;6.243333333333333;5.0;22.0;-17.0;5.0
5169;6.236666666666666;5.0;17.0;-12.0;5.0
5179;6.1466666666666665;5.0;16.0;-11.0;5.0
5189;6.123333333333333;5.0;17.0;-12.0;5.0
5199;6.193333333333333;5.0;16.0;-11.0;5.0
5209;6.25;5.0;20.0;-15.0;5.0
5219;6.27;5.0;16.0;-11.0;5.0
5229;6.08;5.0;16.0;-11.0;5.0
5239;6.206666666666667;5.0;17.0;-12.0;5.0
5249;6.11;5.0;20.0;-15.0;5.0
5259;6.0633333333333335;5.0;16.0;-11.0;5.0
5269;6.236666666666666;5.0;17.0;-12.0;5.0
5279;6.1033333333333335;5.0;17.0;-12.0;5.0
5289;6.286666666666667;5.0;17.0;-12.0;5.0
5299;6.25;5.0;17.0;-12.0;5.0
5309;6.22;5.0;17.0;-12.0;5.0
5319;5.91;5.0;17.0;-12.0;5.0
5329;6.116666666666666;5.0;15.0;-10.0;5.0
5339;6.04;5.0;19.0;-14.0;5.0
5349;6.013333333333334;5.0;20.0;-15.0;5.0
5359;5.983333333333333;5.0;16.0;-11.0;5.0
5369;5.983333333333333;5.0;17.0;-12.0;5.0
5379;6.3966666666666665;5.0;23.0;-18.0;5.0
5389;6.193333333333333;5.0;17.0;-12.0;5.0
5399;5.906666666666666;5.0;17.0;-12.0;5.0
5409;6.156666666666666;5.0;17.0;-12.0;5.0
5419;6.053333333333334;5.0;21.0;-16.0;5.0
5429;6.376666666666667;5.0;17.0;-12.0;5.0
5439;5.943333333333333;5.0;17.0;-12.0;5.0
5449;6.11;5.0;16.0;-11.0;5.0
5459;6.113333333333333;5.0;17.0;-12.0;5.0
5469;5.926666666666667;5.0;16.0;-11.0;5.0
5479;5.816666666666666;5.0;17.0;-12.0;5.0
5489;6.046666666666667;5.0;17.0;-12.0;5.0
5499;6.086666666666667;5.0;17.0;-12.0;5.0
5509;6.026666666666666;5.0;15.0;-10.0;5.0
5519;5.976666666666667;5.0;16.0;-11.0;5.0
5529;5.966666666666667;5.0;17.0;-12.0;5.0
5539;6.173333333333333;5.0;20.0;-15.0;5.0
5549;6.226666666666667;5.0;17.0;-12.0;5.0
5559;6.096666666666667;5.0;17.0;-12.0;5.0
5569;6.093333333333334;5.0;17.0;-12.0;5.0
5579;6.246666666666667;5.0;15.0;-10.0;5.0
5589;6.0633333333333335;5.0;17.0;-12.0;5.0
5599;6.346666666666667;5.0;17.0;-12.0;5.0
5609;5.943333333333333;5.0;17.0;-12.0;5.0
5619;6.196666666666666;5.0;16.0;-11.0;5.0
5629;6.006666666666667;5.0;17.0;-12.0;5.0
5639;6.14;5.0;17.0;-12.0;5.0
5649;6.233333333333333;5.0;17.0;-12.0;5.0
5659;6.196666666666666;5.0;17.0;-12.0;5.0
5669;5.976666666666667;5.0;17.0;-12.0;5.0
5679;6.136666666666667;5.0;21.0;-16.0;5.0
5689;5.906666666666666;5.0;21.0;-16.0;5.0
5699;5.93;5.0;17.0;-12.0;5.0
5709;6.386666666666667;5.0;17.0;-12.0;5.0
5719;5.973333333333334;5.0;17.0;-12.0;5.0
5729;6.043333333333333;5.0;17.0;-12.0;5.0
5739;6.24;5.0;19.0;-14.0;5.0
5749;6.35;5.0;17.0;-12.0;5.0
5759;6.16;5.0;22.0;-17.0;5.0
5769;6.14;5.0;15.0;-10.0;5.0
5779;6.033333333333333;5.0;17.0;-12.0;5.0
5789;5.906666666666666;5.0;16.0;-11.0;5.0
5799;6.12;5.0;16.0;-11.0;5.0
5809;5.97;5.0;16.0;-11.0;5.0
5819;5.986666666666666;5.0;15.0;-10.0;5.0
5829;6.4366666666666665;5.0;17.0;-12.0;5.0
5839;6.05;5.0;16.0;-11.0;5.0
5849;6.263333333333334;5.0;17.0;-12.0;5.0
5859;6.3966666666666665;5.0;17.0;-12.0;5.0
5869;6.18;5.0;20.0;-15.0;5.0
5879;6.163333333333333;5.0;17.0;-12.0;5.0
5889;6.083333333333333;5.0;17.0;-12.0;5.0
5899;6.086666666666667;5.0;15.0;-10.0;5.0
5909;6.366666666666666;5.0;18.0;-13.0;5.0
5919;5.886666666666667;5.0;17.0;-12.0;5.0
5929;6.196666666666666;5.0;17.0;-12.0;5.0
5939;6.07;5.0;17.0;-12.0;5.0
5949;6.1033333333333335;5.0;16.0;-11.0;5.0
5959;6.08;5.0;17.0;-12.0;5.0
5969;6.173333333333333;5.0;17.0;-12.0;5.0
5979;6.133333333333334;5.0;21.0;-16.0;5.0
5989;6.053333333333334;5.0;17.0;-12.0;5.0
5999;6.11;5.0;15.0;-10.0;5.0
6009;6.203333333333333;5.0;17.0;-12.0;5.0
6019;6.306666666666667;5.0;19.0;-14.0;5.0
6029;6.116666666666666;5.0;16.0;-11.0;5.0
6039;6.3566666666666665;5.0;16.0;-11.0;5.0
6049;6.276666666666666;5.0;17.0;-12.0;5.0
6059;5.8566666666666665;5.0;11.0;-6.0;5.0
6069;6.003333333333333;5.0;19.0;-14.0;5.0
6079;6.076666666666667;5.0;17.0;-12.0;5.0
6089;6.093333333333334;5.0;15.0;-10.0;5.0
6099;6.1033333333333335;5.0;23.0;-18.0;5.0
6109;6.046666666666667;5.0;16.0;-11.0;5.0
6119;6.276666666666666;5.0;15.0;-10.0;5.0
6129;6.056666666666667;5.0;17.0;-12.0;5.0
6139;5.913333333333333;5.0;16.0;-11.0;5.0
6149;6.213333333333333;5.0;17.0;-12.0;5.0
6159;6.013333333333334;5.0;25.0;-20.0;5.0
6169;5.726666666666667;5.0;16.0;-11.0;5.0
6179;5.916666666666667;5.0;17.0;-12.0;5.0
6189;6.086666666666667;5.0;15.0;-10.0;5.0
6199;6.176666666666667;5.0;17.0;-12.0;5.0
6209;5.97;5.0;17.0;-12.0;5.0
6219;6.2;5.0;21.0;-16.0;5.0
6229;6.133333333333334;5.0;17.0;-12.0;5.0
6239;6.156666666666666;5.0;19.0;-14.0;5.0
6249;6.306666666666667;5.0;22.0;-17.0;5.0
6259;6.036666666666667;5.0;16.0;-11.0;5.0
6269;6.113333333333333;5.0;16.0;-11.0;5.0
6279;5.963333333333333;5.0;16.0;-11.0;5.0
6289;6.203333333333333;5.0;20.0;-15.0;5.0
6299;6.096666666666667;5.0;17.0;-12.0;5.0
6309;6.2;5.0;20.0;-15.0;5.0
6319;6.266666666666667;5.0;20.0;-15.0;5.0
6329;6.15;5.0;16.0;-11.0;5.0
6339;6.343333333333334;5.0;16.0;-11.0;5.0
6349;5.983333333333333;5.0;16.0;-11.0;5.0
6359;6.093333333333334;5.0;16.0;-11.0;5.0
6369;6.006666666666667;5.0;22.0;-17.0;5.0
6379;6.1466666666666665;5.0;19.0;-14.0;5.0
6389;6.073333333333333;5.0;16.0;-11.0;5.0
6399;5.973333333333334;5.0;17.0;-12.0;5.0
6409;6.04;5.0;21.0;-16.0;5.0
6419;5.933333333333334;5.0;16.0;-11.0;5.0
6429;6.16;5.0;22.0;-17.0;5.0
6439;6.283333333333333;5.0;21.0;-16.0;5.0
6449;6.136666666666667;5.0;16.0;-11.0;5.0
6459;6.053333333333334;5.0;15.0;-10.0;5.0
6469;5.966666666666667;5.0;16.0;-11.0;5.0
6479;5.96;5.0;15.0;-10.0;5.0
6489;6.026666666666666;5.0;15.0;-10.0;5.0
6499;6.1066666666666665;5.0;17.0;-12.0;5.0
6509;6.286666666666667;5.0;20.0;-15.0;5.0
6519;5.88;5.0;16.0;-11.0;5.0
6529;5.96;5.0;17.0;-12.0;5.0
6539;5.986666666666666;5.0;23.0;-18.0;5.0
6549;5.956666666666667;5.0;17.0;-12.0;5.0
6559;6.28;5.0;17.0;-12.0;5.0
6569;6.1866666666666665;5.0;17.0;-12.0;5.0
6579;6.06;5.0;17.0;-12.0;5.0
6589;6.223333333333334;5.0;17.0;-12.0;5.0
6599;6.2;5.0;16.0;-11.0;5.0
6609;5.986666666666666;5.0;16.0;-11.0;5.0
6619;6.12;5.0;17.0;-12.0;5.0
6629;6.1033333333333335;5.0;17.0;-12.0;5.0
6639;6.033333333333333;5.0;15.0;-10.0;5.0
6649;6.066666666666666;5.0;17.0;-12.0;5.0
6659;6.06;5.0;15.0;-10.0;5.0
6669;6.16;5.0;19.0;-14.0;5.0
6679;6.2;5.0;19.0;-14.0;5.0
6689;6.006666666666667;5.0;17.0;-12.0;5.0
6699;6.016666666666667;5.0;17.0;-12.0;5.0
6709;6.1466666666666665;5.0;17.0;-12.0;5.0
6719;6.086666666666667;5.0;16.0;-11.0;5.0
6729;6.39;5.0;17.0;-12.0;5.0
6739;6.37;5.0;17.0;-12.0;5.0
6749;6.0633333333333335;5.0;17.0;-12.0;5.0
6759;5.843333333333334;5.0;17.0;-12.0;5.0
6769;6.1066666666666665;5.0;16.0;-11.0;5.0
6779;6.33;5.0;17.0;-12.0;5.0
6789;6.113333333333333;5.0;17.0;-12.0;5.0
6799;6.156666666666666;5.0;20.0;-15.0;5.0
6809;6.1433333333333335;5.0;16.0;-11.0;5.0
6819;6.003333333333333;5.0;16.0;-11.0;5.0
6829;6.036666666666667;5.0;17.0;-12.0;5.0
6839;6.093333333333334;5.0;17.0;-12.0;5.0
6849;5.8933333333333335;5.0;16.0;-11.0;5.0
6859;5.98;5.0;17.0;-12.0;5.0
6869;6.156666666666666;5.0;17.0;-12.0;5.0
6879;6.036666666666667;5.0;14.0;-9.0;5.0
6889;6.12;5.0;16.0;-11.0;5.0
6899;5.996666666666667;5.0;17.0;-12.0;5.0
6909;6.12;5.0;17.0;-12.0;5.0
6919;6.086666666666667;5.0;17.0;-12.0;5.0
6929;6.083333333333333;5.0;16.0;-11.0;5.0
6939;6.3;5.0;17.0;-12.0;5.0
6949;6.066666666666666;5.0;18.0;-13.0;5.0
6959;6.086666666666667;5.0;16.0;-11.0;5.0
6969;6.096666666666667;5.0;17.0;-12.0;5.0
6979;5.956666666666667;5.0;16.0;-11.0;5.0
6989;6.086666666666667;5.0;15.0;-10.0;5.0
6999;6.29;5.0;17.0;-12.0;5.0
7009;6.1466666666666665;5.0;15.0;-10.0;5.0
7019;5.886666666666667;5.0;17.0;-12.0;5.0
7029;6.216666666666667;5.0;17.0;-12.0;5.0
7039;6.286666666666667;5.0;17.0;-12.0;5.0
7049;6.1866666666666665;5.0;17.0;-12.0;5.0
7059;6.2;5.0;16.0;-11.0;5.0
7069;6.026666666666666;5.0;17.0;-12.0;5.0
7079;6.3533333333333335;5.0;17.0;-12.0;5.0
7089;6.196666666666666;5.0;17.0;-12.0;5.0
7099;5.973333333333334;5.0;15.0;-10.0;5.0
7109;6.266666666666667;5.0;17.0;-12.0;5.0
7119;6.003333333333333;5.0;17.0;-12.0;5.0
7129;6.066666666666666;5.0;17.0;-12.0;5.0
7139;5.94;5.0;17.0;-12.0;5.0
7149;6.223333333333334;5.0;21.0;-16.0;5.0
7159;5.956666666666667;5.0;17.0;-12.0;5.0
7169;6.18;5.0;17.0;-12.0;5.0
7179;6.066666666666666;5.0;16.0;-11.0;5.0
7189;6.17;5.0;17.0;-12.0;5.0
7199;6.006666666666667;5.0;17.0;-12.0;5.0
7209;5.943333333333333;5.0;16.0;-11.0;5.0
7219;6.266666666666667;5.0;17.0;-12.0;5.0
7229;6.16;5.0;17.0;-12.0;5.0
7239;5.963333333333333;5.0;19.0;-14.0;5.0
7249;5.996666666666667;5.0;16.0;-11.0;5.0
7259;5.99;5.0;20.0;-15.0;5.0
7269;6.026666666666666;5.0;17.0;-12.0;5.0
7279;5.946666666666666;5.0;17.0;-12.0;5.0
7289;6.03;5.0;17.0;-12.0;5.0
7299;6.303333333333334;5.0;22.0;-17.0;5.0
7309;6.363333333333333;5.0;16.0;-11.0;5.0
7319;6.07;5.0;18.0;-13.0;5.0
7329;5.793333333333333;5.0;17.0;-12.0;5.0
7339;5.98;5.0;16.0;-11.0;5.0
7349;6.226666666666667;5.0;17.0;-12.0;5.0
7359;6.076666666666667;5.0;16.0;-11.0;5.0
7369;6.286666666666667;5.0;19.0;-14.0;5.0
7379;6.0633333333333335;5.0;17.0;-12.0;5.0
7389;6.223333333333334;5.0;17.0;-12.0;5.0
7399;6.26;5.0;21.0;-16.0;5.0
7409;5.866666666666666;5.0;19.0;-14.0;5.0
7419;6.13;5.0;15.0;-10.0;5.0
7429;5.953333333333333;5.0;19.0;-14.0;5.0
7439;6.083333333333333;5.0;17.0;-12.0;5.0
7449;6.1;5.0;16.0;-11.0;5.0
7459;6.203333333333333;5.0;17.0;-12.0;5.0
7469;6.1433333333333335;5.0;17.0;-12.0;5.0
7479;5.91;5.0;17.0;-12.0;5.0
7489;6.15;5.0;16.0;-11.0;5.0
7499;6.16;5.0;17.0;-12.0;5.0
7509;6.04;5.0;17.0;-12.0;5.0
7519;6.126666666666667;5.0;17.0;-12.0;5.0
7529;6.283333333333333;5.0;15.0;-10.0;5.0
7539;5.983333333333333;5.0;17.0;-12.0;5.0
7549;6.23;5.0;17.0;-12.0;5.0
7559;6.033333333333333;5.0;17.0;-12.0;5.0
7569;6.21;5.0;17.0;-12.0;5.0
7579;6.1466666666666665;5.0;16.0;-11.0;5.0
7589;6.2;5.0;16.0;-11.0;5.0
7599;6.25;5.0;17.0;-12.0;5.0
7609;5.973333333333334;5.0;17.0;-12.0;5.0
7619;6.01;5.0;17.0;-12.0;5.0
7629;6.1033333333333335;5.0;15.0;-10.0;5.0
7639;6.113333333333333;5.0;17.0;-12.0;5.0
7649;6.083333333333333;5.0;17.0;-12.0;5.0
7659;6.1033333333333335;5.0;17.0;-12.0;5.0
7669;6.333333333333333;5.0;16.0;-11.0;5.0
7679;6.166666666666667;5.0;16.0;-11.0;5.0
7689;6.07;5.0;17.0;-12.0;5.0
7699;6.273333333333333;5.0;17.0;-12.0;5.0
7709;6.23;5.0;17.0;-12.0;5.0
7719;6.286666666666667;5.0;23.0;-18.0;5.0
7729;6.21;5.0;17.0;-12.0;5.0
7739;6.036666666666667;5.0;16.0;-11.0;5.0
7749;5.8966666666666665;5.0;16.0;-11.0;5.0
7759;5.99;5.0;17.0;-12.0;5.0
7769;6.18;5.0;18.0;-13.0;5.0
7779;6.18;5.0;23.0;-18.0;5.0
7789;6.08;5.0;17.0;-12.0;5.0
7799;6.173333333333333;5.0;17.0;-12.0;5.0
7809;6.116666666666666;5.0;17.0;-12.0;5.0
7819;6.403333333333333;5.0;17.0;-12.0;5.0
7829;6.09;5.0;19.0;-14.0;5.0
7839;6.08;5.0;17.0;-12.0;5.0
7849;6.403333333333333;5.0;16.0;-11.0;5.0
7859;6.1433333333333335;5.0;21.0;-16.0;5.0
7869;6.056666666666667;5.0;15.0;-10.0;5.0
7879;6.193333333333333;5.0;17.0;-12.0;5.0
7889;6.1866666666666665;5.0;17.0;-12.0;5.0
7899;6.02;5.0;17.0;-12.0;5.0
7909;6.136666666666667;5.0;16.0;-11.0;5.0
7919;6.02;5.0;17.0;-12.0;5.0
7929;6.01;5.0;17.0;-12.0;5.0
7939;6.1866666666666665;5.0;21.0;-16.0;5.0
7949;6.04;5.0;17.0;-12.0;5.0
7959;6.223333333333334;5.0;16.0;-11.0;5.0
7969;6.013333333333334;5.0;16.0;-11.0;5.0
7979;6.126666666666667;5.0;17.0;-12.0;5.0
7989;5.926666666666667;5.0;15.0;-10.0;5.0
7999;6.056666666666667;5.0;15.0;-10.0;5.0
8009;6.11;5.0;15.0;-10.0;5.0
8019;6.1466666666666665;5.0;17.0;-12.0;5.0
8029;5.86;5.0;15.0;-10.0;5.0
8039;5.993333333333333;5.0;17.0;-12.0;5.0
8049;5.97;5.0;14.0;-9.0;5.0
8059;6.193333333333333;5.0;17.0;-12.0;5.0
8069;5.973333333333334;5.0;17.0;-12.0;5.0
8079;6.05;5.0;17.0;-12.0;5.0
8089;6.1066666666666665;5.0;17.0;-12.0;5.0
8099;6.256666666666667;5.0;16.0;-11.0;5.0
8109;6.1466666666666665;5.0;16.0;-11.0;5.0
8119;6.083333333333333;5.0;15.0;-10.0;5.0
8129;6.24;5.0;16.0;-11.0;5.0
8139;6.11;5.0;16.0;-11.0;5.0
8149;5.966666666666667;5.0;17.0;-12.0;5.0
8159;6.11;5.0;16.0;-11.0;5.0
8169;6.2;5.0;17.0;-12.0;5.0
8179;6.253333333333333;5.0;17.0;-12.0;5.0
8189;6.266666666666667;5.0;23.0;-18.0;5.0
8199;6.206666666666667;5.0;17.0;-12.0;5.0
8209;6.18;5.0;16.0;-11.0;5.0
8219;6.236666666666666;5.0;17.0;-12.0;5.0
8229;6.213333333333333;5.0;20.0;-15.0;5.0
8239;6.223333333333334;5.0;16.0;-11.0;5.0
8249;6.023333333333333;5.0;15.0;-10.0;5.0
8259;6.413333333333333;5.0;17.0;-12.0;5.0
8269;6.12;5.0;16.0;-11.0;5.0
8279;6.133333333333334;5.0;16.0;-11.0;5.0
8289;6.003333333333333;5.0;17.0;-12.0;5.0
8299;6.11;5.0;16.0;-11.0;5.0
8309;6.02;5.0;17.0;-12.0;5.0
8319;6.193333333333333;5.0;15.0;-10.0;5.0
8329;6.133333333333334;5.0;17.0;-12.0;5.0
8339;6.083333333333333;5.0;16.0;-11.0;5.0
8349;6.1866666666666665;5.0;17.0;-12.0;5.0
8359;6.32;5.0;17.0;-12.0;5.0
8369;5.833333333333333;5.0;17.0;-12.0;5.0
8379;6.166666666666667;5.0;17.0;-12.0;5.0
8389;5.8966666666666665;5.0;17.0;-12.0;5.0
8399;6.036666666666667;5.0;19.0;-14.0;5.0
8409;5.983333333333333;5.0;17.0;-12.0;5.0
8419;6.193333333333333;5.0;22.0;-17.0;5.0
8429;6.326666666666667;5.0;17.0;-12.0;5.0
8439;5.846666666666667;5.0;17.0;-12.0;5.0
8449;6.18;5.0;17.0;-12.0;5.0
8459;5.953333333333333;5.0;16.0;-11.0;5.0
8469;6.22;5.0;17.0;-12.0;5.0
8479;5.906666666666666;5.0;16.0;-11.0;5.0
8489;5.88;5.0;16.0;-11.0;5.0
8499;6.04;5.0;13.0;-8.0;5.0
8509;6.21;5.0;16.0;-11.0;5.0
8519;6.243333333333333;5.0;22.0;-17.0;5.0
8529;6.03;5.0;17.0;-12.0;5.0
8539;6.016666666666667;5.0;16.0;-11.0;5.0
8549;5.89;5.0;17.0;-12.0;5.0
8559;6.196666666666666;5.0;17.0;-12.0;5.0
8569;6.1033333333333335;5.0;16.0;-11.0;5.0
8579;6.026666666666666;5.0;17.0;-12.0;5.0
8589;6.093333333333334;5.0;22.0;-17.0;5.0
8599;6.09;5.0;17.0;-12.0;5.0
8609;5.953333333333333;5.0;17.0;-12.0;5.0
8619;6.236666666666666;5.0;17.0;-12.0;5.0
8629;6.163333333333333;5.0;18.0;-13.0;5.0
8639;6.016666666666667;5.0;16.0;-11.0;5.0
8649;5.91;5.0;16.0;-11.0;5.0
8659;5.97;5.0;15.0;-10.0;5.0
8669;6.133333333333334;5.0;17.0;-12.0;5.0
8679;5.966666666666667;5.0;19.0;-14.0;5.0
8689;5.916666666666667;5.0;17.0;-12.0;5.0
8699;6.116666666666666;5.0;17.0;-12.0;5.0
8709;6.1;5.0;18.0;-13.0;5.0
8719;6.17;5.0;17.0;-12.0;5.0
8729;6.13;5.0;16.0;-11.0;5.0
8739;6.366666666666666;5.0;17.0;-12.0;5.0
8749;6.073333333333333;5.0;17.0;-12.0;5.0
8759;6.2;5.0;17.0;-12.0;5.0
8769;5.846666666666667;5.0;15.0;-10.0;5.0
8779;6.07;5.0;16.0;-11.0;5.0
8789;6.223333333333334;5.0;19.0;-14.0;5.0
8799;6.266666666666667;5.0;15.0;-10.0;5.0
8809;6.053333333333334;5.0;17.0;-12.0;5.0
8819;6.15;5.0;17.0;-12.0;5.0
8829;5.816666666666666;5.0;11.0;-6.0;5.0
8839;6.206666666666667;5.0;17.0;-12.0;5.0
8849;6.013333333333334;5.0;17.0;-12.0;5.0
8859;6.246666666666667;5.0;16.0;-11.0;5.0
8869;5.943333333333333;5.0;17.0;-12.0;5.0
8879;5.966666666666667;5.0;16.0;-11.0;5.0
8889;6.006666666666667;5.0;16.0;-11.0;5.0
8899;5.963333333333333;5.0;16.0;-11.0;5.0
8909;6.01;5.0;21.0;-16.0;5.0
8919;5.85;5.0;17.0;-12.0;5.0
8929;6.193333333333333;5.0;18.0;-13.0;5.0
8939;5.933333333333334;5.0;15.0;-10.0;5.0
8949;5.97;5.0;15.0;-10.0;5.0
8959;6.093333333333334;5.0;17.0;-12.0;5.0
8969;6.293333333333333;5.0;17.0;-12.0;5.0
8979;6.15;5.0;17.0;-12.0;5.0
8989;6.14;5.0;17.0;-12.0;5.0
8999;6.02;5.0;17.0;-12.0;5.0
9009;6.1466666666666665;5.0;16.0;-11.0;5.0
9019;6.51;5.0;17.0;-12.0;5.0
9029;6.336666666666667;5.0;22.0;-17.0;5.0
9039;6.163333333333333;5.0;15.0;-10.0;5.0
9049;6.076666666666667;5.0;17.0;-12.0;5.0
9059;6.156666666666666;5.0;17.0;-12.0;5.0
9069;6.226666666666667;5.0;21.0;-16.0;5.0
9079;6.13;5.0;15.0;-10.0;5.0
9089;5.996666666666667;5.0;17.0;-12.0;5.0
9099;6.016666666666667;5.0;17.0;-12.0;5.0
9109;5.916666666666667;5.0;17.0;-12.0;5.0
9119;6.036666666666667;5.0;16.0;-11.0;5.0
9129;6.056666666666667;5.0;17.0;-12.0;5.0
9139;5.953333333333333;5.0;20.0;-15.0;5.0
9149;6.15;5.0;21.0;-16.0;5.0
9159;5.926666666666667;5.0;17.0;-12.0;5.0
9169;6.14;5.0;16.0;-11.0;5.0
9179;6.1433333333333335;5.0;17.0;-12.0;5.0
9189;6.076666666666667;5.0;17.0;-12.0;5.0
9199;6.193333333333333;5.0;17.0;-12.0;5.0
9209;6.08;5.0;17.0;-12.0;5.0
9219;6.226666666666667;5.0;17.0;-12.0;5.0
9229;6.216666666666667;5.0;17.0;-12.0;5.0
9239;6.06;5.0;19.0;-14.0;5.0
9249;6.006666666666667;5.0;15.0;-10.0;5.0
9259;6.166666666666667;5.0;17.0;-12.0;5.0
9269;6.166666666666667;5.0;19.0;-14.0;5.0
9279;5.996666666666667;5.0;17.0;-12.0;5.0
9289;5.8133333333333335;5.0;15.0;-10.0;5.0
9299;6.25;5.0;17.0;-12.0;5.0
9309;6.07;5.0;17.0;-12.0;5.0
9319;5.836666666666667;5.0;17.0;-12.0;5.0
9329;5.8966666666666665;5.0;17.0;-12.0;5.0
9339;6.223333333333334;5.0;17.0;-12.0;5.0
9349;6.123333333333333;5.0;17.0;-12.0;5.0
9359;5.96;5.0;16.0;-11.0;5.0
9369;6.32;5.0;17.0;-12.0;5.0
9379;6.216666666666667;5.0;18.0;-13.0;5.0
9389;6.173333333333333;5.0;17.0;-12.0;5.0
9399;6.133333333333334;5.0;17.0;-12.0;5.0
9409;6.133333333333334;5.0;17.0;-12.0;5.0
9419;6.033333333333333;5.0;19.0;-14.0;5.0
9429;6.233333333333333;5.0;17.0;-12.0;5.0
9439;6.196666666666666;5.0;16.0;-11.0;5.0
9449;6.03;5.0;17.0;-12.0;5.0
9459;6.066666666666666;5.0;15.0;-10.0;5.0
9469;6.1433333333333335;5.0;17.0;-12.0;5.0
9479;6.11;5.0;17.0;-12.0;5.0
9489;5.95;5.0;15.0;-10.0;5.0
9499;6.09;5.0;15.0;-10.0;5.0
9509;6.156666666666666;5.0;21.0;-16.0;5.0
9519;6.04;5.0;16.0;-11.0;5.0
9529;6.046666666666667;5.0;17.0;-12.0;5.0
9539;6.086666666666667;5.0;15.0;-10.0;5.0
9549;6.206666666666667;5.0;17.0;-12.0;5.0
9559;5.996666666666667;5.0;16.0;-11.0;5.0
9569;6.02;5.0;17.0;-12.0;5.0
9579;6.076666666666667;5.0;17.0;-12.0;5.0
9589;6.183333333333334;5.0;17.0;-12.0;5.0
9599;6.263333333333334;5.0;18.0;-13.0;5.0
9609;5.91;5.0;15.0;-10.0;5.0
9619;6.0633333333333335;5.0;17.0;-12.0;5.0
9629;5.84;5.0;17.0;-12.0;5.0
9639;6.046666666666667;5.0;19.0;-14.0;5.0
9649;5.876666666666667;5.0;17.0;-12.0;5.0
9659;6.213333333333333;5.0;23.0;-18.0;5.0
9669;5.906666666666666;5.0;21.0;-16.0;5.0
9679;6.136666666666667;5.0;17.0;-12.0;5.0
9689;5.976666666666667;5.0;15.0;-10.0;5.0
9699;5.806666666666667;5.0;23.0;-18.0;5.0
9709;5.8533333333333335;5.0;17.0;-12.0;5.0
9719;6.27;5.0;17.0;-12.0;5.0
9729;6.013333333333334;5.0;20.0;-15.0;5.0
9739;5.92;5.0;16.0;-11.0;5.0
9749;6.256666666666667;5.0;16.0;-11.0;5.0
9759;6.1466666666666665;5.0;23.0;-18.0;5.0
9769;6.08;5.0;15.0;-10.0;5.0
9779;6.233333333333333;5.0;15.0;-10.0;5.0
9789;5.883333333333334;5.0;17.0;-12.0;5.0
9799;6.183333333333334;5.0;20.0;-15.0;5.0
9809;6.013333333333334;5.0;15.0;-10.0;5.0
9819;6.13;5.0;17.0;-12.0;5.0
9829;6.096666666666667;5.0;19.0;-14.0;5.0
9839;6.296666666666667;5.0;17.0;-12.0;5.0
9849;6.31;5.0;18.0;-13.0;5.0
9859;5.993333333333333;5.0;16.0;-11.0;5.0
9869;6.096666666666667;5.0;16.0;-11.0;5.0
9879;6.126666666666667;5.0;21.0;-16.0;5.0
9889;6.333333333333333;5.0;17.0;-12.0;5.0
9899;5.883333333333334;5.0;17.0;-12.0;5.0
9909;6.006666666666667;5.0;21.0;-16.0;5.0
9919;6.13;5.0;16.0;-11.0;5.0
9929;6.25;5.0;17.0;-12.0;5.0
9939;6.2;5.0;17.0;-12.0;5.0
9949;6.086666666666667;5.0;16.0;-11.0;5.0
9959;5.903333333333333;5.0;19.0;-14.0;5.0
9969;6.1033333333333335;5.0;17.0;-12.0;5.0
9979;6.266666666666667;5.0;16.0;-11.0;5.0
9989;6.04;5.0;17.0;-12.0;5.0
9999;6.08;5.0;17.0;-12.0;5.0
10009;5.96;5.0;17.0;-12.0;5.0
10019;6.16;5.0;21.0;-16.0;5.0
10029;6.046666666666667;5.0;21.0;-16.0;5.0
10039;6.036666666666667;5.0;16.0;-11.0;5.0
10049;6.04;5.0;15.0;-10.0;5.0
10059;6.1866666666666665;5.0;17.0;-12.0;5.0
10069;6.246666666666667;5.0;23.0;-18.0;5.0
10079;6.05;5.0;15.0;-10.0;5.0
10089;6.03;5.0;17.0;-12.0;5.0
10099;6.03;5.0;16.0;-11.0;5.0
10109;6.22;5.0;16.0;-11.0;5.0
10119;6.023333333333333;5.0;17.0;-12.0;5.0
10129;6.4366666666666665;5.0;16.0;-11.0;5.0
10139;6.03;5.0;17.0;-12.0;5.0
10149;6.31;5.0;22.0;-17.0;5.0
10159;5.863333333333333;5.0;17.0;-12.0;5.0
10169;6.0633333333333335;5.0;16.0;-11.0;5.0
10179;6.046666666666667;5.0;16.0;-11.0;5.0
10189;6.043333333333333;5.0;16.0;-11.0;5.0
10199;6.03;5.0;17.0;-12.0;5.0
10209;6.29;5.0;17.0;-12.0;5.0
10219;6.053333333333334;5.0;16.0;-11.0;5.0
10229;6.166666666666667;5.0;17.0;-12.0;5.0
10239;5.95;5.0;17.0;-12.0;5.0
10249;6.223333333333334;5.0;16.0;-11.0;5.0
10259;6.263333333333334;5.0;16.0;-11.0;5.0
10269;6.04;5.0;17.0;-12.0;5.0
10279;5.8566666666666665;5.0;16.0;-11.0;5.0
10289;6.236666666666666;5.0;18.0;-13.0;5.0
10299;6.263333333333334;5.0;17.0;-12.0;5.0
10309;6.116666666666666;5.0;17.0;-12.0;5.0
10319;6.183333333333334;5.0;16.0;-11.0;5.0
10329;5.99;5.0;17.0;-12.0;5.0
10339;6.05;5.0;16.0;-11.0;5.0
10349;5.8566666666666665;5.0;22.0;-17.0;5.0
10359;6.053333333333334;5.0;17.0;-12.0;5.0
10369;6.006666666666667;5.0;16.0;-11.0;5.0
10379;6.08;5.0;16.0;-11.0;5.0
10389;6.12;5.0;17.0;-12.0;5.0
10399;5.833333333333333;5.0;15.0;-10.0;5.0
10409;5.95;5.0;15.0;-10.0;5.0
10419;6.16;5.0;17.0;-12.0;5.0
10429;6.083333333333333;5.0;16.0;-11.0;5.0
10439;6.11;5.0;17.0;-12.0;5.0
10449;6.046666666666667;5.0;11.0;-6.0;5.0
10459;6.173333333333333;5.0;17.0;-12.0;5.0
10469;6.273333333333333;5.0;17.0;-12.0;5.0
10479;5.996666666666667;5.0;15.0;-10.0;5.0
10489;5.933333333333334;5.0;17.0;-12.0;5.0
10499;6.253333333333333;5.0;17.0;-12.0;5.0
10509;6.05;5.0;17.0;-12.0;5.0
10519;6.22;5.0;16.0;-11.0;5.0
10529;6.0;5.0;15.0;-10.0;5.0
10539;6.046666666666667;5.0;14.0;-9.0;5.0
10549;5.93;5.0;15.0;-10.0;5.0
10559;6.13;5.0;17.0;-12.0;5.0
10569;5.9;5.0;15.0;-10.0;5.0
10579;6.153333333333333;5.0;17.0;-12.0;5.0
10589;6.06;5.0;17.0;-12.0;5.0
10599;6.236666666666666;5.0;21.0;-16.0;5.0
10609;6.12;5.0;16.0;-11.0;5.0
10619;6.033333333333333;5.0;15.0;-10.0;5.0
10629;6.036666666666667;5.0;17.0;-12.0;5.0
10639;6.016666666666667;5.0;17.0;-12.0;5.0
10649;6.156666666666666;5.0;23.0;-18.0;5.0
10659;6.053333333333334;5.0;18.0;-13.0;5.0
10669;6.133333333333334;5.0;20.0;-15.0;5.0
10679;6.083333333333333;5.0;17.0;-12.0;5.0
10689;6.196666666666666;5.0;17.0;-12.0;5.0
10699;6.126666666666667;5.0;17.0;-12.0;5.0
10709;6.0633333333333335;5.0;16.0;-11.0;5.0
10719;6.066666666666666;5.0;16.0;-11.0;5.0
10729;6.04;5.0;15.0;-10.0;5.0
10739;6.116666666666666;5.0;21.0;-16.0;5.0
10749;6.08;5.0;19.0;-14.0;5.0
10759;6.0;5.0;17.0;-12.0;5.0
10769;5.933333333333334;5.0;16.0;-11.0;5.0
10779;6.13;5.0;17.0;-12.0;5.0
10789;6.046666666666667;5.0;17.0;-12.0;5.0
10799;6.003333333333333;5.0;17.0;-12.0;5.0
10809;6.24;5.0;17.0;-12.0;5.0
10819;6.013333333333334;5.0;17.0;-12.0;5.0
10829;6.3566666666666665;5.0;19.0;-14.0;5.0
10839;6.286666666666667;5.0;17.0;-12.0;5.0
10849;5.986666666666666;5.0;17.0;-12.0;5.0
10859;6.19;5.0;17.0;-12.0;5.0
10869;5.973333333333334;5.0;17.0;-12.0;5.0
10879;6.0633333333333335;5.0;17.0;-12.0;5.0
10889;6.14;5.0;17.0;-12.0;5.0
10899;5.94;5.0;18.0;-13.0;5.0
10909;6.24;5.0;17.0;-12.0;5.0
10919;6.053333333333334;5.0;16.0;-11.0;5.0
10929;6.223333333333334;5.0;17.0;-12.0;5.0
10939;5.873333333333333;5.0;15.0;-10.0;5.0
10949;6.22;5.0;21.0;-16.0;5.0
10959;5.943333333333333;5.0;16.0;-11.0;5.0
10969;6.3;5.0;18.0;-13.0;5.0
10979;6.1866666666666665;5.0;11.0;-6.0;5.0
10989;6.126666666666667;5.0;15.0;-10.0;5.0
10999;6.053333333333334;5.0;16.0;-11.0;5.0
11009;5.93;5.0;15.0;-10.0;5.0
11019;6.1866666666666665;5.0;16.0;-11.0;5.0
11029;5.843333333333334;5.0;17.0;-12.0;5.0
11039;6.07;5.0;16.0;-11.0;5.0
11049;6.06;5.0;17.0;-12.0;5.0
11059;6.066666666666666;5.0;17.0;-12.0;5.0
11069;6.006666666666667;5.0;16.0;-11.0;5.0
11079;6.1066666666666665;5.0;17.0;-12.0;5.0
11089;6.13;5.0;17.0;-12.0;5.0
11099;6.06;5.0;16.0;-11.0;5.0
11109;6.043333333333333;5.0;17.0;-12.0;5.0
11119;6.243333333333333;5.0;21.0;-16.0;5.0
11129;6.27;5.0;17.0;-12.0;5.0
11139;6.12;5.0;17.0;-12.0;5.0
11149;6.486666666666666;5.0;17.0;-12.0;5.0
11159;6.123333333333333;5.0;17.0;-12.0;5.0
11169;6.383333333333334;5.0;17.0;-12.0;5.0
11179;6.28;5.0;17.0;-12.0;5.0
11189;6.07;5.0;17.0;-12.0;5.0
11199;6.3533333333333335;5.0;18.0;-13.0;5.0
11209;6.233333333333333;5.0;16.0;-11.0;5.0
11219;6.126666666666667;5.0;16.0;-11.0;5.0
11229;5.956666666666667;5.0;15.0;-10.0;5.0
11239;6.0;5.0;19.0;-14.0;5.0
11249;5.97;5.0;17.0;-12.0;5.0
11259;6.306666666666667;5.0;17.0;-12.0;5.0
11269;6.016666666666667;5.0;17.0;-12.0;5.0
11279;6.013333333333334;5.0;16.0;-11.0;5.0
11289;6.1033333333333335;5.0;17.0;-12.0;5.0
11299;6.27;5.0;17.0;-12.0;5.0
11309;5.93;5.0;17.0;-12.0;5.0
11319;6.01;5.0;15.0;-10.0;5.0
11329;6.1066666666666665;5.0;16.0;-11.0;5.0
11339;6.053333333333334;5.0;17.0;-12.0;5.0
11349;5.756666666666667;5.0;16.0;-11.0;5.0
11359;6.096666666666667;5.0;17.0;-12.0;5.0
11369;5.913333333333333;5.0;15.0;-10.0;5.0
11379;6.013333333333334;5.0;16.0;-11.0;5.0
11389;6.306666666666667;5.0;16.0;-11.0;5.0
11399;5.95;5.0;17.0;-12.0;5.0
11409;6.183333333333334;5.0;16.0;-11.0;5.0
11419;6.056666666666667;5.0;16.0;-11.0;5.0
11429;6.23;5.0;17.0;-12.0;5.0
11439;6.01;5.0;17.0;-12.0;5.0
11449;5.983333333333333;5.0;17.0;-12.0;5.0
11459;6.036666666666667;5.0;20.0;-15.0;5.0
11469;6.173333333333333;5.0;16.0;-11.0;5.0
11479;6.086666666666667;5.0;21.0;-16.0;5.0
11489;6.156666666666666;5.0;17.0;-12.0;5.0
11499;6.03;5.0;17.0;-12.0;5.0
11509;5.973333333333334;5.0;21.0;-16.0;5.0
11519;6.156666666666666;5.0;17.0;-12.0;5.0
11529;6.123333333333333;5.0;16.0;-11.0;5.0
11539;6.17;5.0;21.0;-16.0;5.0
11549;6.076666666666667;5.0;16.0;-11.0;5.0
11559;6.28;5.0;17.0;-12.0;5.0
11569;5.926666666666667;5.0;16.0;-11.0;5.0
11579;6.363333333333333;5.0;18.0;-13.0;5.0
11589;6.1866666666666665;5.0;19.0;-14.0;5.0
11599;6.163333333333333;5.0;17.0;-12.0;5.0
11609;6.06;5.0;16.0;-11.0;5.0
11619;6.15;5.0;16.0;-11.0;5.0
11629;6.02;5.0;17.0;-12.0;5.0
11639;6.153333333333333;5.0;15.0;-10.0;5.0
11649;6.076666666666667;5.0;16.0;-11.0;5.0
11659;6.23;5.0;17.0;-12.0;5.0
11669;6.1033333333333335;5.0;15.0;-10.0;5.0
11679;5.94;5.0;16.0;-11.0;5.0
11689;6.193333333333333;5.0;17.0;-12.0;5.0
11699;6.016666666666667;5.0;17.0;-12.0;5.0
11709;5.726666666666667;5.0;17.0;-12.0;5.0
11719;5.976666666666667;5.0;13.0;-8.0;5.0
11729;6.133333333333334;5.0;17.0;-12.0;5.0
11739;6.1866666666666665;5.0;16.0;-11.0;5.0
11749;6.123333333333333;5.0;17.0;-12.0;5.0
11759;6.16;5.0;11.0;-6.0;5.0
11769;6.15;5.0;17.0;-12.0;5.0
11779;6.12;5.0;16.0;-11.0;5.0
11789;6.476666666666667;5.0;23.0;-18.0;5.0
11799;6.073333333333333;5.0;16.0;-11.0;5.0
11809;6.086666666666667;5.0;16.0;-11.0;5.0
11819;6.256666666666667;5.0;16.0;-11.0;5.0
11829;6.1466666666666665;5.0;22.0;-17.0;5.0
11839;6.01;5.0;17.0;-12.0;5.0
11849;6.1;5.0;22.0;-17.0;5.0
11859;6.093333333333334;5.0;17.0;-12.0;5.0
11869;6.016666666666667;5.0;19.0;-14.0;5.0
11879;6.003333333333333;5.0;17.0;-12.0;5.0
11889;5.94;5.0;17.0;-12.0;5.0
11899;6.243333333333333;5.0;16.0;-11.0;5.0
11909;6.173333333333333;5.0;20.0;-15.0;5.0
11919;6.133333333333334;5.0;16.0;-11.0;5.0
11929;6.086666666666667;5.0;17.0;-12.0;5.0
11939;6.26;5.0;21.0;-16.0;5.0
11949;6.013333333333334;5.0;17.0;-12.0;5.0
11959;6.2;5.0;17.0;-12.0;5.0
11969;6.19;5.0;20.0;-15.0;5.0
11979;6.263333333333334;5.0;20.0;-15.0;5.0
11989;6.1433333333333335;5.0;17.0;-12.0;5.0
11999;6.433333333333334;5.0;17.0;-12.0;5.0
12009;5.983333333333333;5.0;17.0;-12.0;5.0
12019;5.923333333333333;5.0;16.0;-11.0;5.0
12029;6.1;5.0;17.0;-12.0;5.0
12039;6.1;5.0;17.0;-12.0;5.0
12049;6.236666666666666;5.0;15.0;-10.0;5.0
12059;5.933333333333334;5.0;15.0;-10.0;5.0
12069;5.97;5.0;17.0;-12.0;5.0
12079;6.156666666666666;5.0;16.0;-11.0;5.0
12089;6.306666666666667;5.0;19.0;-14.0;5.0
12099;6.343333333333334;5.0;16.0;-11.0;5.0
12109;6.066666666666666;5.0;16.0;-11.0;5.0
12119;6.236666666666666;5.0;21.0;-16.0;5.0
12129;6.206666666666667;5.0;17.0;-12.0;5.0
12139;6.086666666666667;5.0;17.0;-12.0;5.0
12149;5.873333333333333;5.0;15.0;-10.0;5.0
12159;6.02;5.0;16.0;-11.0;5.0
12169;6.176666666666667;5.0;14.0;-9.0;5.0
12179;6.16;5.0;20.0;-15.0;5.0
12189;6.203333333333333;5.0;17.0;-12.0;5.0
12199;6.343333333333334;5.0;17.0;-12.0;5.0
12209;6.083333333333333;5.0;14.0;-9.0;5.0
12219;6.066666666666666;5.0;13.0;-8.0;5.0
12229;6.09;5.0;19.0;-14.0;5.0
12239;6.036666666666667;5.0;17.0;-12.0;5.0
12249;6.066666666666666;5.0;17.0;-12.0;5.0
12259;6.016666666666667;5.0;20.0;-15.0;5.0
12269;6.03;5.0;16.0;-11.0;5.0
12279;6.02;5.0;16.0;-11.0;5.0
12289;6.053333333333334;5.0;17.0;-12.0;5.0
12299;6.05;5.0;16.0;-11.0;5.0
12309;5.996666666666667;5.0;14.0;-9.0;5.0
12319;5.966666666666667;5.0;16.0;-11.0;5.0
12329;6.01;5.0;19.0;-14.0;5.0
12339;6.033333333333333;5.0;17.0;-12.0;5.0
12349;6.183333333333334;5.0;22.0;-17.0;5.0
12359;6.126666666666667;5.0;23.0;-18.0;5.0
12369;5.916666666666667;5.0;21.0;-16.0;5.0
12379;6.1466666666666665;5.0;16.0;-11.0;5.0
12389;6.016666666666667;5.0;17.0;-12.0;5.0
12399;5.92;5.0;16.0;-11.0;5.0
12409;6.083333333333333;5.0;17.0;-12.0;5.0
12419;5.963333333333333;5.0;23.0;-18.0;5.0
12429;6.113333333333333;5.0;17.0;-12.0;5.0
12439;6.016666666666667;5.0;15.0;-10.0;5.0
12449;5.95;5.0;17.0;-12.0;5.0
12459;6.046666666666667;5.0;16.0;-11.0;5.0
12469;5.9;5.0;21.0;-16.0;5.0
12479;6.286666666666667;5.0;16.0;-11.0;5.0
12489;6.183333333333334;5.0;17.0;-12.0;5.0
12499;6.26;5.0;17.0;-12.0;5.0
12509;6.136666666666667;5.0;17.0;-12.0;5.0
12519;5.913333333333333;5.0;11.0;-6.0;5.0
12529;6.07;5.0;16.0;-11.0;5.0
12539;6.336666666666667;5.0;17.0;-12.0;5.0
12549;5.906666666666666;5.0;17.0;-12.0;5.0
12559;5.963333333333333;5.0;16.0;-11.0;5.0
12569;6.263333333333334;5.0;17.0;-12.0;5.0
12579;6.27;5.0;17.0;-12.0;5.0
12589;6.14;5.0;16.0;-11.0;5.0
12599;6.03;5.0;15.0;-10.0;5.0
12609;6.086666666666667;5.0;17.0;-12.0;5.0
12619;6.15;5.0;23.0;-18.0;5.0
12629;5.86;5.0;13.0;-8.0;5.0
12639;5.923333333333333;5.0;16.0;-11.0;5.0
12649;6.443333333333333;5.0;20.0;-15.0;5.0
12659;6.116666666666666;5.0;14.0;-9.0;5.0
12669;6.37;5.0;22.0;-17.0;5.0
12679;6.196666666666666;5.0;17.0;-12.0;5.0
12689;6.113333333333333;5.0;18.0;-13.0;5.0
12699;5.96;5.0;17.0;-12.0;5.0
12709;6.206666666666667;5.0;18.0;-13.0;5.0
12719;6.166666666666667;5.0;17.0;-12.0;5.0
12729;6.25;5.0;21.0;-16.0;5.0
12739;6.086666666666667;5.0;16.0;-11.0;5.0
12749;6.14;5.0;17.0;-12.0;5.0
12759;6.096666666666667;5.0;19.0;-14.0;5.0
12769;6.03;5.0;16.0;-11.0;5.0
12779;6.1066666666666665;5.0;17.0;-12.0;5.0
12789;5.816666666666666;5.0;15.0;-10.0;5.0
12799;6.383333333333334;5.0;15.0;-10.0;5.0
12809;6.003333333333333;5.0;17.0;-12.0;5.0
12819;6.003333333333333;5.0;19.0;-14.0;5.0
12829;6.1033333333333335;5.0;17.0;-12.0;5.0
12839;6.21;5.0;17.0;-12.0;5.0
12849;6.05;5.0;17.0;-12.0;5.0
12859;6.37;5.0;20.0;-15.0;5.0
12869;6.12;5.0;17.0;-12.0;5.0
12879;5.95;5.0;17.0;-12.0;5.0
12889;5.823333333333333;5.0;17.0;-12.0;5.0
12899;6.13;5.0;15.0;-10.0;5.0
12909;5.9366666666666665;5.0;12.0;-7.0;5.0
12919;5.98;5.0;16.0;-11.0;5.0
12929;6.256666666666667;5.0;17.0;-12.0;5.0
12939;6.083333333333333;5.0;16.0;-11.0;5.0
12949;6.096666666666667;5.0;17.0;-12.0;5.0
12959;5.986666666666666;5.0;20.0;-15.0;5.0
12969;6.2;5.0;17.0;-12.0;5.0
12979;6.066666666666666;5.0;17.0;-12.0;5.0
12989;5.996666666666667;5.0;17.0;-12.0;5.0
12999;6.1066666666666665;5.0;16.0;-11.0;5.0
13009;6.176666666666667;5.0;17.0;-12.0;5.0
13019;6.17;5.0;16.0;-11.0;5.0
13029;6.156666666666666;5.0;18.0;-13.0;5.0
13039;5.983333333333333;5.0;17.0;-12.0;5.0
13049;6.323333333333333;5.0;16.0;-11.0;5.0
13059;6.14;5.0;16.0;-11.0;5.0
13069;5.946666666666666;5.0;16.0;-11.0;5.0
13079;5.916666666666667;5.0;16.0;-11.0;5.0
13089;6.203333333333333;5.0;17.0;-12.0;5.0
13099;6.12;5.0;16.0;-11.0;5.0
13109;5.95;5.0;17.0;-12.0;5.0
13119;6.1866666666666665;5.0;17.0;-12.0;5.0
13129;6.233333333333333;5.0;17.0;-12.0;5.0
13139;6.3;5.0;16.0;-11.0;5.0
13149;5.946666666666666;5.0;17.0;-12.0;5.0
13159;6.083333333333333;5.0;17.0;-12.0;5.0
13169;5.98;5.0;15.0;-10.0;5.0
13179;6.193333333333333;5.0;17.0;-12.0;5.0
13189;6.113333333333333;5.0;21.0;-16.0;5.0
13199;6.16;5.0;20.0;-15.0;5.0
13209;6.246666666666667;5.0;16.0;-11.0;5.0
13219;6.1066666666666665;5.0;17.0;-12.0;5.0
13229;6.253333333333333;5.0;17.0;-12.0;5.0
13239;6.136666666666667;5.0;16.0;-11.0;5.0
13249;5.793333333333333;5.0;17.0;-12.0;5.0
13259;5.68;5.0;12.0;-7.0;5.0
13269;6.116666666666666;5.0;17.0;-12.0;5.0
13279;6.263333333333334;5.0;17.0;-12.0;5.0
13289;6.18;5.0;21.0;-16.0;5.0
13299;6.253333333333333;5.0;17.0;-12.0;5.0
13309;6.016666666666667;5.0;21.0;-16.0;5.0
13319;6.22;5.0;17.0;-12.0;5.0
13329;5.926666666666667;5.0;16.0;-11.0;5.0
13339;6.2;5.0;17.0;-12.0;5.0
13349;6.05;5.0;17.0;-12.0;5.0
13359;5.996666666666667;5.0;16.0;-11.0;5.0
13369;6.306666666666667;5.0;20.0;-15.0;5.0
13379;5.943333333333333;5.0;15.0;-10.0;5.0
13389;6.07;5.0;18.0;-13.0;5.0
13399;5.97;5.0;15.0;-10.0;5.0
13409;6.053333333333334;5.0;16.0;-11.0;5.0
13419;5.973333333333334;5.0;17.0;-12.0;5.0
13429;6.046666666666667;5.0;16.0;-11.0;5.0
13439;6.0633333333333335;5.0;17.0;-12.0;5.0
13449;6.3133333333333335;5.0;17.0;-12.0;5.0
13459;6.036666666666667;5.0;17.0;-12.0;5.0
13469;6.166666666666667;5.0;17.0;-12.0;5.0
13479;6.093333333333334;5.0;17.0;-12.0;5.0
13489;6.096666666666667;5.0;17.0;-12.0;5.0
13499;6.01;5.0;17.0;-12.0;5.0
13509;6.05;5.0;16.0;-11.0;5.0
13519;6.36;5.0;19.0;-14.0;5.0
13529;5.983333333333333;5.0;13.0;-8.0;5.0
13539;6.013333333333334;5.0;16.0;-11.0;5.0
13549;5.99;5.0;17.0;-12.0;5.0
13559;6.183333333333334;5.0;17.0;-12.0;5.0
13569;6.096666666666667;5.0;17.0;-12.0;5.0
13579;6.016666666666667;5.0;17.0;-12.0;5.0
13589;6.25;5.0;17.0;-12.0;5.0
13599;5.82;5.0;17.0;-12.0;5.0
13609;6.06;5.0;17.0;-12.0;5.0
13619;5.993333333333333;5.0;19.0;-14.0;5.0
13629;6.246666666666667;5.0;17.0;-12.0;5.0
13639;6.083333333333333;5.0;17.0;-12.0;5.0
13649;5.996666666666667;5.0;15.0;-10.0;5.0
13659;6.333333333333333;5.0;23.0;-18.0;5.0
13669;5.873333333333333;5.0;17.0;-12.0;5.0
13679;6.086666666666667;5.0;17.0;-12.0;5.0
13689;6.363333333333333;5.0;17.0;-12.0;5.0
13699;5.983333333333333;5.0;16.0;-11.0;5.0
13709;6.07;5.0;17.0;-12.0;5.0
13719;5.823333333333333;5.0;16.0;-11.0;5.0
13729;6.163333333333333;5.0;22.0;-17.0;5.0
13739;6.183333333333334;5.0;17.0;-12.0;5.0
13749;6.18;5.0;17.0;-12.0;5.0
13759;5.933333333333334;5.0;17.0;-12.0;5.0
13769;5.8933333333333335;5.0;17.0;-12.0;5.0
13779;5.99;5.0;17.0;-12.0;5.0
13789;5.993333333333333;5.0;16.0;-11.0;5.0
13799;6.276666666666666;5.0;17.0;-12.0;5.0
13809;6.296666666666667;5.0;17.0;-12.0;5.0
13819;6.1433333333333335;5.0;17.0;-12.0;5.0
13829;6.1;5.0;22.0;-17.0;5.0
13839;6.3566666666666665;5.0;16.0;-11.0;5.0
13849;6.1466666666666665;5.0;17.0;-12.0;5.0
13859;6.06;5.0;14.0;-9.0;5.0
13869;6.056666666666667;5.0;17.0;-12.0;5.0
13879;6.116666666666666;5.0;16.0;-11.0;5.0
13889;6.286666666666667;5.0;17.0;-12.0;5.0
13899;5.986666666666666;5.0;17.0;-12.0;5.0
13909;6.05;5.0;17.0;-12.0;5.0
13919;6.09;5.0;17.0;-12.0;5.0
13929;6.13;5.0;19.0;-14.0;5.0
13939;5.8933333333333335;5.0;17.0;-12.0;5.0
13949;6.346666666666667;5.0;17.0;-12.0;5.0
13959;6.16;5.0;20.0;-15.0;5.0
13969;6.17;5.0;17.0;-12.0;5.0
13979;6.123333333333333;5.0;17.0;-12.0;5.0
13989;6.016666666666667;5.0;16.0;-11.0;5.0
13999;6.293333333333333;5.0;17.0;-12.0;5.0
14009;6.066666666666666;5.0;17.0;-12.0;5.0
14019;6.073333333333333;5.0;17.0;-12.0;5.0
14029;5.913333333333333;5.0;16.0;-11.0;5.0
14039;5.996666666666667;5.0;15.0;-10.0;5.0
14049;6.1866666666666665;5.0;16.0;-11.0;5.0
14059;5.916666666666667;5.0;16.0;-11.0;5.0
14069;5.903333333333333;5.0;22.0;-17.0;5.0
14079;6.243333333333333;5.0;17.0;-12.0;5.0
14089;6.006666666666667;5.0;17.0;-12.0;5.0
14099;6.153333333333333;5.0;17.0;-12.0;5.0
14109;6.003333333333333;5.0;16.0;-11.0;5.0
14119;6.196666666666666;5.0;16.0;-11.0;5.0
14129;6.02;5.0;17.0;-12.0;5.0
14139;6.28;5.0;20.0;-15.0;5.0
14149;6.153333333333333;5.0;17.0;-12.0;5.0
14159;6.136666666666667;5.0;14.0;-9.0;5.0
14169;6.166666666666667;5.0;17.0;-12.0;5.0
14179;5.776666666666666;5.0;16.0;-11.0;5.0
14189;6.096666666666667;5.0;22.0;-17.0;5.0
14199;6.173333333333333;5.0;22.0;-17.0;5.0
14209;6.076666666666667;5.0;17.0;-12.0;5.0
14219;5.97;5.0;17.0;-12.0;5.0
14229;6.1;5.0;17.0;-12.0;5.0
14239;6.036666666666667;5.0;15.0;-10.0;5.0
14249;6.22;5.0;17.0;-12.0;5.0
14259;6.256666666666667;5.0;17.0;-12.0;5.0
14269;6.21;5.0;21.0;-16.0;5.0
14279;6.073333333333333;5.0;19.0;-14.0;5.0
14289;6.056666666666667;5.0;17.0;-12.0;5.0
14299;5.966666666666667;5.0;15.0;-10.0;5.0
14309;5.86;5.0;15.0;-10.0;5.0
14319;5.816666666666666;5.0;15.0;-10.0;5.0
14329;6.123333333333333;5.0;17.0;-12.0;5.0
14339;6.04;5.0;17.0;-12.0;5.0
14349;6.02;5.0;17.0;-12.0;5.0
14359;6.3566666666666665;5.0;17.0;-12.0;5.0
14369;6.17;5.0;18.0;-13.0;5.0
14379;5.98;5.0;17.0;-12.0;5.0
14389;6.1866666666666665;5.0;17.0;-12.0;5.0
14399;6.113333333333333;5.0;15.0;-10.0;5.0
14409;6.01;5.0;17.0;-12.0;5.0
14419;6.06;5.0;15.0;-10.0;5.0
14429;6.056666666666667;5.0;17.0;-12.0;5.0
14439;6.096666666666667;5.0;17.0;-12.0;5.0
14449;5.963333333333333;5.0;17.0;-12.0;5.0
14459;6.066666666666666;5.0;15.0;-10.0;5.0
14469;6.316666666666666;5.0;15.0;-10.0;5.0
14479;6.1033333333333335;5.0;17.0;-12.0;5.0
14489;6.426666666666667;5.0;17.0;-12.0;5.0
14499;5.943333333333333;5.0;15.0;-10.0;5.0
14509;5.806666666666667;5.0;16.0;-11.0;5.0
14519;6.176666666666667;5.0;17.0;-12.0;5.0
14529;6.19;5.0;15.0;-10.0;5.0
14539;5.983333333333333;5.0;17.0;-12.0;5.0
14549;5.98;5.0;17.0;-12.0;5.0
14559;6.0633333333333335;5.0;17.0;-12.0;5.0
14569;6.203333333333333;5.0;18.0;-13.0;5.0
14579;6.02;5.0;17.0;-12.0;5.0
14589;6.08;5.0;17.0;-12.0;5.0
14599;6.23;5.0;17.0;-12.0;5.0
14609;6.046666666666667;5.0;16.0;-11.0;5.0
14619;5.966666666666667;5.0;17.0;-12.0;5.0
14629;6.123333333333333;5.0;22.0;-17.0;5.0
14639;6.256666666666667;5.0;17.0;-12.0;5.0
14649;6.203333333333333;5.0;17.0;-12.0;5.0
14659;6.19;5.0;17.0;-12.0;5.0
14669;6.086666666666667;5.0;15.0;-10.0;5.0
14679;6.34;5.0;20.0;-15.0;5.0
14689;6.29;5.0;17.0;-12.0;5.0
14699;6.05;5.0;17.0;-12.0;5.0
14709;6.25;5.0;21.0;-16.0;5.0
14719;5.96;5.0;15.0;-10.0;5.0
14729;6.03;5.0;12.0;-7.0;5.0
14739;6.253333333333333;5.0;16.0;-11.0;5.0
14749;6.253333333333333;5.0;20.0;-15.0;5.0
14759;6.17;5.0;16.0;-11.0;5.0
14769;5.806666666666667;5.0;19.0;-14.0;5.0
14779;6.113333333333333;5.0;17.0;-12.0;5.0
14789;6.22;5.0;17.0;-12.0;5.0
14799;5.9366666666666665;5.0;16.0;-11.0;5.0
14809;6.093333333333334;5.0;17.0;-12.0;5.0
14819;6.17;5.0;17.0;-12.0;5.0
14829;5.943333333333333;5.0;17.0;-12.0;5.0
14839;5.973333333333334;5.0;17.0;-12.0;5.0
14849;6.29;5.0;17.0;-12.0;5.0
14859;6.283333333333333;5.0;16.0;-11.0;5.0
14869;5.8533333333333335;5.0;14.0;-9.0;5.0
14879;6.13;5.0;16.0;-11.0;5.0
14889;5.903333333333333;5.0;20.0;-15.0;5.0
14899;6.1433333333333335;5.0;15.0;-10.0;5.0
14909;6.15;5.0;16.0;-11.0;5.0
14919;6.3133333333333335;5.0;17.0;-12.0;5.0
14929;6.056666666666667;5.0;17.0;-12.0;5.0
14939;6.226666666666667;5.0;17.0;-12.0;5.0
14949;6.1866666666666665;5.0;17.0;-12.0;5.0
14959;6.193333333333333;5.0;17.0;-12.0;5.0
14969;6.23;5.0;17.0;-12.0;5.0
14979;5.86;5.0;16.0;-11.0;5.0
14989;6.156666666666666;5.0;17.0;-12.0;5.0
14999;5.733333333333333;5.0;16.0;-11.0;5.0
