geracao;media da geracao;fitness do melhor da geracao;fitness do pior da geracao;relacao entre melhor e pior;fitness do melhor da run
Probabilidade Recombinação: 0.7
Probabilidade Mutação: 0.049999999999999996
Tipo de Selecção: Torneio
Tipo de Mutação: Troca de Genes
Tamanho População: 300
Máximo de Gerações: 15000
0;83.76666666666667;70.0;100.0;-30.0;70.0
0;75.50333333333333;67.0;84.0;-17.0;67.0
9;53.193333333333335;48.0;61.0;-13.0;48.0
19;40.96333333333333;39.0;46.0;-7.0;39.0
29;34.656666666666666;33.0;44.0;-11.0;33.0
39;29.73;28.0;37.0;-9.0;28.0
49;26.77;24.0;36.0;-12.0;24.0
59;22.743333333333332;22.0;33.0;-11.0;22.0
69;21.743333333333332;21.0;30.0;-9.0;21.0
79;21.683333333333334;21.0;28.0;-7.0;21.0
89;21.596666666666668;20.0;28.0;-8.0;20.0
99;19.89;19.0;29.0;-10.0;19.0
109;18.033333333333335;17.0;26.0;-9.0;17.0
119;17.93;17.0;27.0;-10.0;17.0
129;15.996666666666666;15.0;30.0;-15.0;15.0
139;15.98;15.0;26.0;-11.0;15.0
149;14.933333333333334;13.0;23.0;-10.0;13.0
159;13.36;12.0;23.0;-11.0;12.0
169;12.91;12.0;23.0;-11.0;12.0
179;12.793333333333333;12.0;24.0;-12.0;12.0
189;13.176666666666666;12.0;22.0;-10.0;12.0
199;11.993333333333334;11.0;22.0;-11.0;11.0
209;11.883333333333333;11.0;22.0;-11.0;11.0
219;11.923333333333334;11.0;21.0;-10.0;11.0
229;11.966666666666667;11.0;23.0;-12.0;11.0
239;11.996666666666666;11.0;21.0;-10.0;11.0
249;12.193333333333333;11.0;22.0;-11.0;11.0
259;12.193333333333333;11.0;24.0;-13.0;11.0
269;12.236666666666666;11.0;23.0;-12.0;11.0
279;12.146666666666667;11.0;22.0;-11.0;11.0
289;11.85;11.0;22.0;-11.0;11.0
299;12.103333333333333;11.0;20.0;-9.0;11.0
309;12.146666666666667;11.0;25.0;-14.0;11.0
319;12.283333333333333;11.0;22.0;-11.0;11.0
329;12.066666666666666;11.0;22.0;-11.0;11.0
339;12.06;11.0;21.0;-10.0;11.0
349;11.8;11.0;17.0;-6.0;11.0
359;12.176666666666666;11.0;22.0;-11.0;11.0
369;12.193333333333333;11.0;22.0;-11.0;11.0
379;12.226666666666667;11.0;23.0;-12.0;11.0
389;11.97;11.0;23.0;-12.0;11.0
399;11.983333333333333;11.0;26.0;-15.0;11.0
409;12.16;11.0;25.0;-14.0;11.0
419;11.933333333333334;11.0;21.0;-10.0;11.0
429;12.176666666666666;11.0;26.0;-15.0;11.0
439;11.816666666666666;11.0;23.0;-12.0;11.0
449;11.98;11.0;20.0;-9.0;11.0
459;11.84;11.0;23.0;-12.0;11.0
469;12.206666666666667;11.0;19.0;-8.0;11.0
479;6.796666666666667;6.0;18.0;-12.0;6.0
489;7.16;6.0;21.0;-15.0;6.0
499;7.3133333333333335;6.0;22.0;-16.0;6.0
509;7.07;6.0;18.0;-12.0;6.0
519;7.29;6.0;18.0;-12.0;6.0
529;7.1866666666666665;6.0;18.0;-12.0;6.0
539;7.306666666666667;6.0;21.0;-15.0;6.0
549;7.29;6.0;18.0;-12.0;6.0
559;6.96;6.0;18.0;-12.0;6.0
569;7.183333333333334;6.0;18.0;-12.0;6.0
579;7.093333333333334;6.0;16.0;-10.0;6.0
589;7.226666666666667;6.0;18.0;-12.0;6.0
599;7.223333333333334;6.0;24.0;-18.0;6.0
609;7.113333333333333;6.0;18.0;-12.0;6.0
619;7.156666666666666;6.0;21.0;-15.0;6.0
629;7.376666666666667;6.0;18.0;-12.0;6.0
639;7.026666666666666;6.0;18.0;-12.0;6.0
649;7.1433333333333335;6.0;18.0;-12.0;6.0
659;6.943333333333333;6.0;18.0;-12.0;6.0
669;7.046666666666667;6.0;18.0;-12.0;6.0
679;7.233333333333333;6.0;18.0;-12.0;6.0
689;7.3;6.0;18.0;-12.0;6.0
699;7.276666666666666;6.0;18.0;-12.0;6.0
709;7.173333333333333;6.0;18.0;-12.0;6.0
719;7.08;6.0;18.0;-12.0;6.0
729;7.253333333333333;6.0;18.0;-12.0;6.0
739;6.946666666666666;6.0;18.0;-12.0;6.0
749;7.21;6.0;16.0;-10.0;6.0
759;6.846666666666667;6.0;17.0;-11.0;6.0
769;7.1;6.0;15.0;-9.0;6.0
779;6.903333333333333;6.0;18.0;-12.0;6.0
789;7.153333333333333;6.0;16.0;-10.0;6.0
799;7.243333333333333;6.0;17.0;-11.0;6.0
809;7.27;6.0;18.0;-12.0;6.0
819;6.833333333333333;6.0;14.0;-8.0;6.0
829;7.076666666666667;6.0;22.0;-16.0;6.0
839;7.1066666666666665;6.0;22.0;-16.0;6.0
849;7.36;6.0;18.0;-12.0;6.0
859;6.886666666666667;6.0;21.0;-15.0;6.0
869;7.156666666666666;6.0;17.0;-11.0;6.0
879;6.986666666666666;6.0;21.0;-15.0;6.0
889;6.926666666666667;6.0;16.0;-10.0;6.0
899;6.88;6.0;18.0;-12.0;6.0
909;7.016666666666667;6.0;18.0;-12.0;6.0
919;7.183333333333334;6.0;24.0;-18.0;6.0
929;7.136666666666667;6.0;23.0;-17.0;6.0
939;7.13;6.0;17.0;-11.0;6.0
949;6.913333333333333;6.0;18.0;-12.0;6.0
959;7.386666666666667;6.0;18.0;-12.0;6.0
969;6.8933333333333335;6.0;18.0;-12.0;6.0
979;7.133333333333334;6.0;16.0;-10.0;6.0
989;7.033333333333333;6.0;16.0;-10.0;6.0
999;6.963333333333333;6.0;22.0;-16.0;6.0
1009;7.066666666666666;6.0;18.0;-12.0;6.0
1019;7.1;6.0;18.0;-12.0;6.0
1029;7.1433333333333335;6.0;18.0;-12.0;6.0
1039;7.4366666666666665;6.0;22.0;-16.0;6.0
1049;6.913333333333333;6.0;18.0;-12.0;6.0
1059;7.05;6.0;18.0;-12.0;6.0
1069;7.033333333333333;6.0;18.0;-12.0;6.0
1079;6.93;6.0;18.0;-12.0;6.0
1089;6.99;6.0;16.0;-10.0;6.0
1099;7.17;6.0;18.0;-12.0;6.0
1109;7.006666666666667;6.0;18.0;-12.0;6.0
1119;6.98;6.0;17.0;-11.0;6.0
1129;6.976666666666667;6.0;18.0;-12.0;6.0
1139;7.19;6.0;18.0;-12.0;6.0
1149;6.993333333333333;6.0;19.0;-13.0;6.0
1159;7.086666666666667;6.0;18.0;-12.0;6.0
1169;7.266666666666667;6.0;17.0;-11.0;6.0
1179;7.1033333333333335;6.0;18.0;-12.0;6.0
1189;6.84;6.0;16.0;-10.0;6.0
1199;6.963333333333333;6.0;18.0;-12.0;6.0
1209;6.923333333333333;6.0;21.0;-15.0;6.0
1219;7.133333333333334;6.0;18.0;-12.0;6.0
1229;7.18;6.0;21.0;-15.0;6.0
1239;7.016666666666667;6.0;17.0;-11.0;6.0
1249;7.266666666666667;6.0;18.0;-12.0;6.0
1259;6.783333333333333;6.0;16.0;-10.0;6.0
1269;7.123333333333333;6.0;18.0;-12.0;6.0
1279;7.076666666666667;6.0;16.0;-10.0;6.0
1289;7.25;6.0;18.0;-12.0;6.0
1299;6.876666666666667;6.0;17.0;-11.0;6.0
1309;7.36;6.0;18.0;-12.0;6.0
1319;6.906666666666666;6.0;15.0;-9.0;6.0
1329;7.1;6.0;18.0;-12.0;6.0
1339;7.093333333333334;6.0;17.0;-11.0;6.0
1349;7.156666666666666;6.0;18.0;-12.0;6.0
1359;7.216666666666667;6.0;18.0;-12.0;6.0
1369;7.06;6.0;17.0;-11.0;6.0
1379;6.94;6.0;18.0;-12.0;6.0
1389;7.033333333333333;6.0;17.0;-11.0;6.0
1399;7.33;6.0;23.0;-17.0;6.0
1409;7.016666666666667;6.0;18.0;-12.0;6.0
1419;7.533333333333333;6.0;18.0;-12.0;6.0
1429;7.36;6.0;19.0;-13.0;6.0
1439;6.98;6.0;18.0;-12.0;6.0
1449;7.296666666666667;6.0;17.0;-11.0;6.0
1459;7.233333333333333;6.0;17.0;-11.0;6.0
1469;7.326666666666667;6.0;19.0;-13.0;6.0
1479;7.236666666666666;6.0;24.0;-18.0;6.0
1489;7.056666666666667;6.0;17.0;-11.0;6.0
1499;7.0;6.0;18.0;-12.0;6.0
1509;7.1;6.0;18.0;-12.0;6.0
1519;6.776666666666666;6.0;13.0;-7.0;6.0
1529;7.216666666666667;6.0;18.0;-12.0;6.0
1539;7.19;6.0;18.0;-12.0;6.0
1549;6.96;6.0;18.0;-12.0;6.0
1559;7.163333333333333;6.0;18.0;-12.0;6.0
1569;7.153333333333333;6.0;17.0;-11.0;6.0
1579;7.06;6.0;18.0;-12.0;6.0
1589;7.03;6.0;23.0;-17.0;6.0
1599;7.03;6.0;18.0;-12.0;6.0
1609;7.326666666666667;6.0;19.0;-13.0;6.0
1619;7.28;6.0;18.0;-12.0;6.0
1629;7.023333333333333;6.0;17.0;-11.0;6.0
1639;7.293333333333333;6.0;18.0;-12.0;6.0
1649;6.846666666666667;6.0;17.0;-11.0;6.0
1659;7.13;6.0;21.0;-15.0;6.0
1669;7.216666666666667;6.0;22.0;-16.0;6.0
1679;7.126666666666667;6.0;18.0;-12.0;6.0
1689;7.303333333333334;6.0;18.0;-12.0;6.0
1699;7.09;6.0;18.0;-12.0;6.0
1709;6.8;6.0;18.0;-12.0;6.0
1719;6.973333333333334;6.0;17.0;-11.0;6.0
1729;6.94;6.0;17.0;-11.0;6.0
1739;6.88;6.0;17.0;-11.0;6.0
1749;7.133333333333334;6.0;18.0;-12.0;6.0
1759;7.1433333333333335;6.0;18.0;-12.0;6.0
1769;6.743333333333333;6.0;18.0;-12.0;6.0
1779;7.003333333333333;6.0;17.0;-11.0;6.0
1789;7.126666666666667;6.0;14.0;-8.0;6.0
1799;7.153333333333333;6.0;17.0;-11.0;6.0
1809;7.0633333333333335;6.0;17.0;-11.0;6.0
1819;6.95;6.0;18.0;-12.0;6.0
1829;7.1466666666666665;6.0;19.0;-13.0;6.0
1839;7.133333333333334;6.0;17.0;-11.0;6.0
1849;7.053333333333334;6.0;13.0;-7.0;6.0
1859;7.15;6.0;18.0;-12.0;6.0
1869;7.156666666666666;6.0;18.0;-12.0;6.0
1879;7.1466666666666665;6.0;18.0;-12.0;6.0
1889;7.08;6.0;18.0;-12.0;6.0
1899;7.27;6.0;18.0;-12.0;6.0
1909;7.233333333333333;6.0;18.0;-12.0;6.0
1919;7.14;6.0;18.0;-12.0;6.0
1929;6.923333333333333;6.0;18.0;-12.0;6.0
1939;7.263333333333334;6.0;23.0;-17.0;6.0
1949;6.906666666666666;6.0;18.0;-12.0;6.0
1959;7.38;6.0;18.0;-12.0;6.0
1969;6.966666666666667;6.0;12.0;-6.0;6.0
1979;7.06;6.0;18.0;-12.0;6.0
1989;6.906666666666666;6.0;18.0;-12.0;6.0
1999;6.93;6.0;18.0;-12.0;6.0
2009;7.003333333333333;6.0;18.0;-12.0;6.0
2019;7.243333333333333;6.0;18.0;-12.0;6.0
2029;7.093333333333334;6.0;20.0;-14.0;6.0
2039;7.086666666666667;6.0;18.0;-12.0;6.0
2049;6.98;6.0;18.0;-12.0;6.0
2059;7.1066666666666665;6.0;18.0;-12.0;6.0
2069;7.043333333333333;6.0;18.0;-12.0;6.0
2079;7.116666666666666;6.0;21.0;-15.0;6.0
2089;7.07;6.0;16.0;-10.0;6.0
2099;7.273333333333333;6.0;18.0;-12.0;6.0
2109;6.93;6.0;16.0;-10.0;6.0
2119;7.156666666666666;6.0;21.0;-15.0;6.0
2129;7.23;6.0;17.0;-11.0;6.0
2139;7.293333333333333;6.0;18.0;-12.0;6.0
2149;7.026666666666666;6.0;18.0;-12.0;6.0
2159;7.17;6.0;20.0;-14.0;6.0
2169;7.14;6.0;18.0;-12.0;6.0
2179;6.97;6.0;18.0;-12.0;6.0
2189;7.116666666666666;6.0;16.0;-10.0;6.0
2199;7.136666666666667;6.0;14.0;-8.0;6.0
2209;7.05;6.0;16.0;-10.0;6.0
2219;7.036666666666667;6.0;20.0;-14.0;6.0
2229;7.113333333333333;6.0;18.0;-12.0;6.0
2239;7.546666666666667;6.0;22.0;-16.0;6.0
2249;7.15;6.0;18.0;-12.0;6.0
2259;6.916666666666667;6.0;18.0;-12.0;6.0
2269;7.01;6.0;17.0;-11.0;6.0
2279;7.04;6.0;18.0;-12.0;6.0
2289;7.19;6.0;24.0;-18.0;6.0
2299;7.413333333333333;6.0;19.0;-13.0;6.0
2309;7.29;6.0;18.0;-12.0;6.0
2319;6.9;6.0;18.0;-12.0;6.0
2329;7.1066666666666665;6.0;18.0;-12.0;6.0
2339;7.19;6.0;18.0;-12.0;6.0
2349;7.006666666666667;6.0;18.0;-12.0;6.0
2359;7.066666666666666;6.0;21.0;-15.0;6.0
2369;7.296666666666667;6.0;19.0;-13.0;6.0
2379;7.203333333333333;6.0;20.0;-14.0;6.0
2389;7.11;6.0;18.0;-12.0;6.0
2399;6.86;6.0;13.0;-7.0;6.0
2409;7.31;6.0;18.0;-12.0;6.0
2419;6.926666666666667;6.0;16.0;-10.0;6.0
2429;7.023333333333333;6.0;18.0;-12.0;6.0
2439;6.906666666666666;6.0;13.0;-7.0;6.0
2449;7.42;6.0;19.0;-13.0;6.0
2459;7.183333333333334;6.0;21.0;-15.0;6.0
2469;7.203333333333333;6.0;17.0;-11.0;6.0
2479;7.06;6.0;18.0;-12.0;6.0
2489;7.083333333333333;6.0;18.0;-12.0;6.0
2499;7.136666666666667;6.0;16.0;-10.0;6.0
2509;6.87;6.0;17.0;-11.0;6.0
2519;7.1066666666666665;6.0;18.0;-12.0;6.0
2529;6.99;6.0;21.0;-15.0;6.0
2539;7.246666666666667;6.0;18.0;-12.0;6.0
2549;6.963333333333333;6.0;24.0;-18.0;6.0
2559;7.24;6.0;18.0;-12.0;6.0
2569;6.903333333333333;6.0;18.0;-12.0;6.0
2579;7.1066666666666665;6.0;17.0;-11.0;6.0
2589;7.016666666666667;6.0;18.0;-12.0;6.0
2599;7.026666666666666;6.0;18.0;-12.0;6.0
2609;6.993333333333333;6.0;18.0;-12.0;6.0
2619;7.173333333333333;6.0;18.0;-12.0;6.0
2629;7.156666666666666;6.0;17.0;-11.0;6.0
2639;7.24;6.0;21.0;-15.0;6.0
2649;7.23;6.0;18.0;-12.0;6.0
2659;7.0633333333333335;6.0;18.0;-12.0;6.0
2669;7.14;6.0;18.0;-12.0;6.0
2679;7.226666666666667;6.0;18.0;-12.0;6.0
2689;7.173333333333333;6.0;28.0;-22.0;6.0
2699;6.933333333333334;6.0;18.0;-12.0;6.0
2709;6.806666666666667;6.0;18.0;-12.0;6.0
2719;7.076666666666667;6.0;18.0;-12.0;6.0
2729;6.953333333333333;6.0;16.0;-10.0;6.0
2739;6.946666666666666;6.0;13.0;-7.0;6.0
2749;7.156666666666666;6.0;20.0;-14.0;6.0
2759;7.036666666666667;6.0;18.0;-12.0;6.0
2769;6.943333333333333;6.0;23.0;-17.0;6.0
2779;7.273333333333333;6.0;24.0;-18.0;6.0
2789;6.8133333333333335;6.0;16.0;-10.0;6.0
2799;7.166666666666667;6.0;18.0;-12.0;6.0
2809;7.266666666666667;6.0;18.0;-12.0;6.0
2819;7.276666666666666;6.0;23.0;-17.0;6.0
2829;7.266666666666667;6.0;19.0;-13.0;6.0
2839;7.09;6.0;18.0;-12.0;6.0
2849;7.036666666666667;6.0;22.0;-16.0;6.0
2859;7.1066666666666665;6.0;18.0;-12.0;6.0
2869;6.873333333333333;6.0;15.0;-9.0;6.0
2879;6.8933333333333335;6.0;18.0;-12.0;6.0
2889;7.013333333333334;6.0;17.0;-11.0;6.0
2899;7.15;6.0;18.0;-12.0;6.0
2909;7.0;6.0;18.0;-12.0;6.0
2919;7.303333333333334;6.0;18.0;-12.0;6.0
2929;6.99;6.0;18.0;-12.0;6.0
2939;7.036666666666667;6.0;19.0;-13.0;6.0
2949;7.15;6.0;17.0;-11.0;6.0
2959;7.206666666666667;6.0;16.0;-10.0;6.0
2969;6.863333333333333;6.0;18.0;-12.0;6.0
2979;6.92;6.0;17.0;-11.0;6.0
2989;7.076666666666667;6.0;18.0;-12.0;6.0
2999;6.963333333333333;6.0;18.0;-12.0;6.0
3009;6.723333333333334;6.0;17.0;-11.0;6.0
3019;6.953333333333333;6.0;17.0;-11.0;6.0
3029;7.1;6.0;22.0;-16.0;6.0
3039;7.31;6.0;19.0;-13.0;6.0
3049;7.15;6.0;20.0;-14.0;6.0
3059;7.14;6.0;19.0;-13.0;6.0
3069;6.913333333333333;6.0;18.0;-12.0;6.0
3079;6.943333333333333;6.0;18.0;-12.0;6.0
3089;7.006666666666667;6.0;17.0;-11.0;6.0
3099;6.986666666666666;6.0;17.0;-11.0;6.0
3109;7.093333333333334;6.0;20.0;-14.0;6.0
3119;6.76;6.0;16.0;-10.0;6.0
3129;6.903333333333333;6.0;16.0;-10.0;6.0
3139;7.543333333333333;6.0;18.0;-12.0;6.0
3149;6.8533333333333335;6.0;15.0;-9.0;6.0
3159;7.2;6.0;18.0;-12.0;6.0
3169;7.04;6.0;16.0;-10.0;6.0
3179;7.156666666666666;6.0;18.0;-12.0;6.0
3189;7.223333333333334;6.0;21.0;-15.0;6.0
3199;7.09;6.0;18.0;-12.0;6.0
3209;7.17;6.0;17.0;-11.0;6.0
3219;6.98;6.0;18.0;-12.0;6.0
3229;7.08;6.0;18.0;-12.0;6.0
3239;6.873333333333333;6.0;16.0;-10.0;6.0
3249;7.026666666666666;6.0;18.0;-12.0;6.0
3259;7.113333333333333;6.0;18.0;-12.0;6.0
3269;7.136666666666667;6.0;18.0;-12.0;6.0
3279;6.966666666666667;6.0;18.0;-12.0;6.0
3289;7.073333333333333;6.0;18.0;-12.0;6.0
3299;6.996666666666667;6.0;17.0;-11.0;6.0
3309;7.203333333333333;6.0;17.0;-11.0;6.0
3319;7.073333333333333;6.0;18.0;-12.0;6.0
3329;7.086666666666667;6.0;18.0;-12.0;6.0
3339;7.03;6.0;17.0;-11.0;6.0
3349;6.92;6.0;18.0;-12.0;6.0
3359;7.183333333333334;6.0;18.0;-12.0;6.0
3369;7.066666666666666;6.0;18.0;-12.0;6.0
3379;7.13;6.0;20.0;-14.0;6.0
3389;6.85;6.0;18.0;-12.0;6.0
3399;7.36;6.0;18.0;-12.0;6.0
3409;7.303333333333334;6.0;20.0;-14.0;6.0
3419;7.136666666666667;6.0;18.0;-12.0;6.0
3429;7.176666666666667;6.0;18.0;-12.0;6.0
3439;6.696666666666666;6.0;12.0;-6.0;6.0
3449;7.193333333333333;6.0;18.0;-12.0;6.0
3459;7.07;6.0;17.0;-11.0;6.0
3469;7.233333333333333;6.0;18.0;-12.0;6.0
3479;7.1466666666666665;6.0;17.0;-11.0;6.0
3489;7.016666666666667;6.0;12.0;-6.0;6.0
3499;7.193333333333333;6.0;18.0;-12.0;6.0
3509;7.07;6.0;17.0;-11.0;6.0
3519;7.07;6.0;16.0;-10.0;6.0
3529;7.033333333333333;6.0;18.0;-12.0;6.0
3539;7.203333333333333;6.0;18.0;-12.0;6.0
3549;7.243333333333333;6.0;16.0;-10.0;6.0
3559;7.08;6.0;18.0;-12.0;6.0
3569;6.996666666666667;6.0;18.0;-12.0;6.0
3579;7.02;6.0;18.0;-12.0;6.0
3589;7.036666666666667;6.0;18.0;-12.0;6.0
3599;7.053333333333334;6.0;16.0;-10.0;6.0
3609;6.81;6.0;17.0;-11.0;6.0
3619;7.073333333333333;6.0;18.0;-12.0;6.0
3629;7.02;6.0;17.0;-11.0;6.0
3639;6.866666666666666;6.0;18.0;-12.0;6.0
3649;7.1066666666666665;6.0;18.0;-12.0;6.0
3659;7.173333333333333;6.0;18.0;-12.0;6.0
3669;6.943333333333333;6.0;19.0;-13.0;6.0
3679;7.216666666666667;6.0;17.0;-11.0;6.0
3689;6.93;6.0;16.0;-10.0;6.0
3699;6.92;6.0;16.0;-10.0;6.0
3709;6.77;6.0;18.0;-12.0;6.0
3719;7.29;6.0;18.0;-12.0;6.0
3729;7.263333333333334;6.0;18.0;-12.0;6.0
3739;7.24;6.0;15.0;-9.0;6.0
3749;7.126666666666667;6.0;14.0;-8.0;6.0
3759;7.1866666666666665;6.0;18.0;-12.0;6.0
3769;7.04;6.0;23.0;-17.0;6.0
3779;7.08;6.0;18.0;-12.0;6.0
3789;7.073333333333333;6.0;18.0;-12.0;6.0
3799;6.92;6.0;18.0;-12.0;6.0
3809;6.94;6.0;18.0;-12.0;6.0
3819;7.07;6.0;16.0;-10.0;6.0
3829;6.31;5.0;15.0;-10.0;5.0
3839;6.376666666666667;5.0;21.0;-16.0;5.0
3849;6.36;5.0;21.0;-16.0;5.0
3859;6.45;5.0;17.0;-12.0;5.0
3869;6.046666666666667;3.0;17.0;-14.0;3.0
3879;4.236666666666666;3.0;17.0;-14.0;3.0
3889;4.083333333333333;3.0;15.0;-12.0;3.0
3899;4.196666666666666;3.0;15.0;-12.0;3.0
3909;3.9433333333333334;3.0;13.0;-10.0;3.0
3919;4.076666666666667;3.0;13.0;-10.0;3.0
3929;4.3;3.0;14.0;-11.0;3.0
3939;4.043333333333333;3.0;15.0;-12.0;3.0
3949;4.126666666666667;3.0;15.0;-12.0;3.0
3959;4.193333333333333;3.0;15.0;-12.0;3.0
3969;4.276666666666666;3.0;15.0;-12.0;3.0
3979;4.43;3.0;20.0;-17.0;3.0
3989;3.9633333333333334;3.0;15.0;-12.0;3.0
3999;4.286666666666667;3.0;15.0;-12.0;3.0
4009;4.386666666666667;3.0;21.0;-18.0;3.0
4019;4.156666666666666;3.0;21.0;-18.0;3.0
4029;4.14;3.0;15.0;-12.0;3.0
4039;4.166666666666667;3.0;15.0;-12.0;3.0
4049;3.9433333333333334;3.0;15.0;-12.0;3.0
4059;4.22;2.0;15.0;-13.0;2.0
4069;3.3;2.0;18.0;-16.0;2.0
4079;3.16;2.0;14.0;-12.0;2.0
4089;3.07;2.0;14.0;-12.0;2.0
4099;3.0766666666666667;2.0;14.0;-12.0;2.0
4109;3.033333333333333;2.0;14.0;-12.0;2.0
4119;3.1533333333333333;2.0;13.0;-11.0;2.0
4129;3.4;2.0;12.0;-10.0;2.0
4139;3.1233333333333335;2.0;13.0;-11.0;2.0
4149;3.41;2.0;14.0;-12.0;2.0
4159;3.1133333333333333;2.0;13.0;-11.0;2.0
4169;3.1266666666666665;2.0;14.0;-12.0;2.0
4179;3.2866666666666666;2.0;18.0;-16.0;2.0
4189;3.243333333333333;2.0;16.0;-14.0;2.0
4199;3.0533333333333332;2.0;14.0;-12.0;2.0
4209;3.1366666666666667;2.0;14.0;-12.0;2.0
4219;3.1033333333333335;2.0;14.0;-12.0;2.0
4229;3.3966666666666665;2.0;14.0;-12.0;2.0
4239;3.03;2.0;15.0;-13.0;2.0
4249;3.216666666666667;2.0;14.0;-12.0;2.0
4259;3.0433333333333334;2.0;13.0;-11.0;2.0
4269;3.22;2.0;14.0;-12.0;2.0
4279;3.203333333333333;2.0;14.0;-12.0;2.0
4289;3.1933333333333334;2.0;23.0;-21.0;2.0
4299;3.3066666666666666;2.0;13.0;-11.0;2.0
4309;3.0866666666666664;2.0;14.0;-12.0;2.0
4319;3.0733333333333333;2.0;14.0;-12.0;2.0
4329;3.2933333333333334;2.0;14.0;-12.0;2.0
4339;3.3633333333333333;2.0;14.0;-12.0;2.0
4349;3.013333333333333;2.0;16.0;-14.0;2.0
4359;2.99;2.0;14.0;-12.0;2.0
4369;3.14;2.0;14.0;-12.0;2.0
4379;3.27;2.0;15.0;-13.0;2.0
4389;2.9833333333333334;2.0;14.0;-12.0;2.0
4399;3.1;2.0;12.0;-10.0;2.0
4409;2.82;2.0;18.0;-16.0;2.0
4419;3.3033333333333332;2.0;14.0;-12.0;2.0
4429;3.006666666666667;2.0;13.0;-11.0;2.0
4439;3.2866666666666666;2.0;13.0;-11.0;2.0
4449;3.21;2.0;13.0;-11.0;2.0
4459;2.8833333333333333;2.0;14.0;-12.0;2.0
4469;2.8466666666666667;2.0;8.0;-6.0;2.0
4479;3.216666666666667;2.0;14.0;-12.0;2.0
4489;3.29;2.0;15.0;-13.0;2.0
4499;3.2066666666666666;2.0;14.0;-12.0;2.0
4509;3.0866666666666664;2.0;14.0;-12.0;2.0
4519;3.296666666666667;2.0;14.0;-12.0;2.0
4529;3.1;2.0;13.0;-11.0;2.0
4539;3.0233333333333334;2.0;18.0;-16.0;2.0
4549;3.3;2.0;14.0;-12.0;2.0
4559;3.1433333333333335;2.0;14.0;-12.0;2.0
4569;3.1333333333333333;2.0;18.0;-16.0;2.0
4579;3.263333333333333;2.0;14.0;-12.0;2.0
4589;3.1333333333333333;2.0;14.0;-12.0;2.0
4599;3.1066666666666665;2.0;14.0;-12.0;2.0
4609;3.0866666666666664;2.0;14.0;-12.0;2.0
4619;3.296666666666667;2.0;14.0;-12.0;2.0
4629;3.2533333333333334;2.0;18.0;-16.0;2.0
4639;3.013333333333333;2.0;17.0;-15.0;2.0
4649;2.9966666666666666;2.0;12.0;-10.0;2.0
4659;2.9633333333333334;2.0;10.0;-8.0;2.0
4669;2.87;2.0;14.0;-12.0;2.0
4679;3.43;2.0;17.0;-15.0;2.0
4689;3.3866666666666667;2.0;14.0;-12.0;2.0
4699;2.88;2.0;12.0;-10.0;2.0
4709;3.3533333333333335;2.0;14.0;-12.0;2.0
4719;3.17;2.0;18.0;-16.0;2.0
4729;3.08;2.0;14.0;-12.0;2.0
4739;3.223333333333333;2.0;14.0;-12.0;2.0
4749;3.37;2.0;14.0;-12.0;2.0
4759;3.2933333333333334;2.0;19.0;-17.0;2.0
4769;3.27;2.0;14.0;-12.0;2.0
4779;3.3633333333333333;2.0;14.0;-12.0;2.0
4789;2.8833333333333333;2.0;14.0;-12.0;2.0
4799;2.82;2.0;14.0;-12.0;2.0
4809;2.986666666666667;2.0;14.0;-12.0;2.0
4819;3.216666666666667;2.0;14.0;-12.0;2.0
4829;3.35;2.0;14.0;-12.0;2.0
4839;3.1333333333333333;2.0;14.0;-12.0;2.0
4849;3.2866666666666666;2.0;14.0;-12.0;2.0
4859;3.0366666666666666;2.0;14.0;-12.0;2.0
4869;3.0733333333333333;2.0;13.0;-11.0;2.0
4879;3.1566666666666667;2.0;14.0;-12.0;2.0
4889;3.09;2.0;14.0;-12.0;2.0
4899;3.32;2.0;14.0;-12.0;2.0
4909;3.1966666666666668;2.0;13.0;-11.0;2.0
4919;3.3733333333333335;2.0;14.0;-12.0;2.0
4929;3.0733333333333333;2.0;20.0;-18.0;2.0
4939;3.39;2.0;14.0;-12.0;2.0
4949;3.1366666666666667;2.0;14.0;-12.0;2.0
4959;3.066666666666667;2.0;17.0;-15.0;2.0
4969;3.03;2.0;14.0;-12.0;2.0
4979;3.3966666666666665;2.0;13.0;-11.0;2.0
4989;3.17;2.0;12.0;-10.0;2.0
4999;3.27;2.0;14.0;-12.0;2.0
5009;3.1133333333333333;2.0;14.0;-12.0;2.0
5019;3.3066666666666666;2.0;15.0;-13.0;2.0
5029;3.033333333333333;2.0;14.0;-12.0;2.0
5039;3.16;2.0;14.0;-12.0;2.0
5049;3.11;2.0;12.0;-10.0;2.0
5059;3.2666666666666666;2.0;13.0;-11.0;2.0
5069;3.14;2.0;14.0;-12.0;2.0
5079;3.18;2.0;14.0;-12.0;2.0
5089;3.15;2.0;11.0;-9.0;2.0
5099;3.1733333333333333;2.0;15.0;-13.0;2.0
5109;3.066666666666667;2.0;21.0;-19.0;2.0
5119;3.183333333333333;2.0;14.0;-12.0;2.0
5129;3.3466666666666667;2.0;20.0;-18.0;2.0
5139;3.21;2.0;14.0;-12.0;2.0
5149;3.3866666666666667;2.0;18.0;-16.0;2.0
5159;3.1533333333333333;2.0;14.0;-12.0;2.0
5169;3.1533333333333333;2.0;13.0;-11.0;2.0
5179;3.07;2.0;14.0;-12.0;2.0
5189;3.19;2.0;14.0;-12.0;2.0
5199;3.3633333333333333;2.0;20.0;-18.0;2.0
5209;3.256666666666667;2.0;14.0;-12.0;2.0
5219;2.8533333333333335;2.0;16.0;-14.0;2.0
5229;3.1233333333333335;2.0;14.0;-12.0;2.0
5239;3.2533333333333334;2.0;16.0;-14.0;2.0
5249;3.1133333333333333;2.0;13.0;-11.0;2.0
5259;3.0533333333333332;2.0;14.0;-12.0;2.0
5269;3.02;2.0;12.0;-10.0;2.0
5279;2.96;2.0;13.0;-11.0;2.0
5289;3.2066666666666666;2.0;14.0;-12.0;2.0
5299;3.033333333333333;2.0;14.0;-12.0;2.0
5309;3.0033333333333334;2.0;14.0;-12.0;2.0
5319;3.17;2.0;14.0;-12.0;2.0
5329;3.2;2.0;11.0;-9.0;2.0
5339;3.1933333333333334;2.0;14.0;-12.0;2.0
5349;2.9766666666666666;2.0;20.0;-18.0;2.0
5359;3.046666666666667;2.0;14.0;-12.0;2.0
5369;3.12;2.0;14.0;-12.0;2.0
5379;2.9366666666666665;2.0;14.0;-12.0;2.0
5389;2.94;2.0;14.0;-12.0;2.0
5399;3.16;2.0;18.0;-16.0;2.0
5409;3.283333333333333;2.0;13.0;-11.0;2.0
5419;3.1466666666666665;2.0;9.0;-7.0;2.0
5429;2.933333333333333;2.0;14.0;-12.0;2.0
5439;3.2866666666666666;2.0;18.0;-16.0;2.0
5449;3.13;2.0;14.0;-12.0;2.0
5459;3.1433333333333335;2.0;14.0;-12.0;2.0
5469;3.2066666666666666;2.0;14.0;-12.0;2.0
5479;3.3466666666666667;2.0;18.0;-16.0;2.0
5489;3.1933333333333334;2.0;12.0;-10.0;2.0
5499;3.12;2.0;14.0;-12.0;2.0
5509;3.1566666666666667;2.0;19.0;-17.0;2.0
5519;3.1733333333333333;2.0;14.0;-12.0;2.0
5529;3.1;2.0;12.0;-10.0;2.0
5539;3.2733333333333334;2.0;16.0;-14.0;2.0
5549;3.0633333333333335;2.0;14.0;-12.0;2.0
5559;3.2266666666666666;2.0;17.0;-15.0;2.0
5569;2.9766666666666666;2.0;14.0;-12.0;2.0
5579;3.1233333333333335;2.0;14.0;-12.0;2.0
5589;3.0833333333333335;2.0;14.0;-12.0;2.0
5599;2.81;2.0;14.0;-12.0;2.0
5609;3.236666666666667;2.0;20.0;-18.0;2.0
5619;3.2666666666666666;2.0;14.0;-12.0;2.0
5629;3.0833333333333335;2.0;14.0;-12.0;2.0
5639;3.0933333333333333;2.0;14.0;-12.0;2.0
5649;3.1033333333333335;2.0;14.0;-12.0;2.0
5659;3.1933333333333334;2.0;14.0;-12.0;2.0
5669;3.3366666666666664;2.0;20.0;-18.0;2.0
5679;3.0633333333333335;0.0;14.0;-14.0;0.0
