geracao;media da geracao;fitness do melhor da geracao;fitness do pior da geracao;relacao entre melhor e pior;fitness do melhor da run
Probabilidade Recombinação: 0.7
Probabilidade Mutação: 0.05
Tipo de Selecção: Torneio
Tipo de Mutação: Troca de Genes
Tamanho População: 300
Máximo de Gerações: 15000
0;84.60333333333334;69.0;101.0;-32.0;69.0
0;75.58333333333333;66.0;86.0;-20.0;66.0
9;50.83;47.0;58.0;-11.0;47.0
19;39.04;37.0;48.0;-11.0;37.0
29;33.00333333333333;31.0;41.0;-10.0;31.0
39;26.7;25.0;37.0;-12.0;25.0
49;23.803333333333335;23.0;34.0;-11.0;23.0
59;21.87;21.0;30.0;-9.0;21.0
69;20.92;20.0;32.0;-12.0;20.0
79;19.87;19.0;30.0;-11.0;19.0
89;17.69;17.0;29.0;-12.0;17.0
99;16.006666666666668;15.0;28.0;-13.0;15.0
109;15.853333333333333;15.0;24.0;-9.0;15.0
119;14.983333333333333;13.0;25.0;-12.0;13.0
129;13.773333333333333;13.0;23.0;-10.0;13.0
139;12.816666666666666;12.0;19.0;-7.0;12.0
149;13.03;12.0;25.0;-13.0;12.0
159;12.913333333333334;12.0;23.0;-11.0;12.0
169;12.916666666666666;12.0;23.0;-11.0;12.0
179;10.976666666666667;10.0;22.0;-12.0;10.0
189;10.88;10.0;21.0;-11.0;10.0
199;11.076666666666666;10.0;27.0;-17.0;10.0
209;11.026666666666667;10.0;22.0;-12.0;10.0
219;10.89;10.0;20.0;-10.0;10.0
229;9.086666666666666;8.0;19.0;-11.0;8.0
239;9.143333333333333;8.0;18.0;-10.0;8.0
249;9.053333333333333;8.0;19.0;-11.0;8.0
259;9.24;8.0;20.0;-12.0;8.0
269;9.253333333333334;8.0;26.0;-18.0;8.0
279;8.87;8.0;20.0;-12.0;8.0
289;8.946666666666667;8.0;19.0;-11.0;8.0
299;9.003333333333334;8.0;19.0;-11.0;8.0
309;9.04;8.0;20.0;-12.0;8.0
319;8.99;8.0;17.0;-9.0;8.0
329;9.126666666666667;8.0;20.0;-12.0;8.0
339;9.156666666666666;8.0;20.0;-12.0;8.0
349;8.973333333333333;8.0;20.0;-12.0;8.0
359;8.953333333333333;8.0;19.0;-11.0;8.0
369;9.003333333333334;8.0;21.0;-13.0;8.0
379;9.06;8.0;18.0;-10.0;8.0
389;9.12;8.0;20.0;-12.0;8.0
399;9.07;8.0;19.0;-11.0;8.0
409;8.88;8.0;20.0;-12.0;8.0
419;8.796666666666667;8.0;19.0;-11.0;8.0
429;9.136666666666667;8.0;19.0;-11.0;8.0
439;8.99;8.0;18.0;-10.0;8.0
449;9.356666666666667;8.0;20.0;-12.0;8.0
459;9.13;8.0;20.0;-12.0;8.0
469;8.853333333333333;8.0;18.0;-10.0;8.0
479;9.123333333333333;8.0;20.0;-12.0;8.0
489;9.106666666666667;8.0;19.0;-11.0;8.0
499;8.96;8.0;20.0;-12.0;8.0
509;9.096666666666666;8.0;20.0;-12.0;8.0
519;9.136666666666667;8.0;20.0;-12.0;8.0
529;9.013333333333334;8.0;23.0;-15.0;8.0
539;8.82;8.0;20.0;-12.0;8.0
549;8.9;8.0;19.0;-11.0;8.0
559;9.163333333333334;8.0;20.0;-12.0;8.0
569;9.19;8.0;25.0;-17.0;8.0
579;8.96;8.0;20.0;-12.0;8.0
589;9.243333333333334;8.0;18.0;-10.0;8.0
599;9.206666666666667;8.0;20.0;-12.0;8.0
609;9.213333333333333;8.0;26.0;-18.0;8.0
619;9.096666666666666;8.0;25.0;-17.0;8.0
629;9.213333333333333;8.0;24.0;-16.0;8.0
639;8.97;8.0;19.0;-11.0;8.0
649;9.093333333333334;8.0;20.0;-12.0;8.0
659;8.886666666666667;8.0;20.0;-12.0;8.0
669;9.216666666666667;8.0;19.0;-11.0;8.0
679;8.806666666666667;8.0;22.0;-14.0;8.0
689;9.266666666666667;8.0;22.0;-14.0;8.0
699;9.056666666666667;8.0;20.0;-12.0;8.0
709;9.143333333333333;8.0;22.0;-14.0;8.0
719;8.753333333333334;8.0;17.0;-9.0;8.0
729;9.033333333333333;8.0;20.0;-12.0;8.0
739;9.186666666666667;8.0;20.0;-12.0;8.0
749;9.123333333333333;8.0;18.0;-10.0;8.0
759;8.986666666666666;8.0;20.0;-12.0;8.0
769;8.956666666666667;8.0;17.0;-9.0;8.0
779;8.97;8.0;20.0;-12.0;8.0
789;9.283333333333333;8.0;20.0;-12.0;8.0
799;8.996666666666666;8.0;20.0;-12.0;8.0
809;8.996666666666666;8.0;18.0;-10.0;8.0
819;8.883333333333333;8.0;19.0;-11.0;8.0
829;8.82;8.0;20.0;-12.0;8.0
839;9.06;8.0;20.0;-12.0;8.0
849;9.313333333333333;8.0;20.0;-12.0;8.0
859;8.93;8.0;19.0;-11.0;8.0
869;9.133333333333333;8.0;25.0;-17.0;8.0
879;9.12;8.0;20.0;-12.0;8.0
889;8.966666666666667;8.0;20.0;-12.0;8.0
899;9.13;8.0;19.0;-11.0;8.0
909;9.153333333333334;8.0;20.0;-12.0;8.0
919;9.183333333333334;8.0;19.0;-11.0;8.0
929;8.956666666666667;8.0;20.0;-12.0;8.0
939;9.246666666666666;8.0;20.0;-12.0;8.0
949;9.083333333333334;8.0;18.0;-10.0;8.0
959;8.996666666666666;8.0;20.0;-12.0;8.0
969;8.86;8.0;19.0;-11.0;8.0
979;9.03;8.0;24.0;-16.0;8.0
989;8.956666666666667;8.0;20.0;-12.0;8.0
999;8.933333333333334;8.0;18.0;-10.0;8.0
1009;9.046666666666667;8.0;20.0;-12.0;8.0
1019;8.806666666666667;8.0;15.0;-7.0;8.0
1029;8.97;8.0;20.0;-12.0;8.0
1039;9.106666666666667;8.0;20.0;-12.0;8.0
1049;8.833333333333334;8.0;19.0;-11.0;8.0
1059;9.21;8.0;20.0;-12.0;8.0
1069;9.296666666666667;8.0;18.0;-10.0;8.0
1079;8.896666666666667;8.0;19.0;-11.0;8.0
1089;8.85;8.0;16.0;-8.0;8.0
1099;9.03;8.0;18.0;-10.0;8.0
1109;8.973333333333333;8.0;19.0;-11.0;8.0
1119;9.013333333333334;8.0;20.0;-12.0;8.0
1129;9.186666666666667;8.0;20.0;-12.0;8.0
1139;9.0;8.0;20.0;-12.0;8.0
1149;8.89;8.0;20.0;-12.0;8.0
1159;8.986666666666666;8.0;19.0;-11.0;8.0
1169;8.96;8.0;20.0;-12.0;8.0
1179;9.033333333333333;8.0;17.0;-9.0;8.0
1189;8.99;8.0;22.0;-14.0;8.0
1199;9.06;8.0;18.0;-10.0;8.0
1209;9.13;8.0;19.0;-11.0;8.0
1219;8.983333333333333;8.0;20.0;-12.0;8.0
1229;9.193333333333333;8.0;23.0;-15.0;8.0
1239;8.956666666666667;8.0;20.0;-12.0;8.0
1249;8.896666666666667;8.0;20.0;-12.0;8.0
1259;9.223333333333333;8.0;25.0;-17.0;8.0
1269;9.176666666666666;8.0;19.0;-11.0;8.0
1279;8.976666666666667;8.0;19.0;-11.0;8.0
1289;9.073333333333334;8.0;20.0;-12.0;8.0
1299;8.78;8.0;23.0;-15.0;8.0
1309;8.923333333333334;8.0;20.0;-12.0;8.0
1319;8.986666666666666;8.0;19.0;-11.0;8.0
1329;9.02;8.0;20.0;-12.0;8.0
1339;9.096666666666666;8.0;20.0;-12.0;8.0
1349;8.913333333333334;8.0;18.0;-10.0;8.0
1359;9.12;8.0;19.0;-11.0;8.0
1369;8.97;8.0;18.0;-10.0;8.0
1379;9.07;8.0;19.0;-11.0;8.0
1389;9.21;8.0;20.0;-12.0;8.0
1399;8.82;8.0;20.0;-12.0;8.0
1409;9.16;8.0;20.0;-12.0;8.0
1419;9.316666666666666;8.0;20.0;-12.0;8.0
1429;9.123333333333333;8.0;20.0;-12.0;8.0
1439;8.97;8.0;20.0;-12.0;8.0
1449;9.09;8.0;23.0;-15.0;8.0
1459;9.033333333333333;8.0;19.0;-11.0;8.0
1469;8.79;8.0;20.0;-12.0;8.0
1479;9.153333333333334;8.0;19.0;-11.0;8.0
1489;9.236666666666666;8.0;22.0;-14.0;8.0
1499;8.926666666666666;8.0;17.0;-9.0;8.0
1509;9.106666666666667;8.0;19.0;-11.0;8.0
1519;8.916666666666666;8.0;20.0;-12.0;8.0
1529;9.14;8.0;19.0;-11.0;8.0
1539;8.993333333333334;8.0;20.0;-12.0;8.0
1549;9.276666666666667;8.0;20.0;-12.0;8.0
1559;9.333333333333334;8.0;19.0;-11.0;8.0
1569;8.946666666666667;8.0;20.0;-12.0;8.0
1579;8.903333333333334;8.0;15.0;-7.0;8.0
1589;9.21;8.0;19.0;-11.0;8.0
1599;8.976666666666667;8.0;20.0;-12.0;8.0
1609;9.23;8.0;19.0;-11.0;8.0
1619;9.143333333333333;8.0;20.0;-12.0;8.0
1629;9.143333333333333;8.0;20.0;-12.0;8.0
1639;8.95;8.0;22.0;-14.0;8.0
1649;9.053333333333333;8.0;19.0;-11.0;8.0
1659;9.016666666666667;8.0;19.0;-11.0;8.0
1669;9.156666666666666;8.0;18.0;-10.0;8.0
1679;9.12;8.0;20.0;-12.0;8.0
1689;9.25;8.0;19.0;-11.0;8.0
1699;8.903333333333334;8.0;18.0;-10.0;8.0
1709;9.203333333333333;8.0;22.0;-14.0;8.0
1719;8.976666666666667;8.0;24.0;-16.0;8.0
1729;9.02;8.0;22.0;-14.0;8.0
1739;8.816666666666666;8.0;20.0;-12.0;8.0
1749;8.95;8.0;19.0;-11.0;8.0
1759;9.163333333333334;8.0;18.0;-10.0;8.0
1769;9.163333333333334;8.0;24.0;-16.0;8.0
1779;9.173333333333334;8.0;21.0;-13.0;8.0
1789;9.116666666666667;8.0;20.0;-12.0;8.0
1799;9.0;8.0;20.0;-12.0;8.0
1809;9.086666666666666;8.0;18.0;-10.0;8.0
1819;9.033333333333333;8.0;19.0;-11.0;8.0
1829;8.92;8.0;18.0;-10.0;8.0
1839;9.196666666666667;8.0;18.0;-10.0;8.0
1849;9.226666666666667;8.0;19.0;-11.0;8.0
1859;9.093333333333334;8.0;18.0;-10.0;8.0
1869;9.013333333333334;8.0;19.0;-11.0;8.0
1879;9.153333333333334;8.0;24.0;-16.0;8.0
1889;8.996666666666666;8.0;20.0;-12.0;8.0
1899;9.143333333333333;8.0;19.0;-11.0;8.0
1909;8.913333333333334;8.0;19.0;-11.0;8.0
1919;9.1;8.0;20.0;-12.0;8.0
1929;9.183333333333334;8.0;18.0;-10.0;8.0
1939;9.206666666666667;8.0;19.0;-11.0;8.0
1949;9.15;8.0;22.0;-14.0;8.0
1959;9.05;8.0;20.0;-12.0;8.0
1969;9.12;8.0;20.0;-12.0;8.0
1979;8.87;8.0;25.0;-17.0;8.0
1989;9.233333333333333;8.0;19.0;-11.0;8.0
1999;9.2;8.0;22.0;-14.0;8.0
2009;8.663333333333334;8.0;19.0;-11.0;8.0
2019;9.12;8.0;18.0;-10.0;8.0
2029;8.853333333333333;8.0;19.0;-11.0;8.0
2039;9.263333333333334;8.0;17.0;-9.0;8.0
2049;9.176666666666666;8.0;20.0;-12.0;8.0
2059;8.926666666666666;8.0;20.0;-12.0;8.0
2069;9.046666666666667;8.0;18.0;-10.0;8.0
2079;9.2;8.0;20.0;-12.0;8.0
2089;9.063333333333333;8.0;20.0;-12.0;8.0
2099;9.07;8.0;20.0;-12.0;8.0
2109;9.056666666666667;8.0;18.0;-10.0;8.0
2119;8.95;8.0;21.0;-13.0;8.0
2129;9.07;8.0;20.0;-12.0;8.0
2139;8.956666666666667;8.0;20.0;-12.0;8.0
2149;8.996666666666666;8.0;22.0;-14.0;8.0
2159;8.76;8.0;18.0;-10.0;8.0
2169;9.106666666666667;8.0;20.0;-12.0;8.0
2179;8.983333333333333;8.0;23.0;-15.0;8.0
2189;9.023333333333333;8.0;22.0;-14.0;8.0
2199;9.09;8.0;24.0;-16.0;8.0
2209;8.993333333333334;8.0;20.0;-12.0;8.0
2219;9.016666666666667;8.0;20.0;-12.0;8.0
2229;9.49;8.0;25.0;-17.0;8.0
2239;8.97;8.0;20.0;-12.0;8.0
2249;9.036666666666667;8.0;20.0;-12.0;8.0
2259;9.096666666666666;8.0;20.0;-12.0;8.0
2269;8.91;8.0;24.0;-16.0;8.0
2279;9.07;8.0;20.0;-12.0;8.0
2289;9.143333333333333;8.0;19.0;-11.0;8.0
2299;9.026666666666667;8.0;20.0;-12.0;8.0
2309;9.146666666666667;8.0;19.0;-11.0;8.0
2319;9.136666666666667;8.0;19.0;-11.0;8.0
2329;9.03;8.0;19.0;-11.0;8.0
2339;9.09;8.0;23.0;-15.0;8.0
2349;9.05;8.0;19.0;-11.0;8.0
2359;9.346666666666666;8.0;20.0;-12.0;8.0
2369;9.053333333333333;8.0;24.0;-16.0;8.0
2379;8.986666666666666;8.0;20.0;-12.0;8.0
2389;9.153333333333334;8.0;18.0;-10.0;8.0
2399;9.116666666666667;8.0;21.0;-13.0;8.0
2409;8.983333333333333;8.0;19.0;-11.0;8.0
2419;8.92;8.0;18.0;-10.0;8.0
2429;9.13;8.0;17.0;-9.0;8.0
2439;9.013333333333334;8.0;20.0;-12.0;8.0
2449;9.23;8.0;19.0;-11.0;8.0
2459;9.16;8.0;19.0;-11.0;8.0
2469;9.03;8.0;19.0;-11.0;8.0
2479;8.993333333333334;8.0;20.0;-12.0;8.0
2489;9.043333333333333;8.0;19.0;-11.0;8.0
2499;8.97;8.0;19.0;-11.0;8.0
2509;9.213333333333333;8.0;20.0;-12.0;8.0
2519;9.14;8.0;20.0;-12.0;8.0
2529;8.953333333333333;8.0;20.0;-12.0;8.0
2539;9.116666666666667;8.0;19.0;-11.0;8.0
2549;8.886666666666667;8.0;18.0;-10.0;8.0
2559;9.123333333333333;8.0;25.0;-17.0;8.0
2569;9.186666666666667;8.0;20.0;-12.0;8.0
2579;8.87;8.0;19.0;-11.0;8.0
2589;9.033333333333333;8.0;19.0;-11.0;8.0
2599;8.983333333333333;8.0;20.0;-12.0;8.0
2609;8.923333333333334;8.0;17.0;-9.0;8.0
2619;8.966666666666667;8.0;20.0;-12.0;8.0
2629;8.873333333333333;8.0;18.0;-10.0;8.0
2639;8.94;8.0;20.0;-12.0;8.0
2649;9.173333333333334;8.0;20.0;-12.0;8.0
2659;9.066666666666666;8.0;24.0;-16.0;8.0
2669;8.996666666666666;8.0;19.0;-11.0;8.0
2679;9.086666666666666;8.0;18.0;-10.0;8.0
2689;9.136666666666667;8.0;16.0;-8.0;8.0
2699;8.936666666666667;8.0;20.0;-12.0;8.0
2709;9.093333333333334;8.0;20.0;-12.0;8.0
2719;8.926666666666666;8.0;14.0;-6.0;8.0
2729;9.056666666666667;8.0;19.0;-11.0;8.0
2739;9.103333333333333;8.0;19.0;-11.0;8.0
2749;9.183333333333334;8.0;18.0;-10.0;8.0
2759;9.146666666666667;8.0;26.0;-18.0;8.0
2769;9.11;8.0;20.0;-12.0;8.0
2779;8.93;8.0;17.0;-9.0;8.0
2789;8.893333333333333;8.0;20.0;-12.0;8.0
2799;9.06;8.0;19.0;-11.0;8.0
2809;8.903333333333334;8.0;20.0;-12.0;8.0
2819;9.253333333333334;8.0;22.0;-14.0;8.0
2829;9.083333333333334;8.0;20.0;-12.0;8.0
2839;9.056666666666667;8.0;20.0;-12.0;8.0
2849;9.09;8.0;21.0;-13.0;8.0
2859;9.086666666666666;8.0;23.0;-15.0;8.0
2869;8.76;8.0;21.0;-13.0;8.0
2879;9.126666666666667;8.0;20.0;-12.0;8.0
2889;9.08;8.0;20.0;-12.0;8.0
2899;8.786666666666667;8.0;18.0;-10.0;8.0
2909;9.203333333333333;8.0;19.0;-11.0;8.0
2919;9.236666666666666;8.0;23.0;-15.0;8.0
2929;9.14;8.0;21.0;-13.0;8.0
2939;9.113333333333333;8.0;22.0;-14.0;8.0
2949;8.97;8.0;19.0;-11.0;8.0
2959;8.98;8.0;20.0;-12.0;8.0
2969;8.993333333333334;8.0;18.0;-10.0;8.0
2979;8.953333333333333;8.0;18.0;-10.0;8.0
2989;9.04;8.0;18.0;-10.0;8.0
2999;9.216666666666667;8.0;19.0;-11.0;8.0
3009;8.91;8.0;20.0;-12.0;8.0
3019;8.846666666666666;8.0;15.0;-7.0;8.0
3029;8.956666666666667;8.0;25.0;-17.0;8.0
3039;9.036666666666667;8.0;19.0;-11.0;8.0
3049;9.153333333333334;8.0;19.0;-11.0;8.0
3059;9.183333333333334;8.0;19.0;-11.0;8.0
3069;9.193333333333333;8.0;18.0;-10.0;8.0
3079;9.066666666666666;8.0;22.0;-14.0;8.0
3089;9.183333333333334;8.0;21.0;-13.0;8.0
3099;9.036666666666667;8.0;20.0;-12.0;8.0
3109;9.146666666666667;8.0;20.0;-12.0;8.0
3119;9.063333333333333;8.0;20.0;-12.0;8.0
3129;9.093333333333334;8.0;19.0;-11.0;8.0
3139;9.03;8.0;21.0;-13.0;8.0
3149;8.97;8.0;19.0;-11.0;8.0
3159;9.02;8.0;19.0;-11.0;8.0
3169;9.14;8.0;20.0;-12.0;8.0
3179;8.823333333333334;8.0;18.0;-10.0;8.0
3189;9.216666666666667;8.0;22.0;-14.0;8.0
3199;8.826666666666666;8.0;18.0;-10.0;8.0
3209;9.076666666666666;8.0;20.0;-12.0;8.0
3219;9.22;8.0;21.0;-13.0;8.0
3229;8.036666666666667;7.0;16.0;-9.0;7.0
3239;8.23;7.0;19.0;-12.0;7.0
3249;8.113333333333333;7.0;19.0;-12.0;7.0
3259;8.203333333333333;7.0;19.0;-12.0;7.0
3269;8.223333333333333;7.0;19.0;-12.0;7.0
3279;8.273333333333333;7.0;19.0;-12.0;7.0
3289;8.123333333333333;7.0;19.0;-12.0;7.0
3299;8.103333333333333;7.0;19.0;-12.0;7.0
3309;8.066666666666666;7.0;21.0;-14.0;7.0
3319;8.306666666666667;7.0;23.0;-16.0;7.0
3329;7.876666666666667;7.0;19.0;-12.0;7.0
3339;8.18;7.0;19.0;-12.0;7.0
3349;8.16;7.0;18.0;-11.0;7.0
3359;8.1;7.0;19.0;-12.0;7.0
3369;7.253333333333333;6.0;15.0;-9.0;6.0
3379;7.2;6.0;18.0;-12.0;6.0
3389;7.05;6.0;17.0;-11.0;6.0
3399;7.24;6.0;16.0;-10.0;6.0
3409;7.066666666666666;6.0;18.0;-12.0;6.0
3419;7.016666666666667;6.0;18.0;-12.0;6.0
3429;7.0633333333333335;6.0;18.0;-12.0;6.0
3439;7.0633333333333335;6.0;18.0;-12.0;6.0
3449;7.026666666666666;6.0;18.0;-12.0;6.0
3459;7.176666666666667;6.0;18.0;-12.0;6.0
3469;6.883333333333334;6.0;16.0;-10.0;6.0
3479;7.19;6.0;18.0;-12.0;6.0
3489;7.073333333333333;6.0;15.0;-9.0;6.0
3499;7.036666666666667;6.0;17.0;-11.0;6.0
3509;7.36;6.0;18.0;-12.0;6.0
3519;7.08;6.0;23.0;-17.0;6.0
3529;7.29;6.0;24.0;-18.0;6.0
3539;7.033333333333333;6.0;16.0;-10.0;6.0
3549;7.06;6.0;17.0;-11.0;6.0
3559;7.17;6.0;18.0;-12.0;6.0
3569;7.136666666666667;6.0;17.0;-11.0;6.0
3579;7.216666666666667;6.0;18.0;-12.0;6.0
3589;7.123333333333333;6.0;18.0;-12.0;6.0
3599;7.25;6.0;21.0;-15.0;6.0
3609;7.136666666666667;6.0;18.0;-12.0;6.0
3619;6.953333333333333;6.0;17.0;-11.0;6.0
3629;7.096666666666667;6.0;18.0;-12.0;6.0
3639;7.066666666666666;6.0;18.0;-12.0;6.0
3649;7.1033333333333335;6.0;18.0;-12.0;6.0
3659;7.01;6.0;18.0;-12.0;6.0
3669;7.093333333333334;6.0;18.0;-12.0;6.0
3679;7.1466666666666665;6.0;18.0;-12.0;6.0
3689;7.176666666666667;6.0;16.0;-10.0;6.0
3699;7.066666666666666;6.0;18.0;-12.0;6.0
3709;7.176666666666667;6.0;17.0;-11.0;6.0
3719;7.1033333333333335;6.0;17.0;-11.0;6.0
3729;7.1866666666666665;6.0;23.0;-17.0;6.0
3739;6.933333333333334;6.0;18.0;-12.0;6.0
3749;7.13;6.0;18.0;-12.0;6.0
3759;7.173333333333333;6.0;18.0;-12.0;6.0
3769;7.233333333333333;6.0;18.0;-12.0;6.0
3779;7.13;6.0;18.0;-12.0;6.0
3789;7.226666666666667;6.0;18.0;-12.0;6.0
3799;6.983333333333333;6.0;18.0;-12.0;6.0
3809;6.99;6.0;14.0;-8.0;6.0
3819;7.286666666666667;6.0;17.0;-11.0;6.0
3829;7.276666666666666;6.0;20.0;-14.0;6.0
3839;7.013333333333334;6.0;17.0;-11.0;6.0
3849;6.99;6.0;15.0;-9.0;6.0
3859;7.016666666666667;6.0;18.0;-12.0;6.0
3869;7.033333333333333;6.0;18.0;-12.0;6.0
3879;7.33;6.0;18.0;-12.0;6.0
3889;7.1066666666666665;6.0;18.0;-12.0;6.0
3899;7.33;6.0;18.0;-12.0;6.0
3909;7.13;6.0;22.0;-16.0;6.0
3919;7.013333333333334;6.0;17.0;-11.0;6.0
3929;7.036666666666667;6.0;18.0;-12.0;6.0
3939;6.86;6.0;18.0;-12.0;6.0
3949;7.213333333333333;6.0;18.0;-12.0;6.0
3959;7.096666666666667;6.0;19.0;-13.0;6.0
3969;6.8533333333333335;6.0;16.0;-10.0;6.0
3979;7.096666666666667;6.0;16.0;-10.0;6.0
3989;7.05;6.0;18.0;-12.0;6.0
3999;7.076666666666667;6.0;17.0;-11.0;6.0
4009;7.266666666666667;6.0;17.0;-11.0;6.0
4019;7.24;6.0;18.0;-12.0;6.0
4029;7.3966666666666665;6.0;18.0;-12.0;6.0
4039;6.89;6.0;17.0;-11.0;6.0
4049;6.946666666666666;6.0;17.0;-11.0;6.0
4059;6.133333333333334;5.0;17.0;-12.0;5.0
4069;6.066666666666666;5.0;11.0;-6.0;5.0
4079;6.336666666666667;5.0;17.0;-12.0;5.0
4089;5.8933333333333335;5.0;17.0;-12.0;5.0
4099;5.913333333333333;5.0;21.0;-16.0;5.0
4109;6.1866666666666665;5.0;17.0;-12.0;5.0
4119;6.153333333333333;5.0;17.0;-12.0;5.0
4129;6.166666666666667;5.0;17.0;-12.0;5.0
4139;5.89;5.0;17.0;-12.0;5.0
4149;5.94;5.0;16.0;-11.0;5.0
4159;6.0633333333333335;5.0;17.0;-12.0;5.0
4169;6.1;5.0;17.0;-12.0;5.0
4179;6.083333333333333;5.0;16.0;-11.0;5.0
4189;5.99;5.0;16.0;-11.0;5.0
4199;6.26;5.0;17.0;-12.0;5.0
4209;5.983333333333333;5.0;17.0;-12.0;5.0
4219;6.21;5.0;22.0;-17.0;5.0
4229;6.093333333333334;5.0;15.0;-10.0;5.0
4239;6.08;5.0;16.0;-11.0;5.0
4249;6.376666666666667;5.0;17.0;-12.0;5.0
4259;6.086666666666667;5.0;20.0;-15.0;5.0
4269;6.11;5.0;17.0;-12.0;5.0
4279;6.19;5.0;20.0;-15.0;5.0
4289;6.023333333333333;5.0;17.0;-12.0;5.0
4299;5.966666666666667;5.0;17.0;-12.0;5.0
4309;6.243333333333333;5.0;18.0;-13.0;5.0
4319;6.096666666666667;5.0;16.0;-11.0;5.0
4329;5.926666666666667;5.0;17.0;-12.0;5.0
4339;6.093333333333334;5.0;16.0;-11.0;5.0
4349;6.11;5.0;18.0;-13.0;5.0
4359;6.013333333333334;5.0;14.0;-9.0;5.0
4369;6.046666666666667;5.0;17.0;-12.0;5.0
4379;5.973333333333334;5.0;16.0;-11.0;5.0
4389;5.89;5.0;17.0;-12.0;5.0
4399;6.13;5.0;17.0;-12.0;5.0
4409;6.166666666666667;5.0;15.0;-10.0;5.0
4419;5.976666666666667;5.0;17.0;-12.0;5.0
4429;6.043333333333333;5.0;15.0;-10.0;5.0
4439;6.35;5.0;16.0;-11.0;5.0
4449;6.24;5.0;16.0;-11.0;5.0
4459;6.053333333333334;5.0;21.0;-16.0;5.0
4469;5.92;5.0;17.0;-12.0;5.0
4479;6.07;5.0;17.0;-12.0;5.0
4489;5.87;5.0;14.0;-9.0;5.0
4499;6.333333333333333;5.0;17.0;-12.0;5.0
4509;5.926666666666667;5.0;17.0;-12.0;5.0
4519;6.046666666666667;5.0;17.0;-12.0;5.0
4529;6.01;5.0;16.0;-11.0;5.0
4539;6.373333333333333;5.0;17.0;-12.0;5.0
4549;6.173333333333333;5.0;19.0;-14.0;5.0
4559;6.056666666666667;5.0;17.0;-12.0;5.0
4569;6.166666666666667;5.0;22.0;-17.0;5.0
4579;5.96;5.0;16.0;-11.0;5.0
4589;6.266666666666667;5.0;17.0;-12.0;5.0
4599;6.01;5.0;18.0;-13.0;5.0
4609;6.036666666666667;5.0;17.0;-12.0;5.0
4619;5.94;5.0;17.0;-12.0;5.0
4629;6.24;5.0;17.0;-12.0;5.0
4639;6.21;5.0;20.0;-15.0;5.0
4649;6.0633333333333335;5.0;17.0;-12.0;5.0
4659;5.966666666666667;5.0;17.0;-12.0;5.0
4669;5.03;4.0;16.0;-12.0;4.0
4679;5.286666666666667;4.0;16.0;-12.0;4.0
4689;5.243333333333333;4.0;16.0;-12.0;4.0
4699;4.963333333333333;4.0;15.0;-11.0;4.0
4709;5.073333333333333;4.0;16.0;-12.0;4.0
4719;5.043333333333333;4.0;16.0;-12.0;4.0
4729;5.05;4.0;15.0;-11.0;4.0
4739;5.02;4.0;15.0;-11.0;4.0
4749;5.113333333333333;4.0;21.0;-17.0;4.0
4759;5.1066666666666665;4.0;19.0;-15.0;4.0
4769;5.233333333333333;4.0;19.0;-15.0;4.0
4779;5.26;4.0;16.0;-12.0;4.0
4789;5.0633333333333335;4.0;15.0;-11.0;4.0
4799;5.16;4.0;16.0;-12.0;4.0
4809;5.113333333333333;4.0;16.0;-12.0;4.0
4819;5.1;4.0;14.0;-10.0;4.0
4829;5.03;4.0;15.0;-11.0;4.0
4839;4.82;4.0;15.0;-11.0;4.0
4849;5.016666666666667;4.0;15.0;-11.0;4.0
4859;5.016666666666667;4.0;14.0;-10.0;4.0
4869;4.993333333333333;4.0;16.0;-12.0;4.0
4879;4.78;4.0;16.0;-12.0;4.0
4889;5.056666666666667;4.0;15.0;-11.0;4.0
4899;5.036666666666667;4.0;16.0;-12.0;4.0
4909;5.16;4.0;16.0;-12.0;4.0
4919;5.006666666666667;4.0;15.0;-11.0;4.0
4929;4.8566666666666665;4.0;15.0;-11.0;4.0
4939;5.3533333333333335;4.0;15.0;-11.0;4.0
4949;4.93;4.0;16.0;-12.0;4.0
4959;4.8933333333333335;4.0;15.0;-11.0;4.0
4969;5.133333333333334;4.0;16.0;-12.0;4.0
4979;4.97;4.0;13.0;-9.0;4.0
4989;4.96;4.0;15.0;-11.0;4.0
4999;5.226666666666667;4.0;16.0;-12.0;4.0
5009;4.92;4.0;16.0;-12.0;4.0
5019;4.8966666666666665;4.0;14.0;-10.0;4.0
5029;4.836666666666667;4.0;11.0;-7.0;4.0
5039;5.243333333333333;4.0;17.0;-13.0;4.0
5049;5.08;4.0;20.0;-16.0;4.0
5059;4.926666666666667;4.0;16.0;-12.0;4.0
5069;4.993333333333333;4.0;16.0;-12.0;4.0
5079;5.07;4.0;15.0;-11.0;4.0
5089;5.123333333333333;4.0;15.0;-11.0;4.0
5099;5.176666666666667;4.0;16.0;-12.0;4.0
5109;5.07;4.0;13.0;-9.0;4.0
5119;5.066666666666666;4.0;18.0;-14.0;4.0
5129;4.94;4.0;15.0;-11.0;4.0
5139;5.383333333333334;4.0;15.0;-11.0;4.0
5149;5.066666666666666;4.0;16.0;-12.0;4.0
5159;5.223333333333334;4.0;16.0;-12.0;4.0
5169;5.01;4.0;16.0;-12.0;4.0
5179;4.93;4.0;16.0;-12.0;4.0
5189;5.033333333333333;4.0;16.0;-12.0;4.0
5199;5.083333333333333;4.0;16.0;-12.0;4.0
5209;5.256666666666667;4.0;16.0;-12.0;4.0
5219;4.98;4.0;16.0;-12.0;4.0
5229;5.1433333333333335;4.0;16.0;-12.0;4.0
5239;5.036666666666667;4.0;21.0;-17.0;4.0
5249;4.976666666666667;4.0;18.0;-14.0;4.0
5259;5.1066666666666665;4.0;17.0;-13.0;4.0
5269;5.166666666666667;4.0;16.0;-12.0;4.0
5279;5.24;4.0;16.0;-12.0;4.0
5289;5.1866666666666665;4.0;18.0;-14.0;4.0
5299;5.11;4.0;18.0;-14.0;4.0
5309;5.38;4.0;16.0;-12.0;4.0
5319;5.1433333333333335;4.0;15.0;-11.0;4.0
5329;4.876666666666667;4.0;19.0;-15.0;4.0
5339;5.126666666666667;4.0;16.0;-12.0;4.0
5349;5.1866666666666665;4.0;18.0;-14.0;4.0
5359;5.03;4.0;16.0;-12.0;4.0
5369;5.226666666666667;4.0;23.0;-19.0;4.0
5379;5.066666666666666;4.0;15.0;-11.0;4.0
5389;5.166666666666667;4.0;16.0;-12.0;4.0
5399;5.17;4.0;16.0;-12.0;4.0
5409;5.116666666666666;4.0;16.0;-12.0;4.0
5419;4.94;4.0;15.0;-11.0;4.0
5429;5.3533333333333335;4.0;16.0;-12.0;4.0
5439;5.286666666666667;4.0;16.0;-12.0;4.0
5449;5.306666666666667;4.0;16.0;-12.0;4.0
5459;5.033333333333333;4.0;16.0;-12.0;4.0
5469;5.1033333333333335;4.0;16.0;-12.0;4.0
5479;5.126666666666667;4.0;15.0;-11.0;4.0
5489;4.993333333333333;4.0;15.0;-11.0;4.0
5499;5.073333333333333;4.0;16.0;-12.0;4.0
5509;5.13;4.0;15.0;-11.0;4.0
5519;5.07;4.0;16.0;-12.0;4.0
5529;5.033333333333333;4.0;16.0;-12.0;4.0
5539;5.14;4.0;16.0;-12.0;4.0
5549;5.12;4.0;15.0;-11.0;4.0
5559;4.92;4.0;19.0;-15.0;4.0
5569;5.42;4.0;16.0;-12.0;4.0
5579;5.173333333333333;4.0;16.0;-12.0;4.0
5589;5.3133333333333335;4.0;15.0;-11.0;4.0
5599;5.31;4.0;14.0;-10.0;4.0
5609;4.956666666666667;4.0;14.0;-10.0;4.0
5619;4.99;4.0;15.0;-11.0;4.0
5629;5.1433333333333335;4.0;16.0;-12.0;4.0
5639;4.85;4.0;16.0;-12.0;4.0
5649;5.096666666666667;4.0;15.0;-11.0;4.0
5659;5.17;4.0;14.0;-10.0;4.0
5669;5.226666666666667;4.0;14.0;-10.0;4.0
5679;5.03;4.0;14.0;-10.0;4.0
5689;5.226666666666667;4.0;17.0;-13.0;4.0
5699;4.89;4.0;14.0;-10.0;4.0
5709;5.223333333333334;4.0;22.0;-18.0;4.0
5719;4.843333333333334;4.0;16.0;-12.0;4.0
5729;5.233333333333333;4.0;15.0;-11.0;4.0
5739;5.206666666666667;4.0;15.0;-11.0;4.0
5749;5.03;2.0;16.0;-14.0;2.0
5759;3.2333333333333334;2.0;17.0;-15.0;2.0
5769;3.17;2.0;14.0;-12.0;2.0
5779;2.97;2.0;17.0;-15.0;2.0
5789;3.15;2.0;14.0;-12.0;2.0
5799;3.4166666666666665;2.0;14.0;-12.0;2.0
5809;3.3433333333333333;2.0;14.0;-12.0;2.0
5819;3.37;2.0;14.0;-12.0;2.0
5829;3.3033333333333332;2.0;14.0;-12.0;2.0
5839;3.19;2.0;14.0;-12.0;2.0
5849;3.23;2.0;14.0;-12.0;2.0
5859;3.36;2.0;12.0;-10.0;2.0
5869;3.0566666666666666;2.0;12.0;-10.0;2.0
5879;3.11;2.0;14.0;-12.0;2.0
5889;2.993333333333333;2.0;14.0;-12.0;2.0
5899;3.3566666666666665;2.0;19.0;-17.0;2.0
5909;3.2733333333333334;2.0;14.0;-12.0;2.0
5919;3.2133333333333334;2.0;14.0;-12.0;2.0
5929;3.24;2.0;19.0;-17.0;2.0
5939;3.0433333333333334;2.0;14.0;-12.0;2.0
5949;3.026666666666667;2.0;12.0;-10.0;2.0
5959;3.3033333333333332;2.0;14.0;-12.0;2.0
5969;3.07;2.0;20.0;-18.0;2.0
5979;2.9566666666666666;2.0;14.0;-12.0;2.0
5989;2.9566666666666666;2.0;13.0;-11.0;2.0
5999;3.1466666666666665;2.0;14.0;-12.0;2.0
6009;2.87;2.0;12.0;-10.0;2.0
6019;2.86;2.0;14.0;-12.0;2.0
6029;3.01;2.0;14.0;-12.0;2.0
6039;3.183333333333333;2.0;13.0;-11.0;2.0
6049;3.223333333333333;2.0;14.0;-12.0;2.0
6059;3.35;2.0;14.0;-12.0;2.0
6069;3.4066666666666667;2.0;14.0;-12.0;2.0
6079;3.4466666666666668;2.0;14.0;-12.0;2.0
6089;3.18;2.0;14.0;-12.0;2.0
6099;3.4433333333333334;2.0;14.0;-12.0;2.0
6109;3.243333333333333;2.0;14.0;-12.0;2.0
6119;3.06;2.0;12.0;-10.0;2.0
6129;3.13;2.0;14.0;-12.0;2.0
6139;2.9366666666666665;2.0;14.0;-12.0;2.0
6149;3.2266666666666666;2.0;15.0;-13.0;2.0
6159;3.2333333333333334;2.0;14.0;-12.0;2.0
6169;2.8933333333333335;2.0;16.0;-14.0;2.0
6179;3.12;2.0;14.0;-12.0;2.0
6189;3.1966666666666668;2.0;14.0;-12.0;2.0
6199;2.9233333333333333;2.0;14.0;-12.0;2.0
6209;3.013333333333333;2.0;14.0;-12.0;2.0
6219;3.1133333333333333;2.0;20.0;-18.0;2.0
6229;3.02;2.0;13.0;-11.0;2.0
6239;3.0933333333333333;2.0;14.0;-12.0;2.0
6249;3.183333333333333;2.0;14.0;-12.0;2.0
6259;3.026666666666667;2.0;14.0;-12.0;2.0
6269;3.2933333333333334;2.0;13.0;-11.0;2.0
6279;3.3833333333333333;2.0;18.0;-16.0;2.0
6289;3.4033333333333333;2.0;14.0;-12.0;2.0
6299;3.1866666666666665;2.0;14.0;-12.0;2.0
6309;3.316666666666667;2.0;14.0;-12.0;2.0
6319;3.1933333333333334;2.0;14.0;-12.0;2.0
6329;3.236666666666667;2.0;14.0;-12.0;2.0
6339;3.04;2.0;14.0;-12.0;2.0
6349;3.0866666666666664;0.0;14.0;-14.0;0.0
