geracao;media da geracao;fitness do melhor da geracao;fitness do pior da geracao;relacao entre melhor e pior;fitness do melhor da run
Probabilidade Recombinação: 0.7
Probabilidade Mutação: 0.049999999999999996
Tipo de Selecção: Torneio
Tipo de Mutação: Simples
Tamanho População: 300
Máximo de Gerações: 15000
0;76.64;63.0;96.0;-33.0;63.0
0;68.36333333333333;58.0;79.0;-21.0;58.0
9;44.13;38.0;52.0;-14.0;38.0
19;35.553333333333335;29.0;47.0;-18.0;29.0
29;30.046666666666667;24.0;41.0;-17.0;24.0
39;28.803333333333335;23.0;38.0;-15.0;23.0
49;24.906666666666666;19.0;42.0;-23.0;19.0
59;23.023333333333333;18.0;36.0;-18.0;18.0
69;23.043333333333333;18.0;36.0;-18.0;18.0
79;23.223333333333333;18.0;33.0;-15.0;18.0
89;23.55;18.0;40.0;-22.0;18.0
99;23.303333333333335;18.0;33.0;-15.0;18.0
109;23.28;18.0;34.0;-16.0;18.0
119;23.55;18.0;33.0;-15.0;18.0
129;23.113333333333333;18.0;36.0;-18.0;18.0
139;23.323333333333334;18.0;33.0;-15.0;18.0
149;23.37;18.0;35.0;-17.0;18.0
159;23.653333333333332;18.0;34.0;-16.0;18.0
169;23.48;18.0;34.0;-16.0;18.0
179;23.343333333333334;18.0;40.0;-22.0;18.0
189;22.783333333333335;17.0;33.0;-16.0;17.0
199;22.49;17.0;33.0;-16.0;17.0
209;22.373333333333335;17.0;33.0;-16.0;17.0
219;22.076666666666668;17.0;35.0;-18.0;17.0
229;22.256666666666668;17.0;33.0;-16.0;17.0
239;22.293333333333333;17.0;33.0;-16.0;17.0
249;22.41;17.0;33.0;-16.0;17.0
259;22.453333333333333;16.0;35.0;-19.0;16.0
269;21.846666666666668;16.0;33.0;-17.0;16.0
279;21.386666666666667;16.0;34.0;-18.0;16.0
289;21.53;16.0;33.0;-17.0;16.0
299;20.823333333333334;15.0;31.0;-16.0;15.0
309;20.626666666666665;15.0;38.0;-23.0;14.0
319;20.17;15.0;34.0;-19.0;14.0
329;20.58;15.0;33.0;-18.0;14.0
339;20.826666666666668;15.0;34.0;-19.0;14.0
349;20.596666666666668;15.0;31.0;-16.0;14.0
359;20.613333333333333;15.0;33.0;-18.0;14.0
369;20.41;15.0;32.0;-17.0;14.0
379;20.31;14.0;31.0;-17.0;14.0
389;19.64;14.0;33.0;-19.0;14.0
399;19.52;14.0;31.0;-17.0;14.0
409;19.866666666666667;14.0;32.0;-18.0;14.0
419;19.95;14.0;33.0;-19.0;14.0
429;20.06;14.0;36.0;-22.0;14.0
439;19.973333333333333;14.0;31.0;-17.0;14.0
449;19.936666666666667;14.0;34.0;-20.0;14.0
459;19.51;14.0;33.0;-19.0;14.0
469;19.623333333333335;14.0;35.0;-21.0;14.0
479;19.4;14.0;30.0;-16.0;14.0
489;19.436666666666667;14.0;31.0;-17.0;14.0
499;19.663333333333334;14.0;35.0;-21.0;14.0
509;19.706666666666667;14.0;30.0;-16.0;14.0
519;19.906666666666666;14.0;33.0;-19.0;14.0
529;19.626666666666665;14.0;36.0;-22.0;14.0
539;19.883333333333333;14.0;38.0;-24.0;14.0
549;19.533333333333335;14.0;32.0;-18.0;14.0
559;19.76;14.0;34.0;-20.0;14.0
569;19.89666666666667;14.0;30.0;-16.0;14.0
579;19.776666666666667;14.0;35.0;-21.0;14.0
589;19.723333333333333;14.0;34.0;-20.0;14.0
599;19.533333333333335;14.0;30.0;-16.0;14.0
609;19.676666666666666;14.0;33.0;-19.0;14.0
619;19.926666666666666;14.0;31.0;-17.0;14.0
629;19.763333333333332;14.0;34.0;-20.0;14.0
639;19.926666666666666;14.0;36.0;-22.0;14.0
649;19.256666666666668;14.0;29.0;-15.0;14.0
659;20.106666666666666;14.0;34.0;-20.0;14.0
669;19.49;14.0;33.0;-19.0;14.0
679;19.623333333333335;14.0;33.0;-19.0;14.0
689;19.846666666666668;14.0;31.0;-17.0;14.0
699;19.42;14.0;30.0;-16.0;14.0
709;19.426666666666666;14.0;37.0;-23.0;14.0
719;19.216666666666665;14.0;32.0;-18.0;14.0
729;19.73;14.0;34.0;-20.0;14.0
739;19.773333333333333;14.0;36.0;-22.0;14.0
749;19.833333333333332;14.0;31.0;-17.0;14.0
759;19.826666666666668;14.0;34.0;-20.0;14.0
769;19.546666666666667;14.0;33.0;-19.0;14.0
779;19.926666666666666;14.0;33.0;-19.0;14.0
789;19.523333333333333;14.0;30.0;-16.0;14.0
799;19.866666666666667;14.0;34.0;-20.0;14.0
809;20.003333333333334;14.0;34.0;-20.0;14.0
819;19.69333333333333;14.0;33.0;-19.0;14.0
829;19.833333333333332;14.0;32.0;-18.0;14.0
839;19.533333333333335;14.0;33.0;-19.0;14.0
849;19.41;14.0;32.0;-18.0;14.0
859;19.963333333333335;14.0;33.0;-19.0;14.0
869;19.973333333333333;14.0;34.0;-20.0;14.0
879;19.643333333333334;14.0;31.0;-17.0;14.0
889;19.576666666666668;14.0;29.0;-15.0;14.0
899;19.14666666666667;14.0;31.0;-17.0;14.0
909;19.636666666666667;14.0;36.0;-22.0;14.0
919;20.166666666666668;14.0;31.0;-17.0;14.0
929;20.05;14.0;31.0;-17.0;14.0
939;19.856666666666666;14.0;30.0;-16.0;14.0
949;19.526666666666667;14.0;29.0;-15.0;14.0
959;20.053333333333335;14.0;37.0;-23.0;14.0
969;19.666666666666668;14.0;37.0;-23.0;14.0
979;19.89;14.0;32.0;-18.0;14.0
989;19.933333333333334;14.0;30.0;-16.0;14.0
999;19.536666666666665;14.0;30.0;-16.0;14.0
1009;19.93;14.0;32.0;-18.0;14.0
1019;19.453333333333333;14.0;31.0;-17.0;14.0
1029;20.14666666666667;14.0;31.0;-17.0;14.0
1039;19.52;14.0;32.0;-18.0;14.0
1049;19.96;14.0;31.0;-17.0;14.0
1059;19.71;14.0;33.0;-19.0;14.0
1069;19.683333333333334;14.0;32.0;-18.0;14.0
1079;19.23;14.0;30.0;-16.0;14.0
1089;19.79;14.0;31.0;-17.0;14.0
1099;19.386666666666667;14.0;32.0;-18.0;14.0
1109;19.823333333333334;14.0;32.0;-18.0;14.0
1119;19.383333333333333;14.0;31.0;-17.0;14.0
1129;19.613333333333333;14.0;34.0;-20.0;14.0
1139;19.67;14.0;36.0;-22.0;14.0
1149;20.033333333333335;14.0;31.0;-17.0;14.0
1159;19.643333333333334;14.0;33.0;-19.0;14.0
1169;19.816666666666666;14.0;33.0;-19.0;14.0
1179;19.626666666666665;14.0;31.0;-17.0;14.0
1189;20.24;14.0;33.0;-19.0;14.0
1199;19.82;14.0;32.0;-18.0;14.0
1209;20.053333333333335;14.0;33.0;-19.0;14.0
1219;19.44333333333333;14.0;34.0;-20.0;14.0
1229;19.893333333333334;14.0;34.0;-20.0;14.0
1239;19.436666666666667;14.0;36.0;-22.0;14.0
1249;19.62;14.0;32.0;-18.0;14.0
1259;19.52;14.0;32.0;-18.0;14.0
1269;19.053333333333335;14.0;32.0;-18.0;14.0
1279;19.69;14.0;31.0;-17.0;14.0
1289;19.89;14.0;37.0;-23.0;14.0
1299;19.903333333333332;14.0;31.0;-17.0;14.0
1309;19.813333333333333;14.0;30.0;-16.0;14.0
1319;19.926666666666666;14.0;38.0;-24.0;14.0
1329;19.42;14.0;30.0;-16.0;14.0
1339;19.643333333333334;14.0;30.0;-16.0;14.0
1349;19.833333333333332;14.0;31.0;-17.0;14.0
1359;19.843333333333334;14.0;31.0;-17.0;14.0
1369;20.05666666666667;14.0;38.0;-24.0;14.0
1379;19.686666666666667;14.0;33.0;-19.0;14.0
1389;19.73;14.0;35.0;-21.0;14.0
1399;20.166666666666668;14.0;30.0;-16.0;14.0
1409;19.54;14.0;30.0;-16.0;14.0
1419;19.893333333333334;14.0;33.0;-19.0;14.0
1429;19.763333333333332;14.0;31.0;-17.0;14.0
1439;19.696666666666665;14.0;33.0;-19.0;14.0
1449;19.566666666666666;14.0;32.0;-18.0;14.0
1459;19.61;14.0;31.0;-17.0;14.0
1469;19.67;14.0;31.0;-17.0;14.0
1479;19.513333333333332;14.0;29.0;-15.0;14.0
1489;20.076666666666668;14.0;32.0;-18.0;14.0
1499;19.88;14.0;30.0;-16.0;14.0
1509;19.74;14.0;33.0;-19.0;14.0
1519;20.183333333333334;14.0;33.0;-19.0;14.0
1529;19.726666666666667;14.0;36.0;-22.0;14.0
1539;19.913333333333334;14.0;34.0;-20.0;14.0
1549;19.223333333333333;14.0;35.0;-21.0;14.0
1559;19.793333333333333;14.0;32.0;-18.0;14.0
1569;19.536666666666665;14.0;34.0;-20.0;14.0
1579;19.69;14.0;33.0;-19.0;14.0
1589;19.75;14.0;30.0;-16.0;14.0
1599;19.463333333333335;14.0;32.0;-18.0;14.0
1609;19.46;14.0;32.0;-18.0;14.0
1619;20.046666666666667;14.0;32.0;-18.0;14.0
1629;19.746666666666666;14.0;30.0;-16.0;14.0
1639;19.383333333333333;14.0;30.0;-16.0;14.0
1649;19.766666666666666;14.0;31.0;-17.0;14.0
1659;19.416666666666668;14.0;32.0;-18.0;14.0
1669;19.423333333333332;14.0;31.0;-17.0;14.0
1679;19.116666666666667;14.0;29.0;-15.0;14.0
1689;19.46;14.0;35.0;-21.0;14.0
1699;19.59;14.0;33.0;-19.0;14.0
1709;19.296666666666667;14.0;31.0;-17.0;14.0
1719;19.503333333333334;14.0;31.0;-17.0;14.0
1729;19.373333333333335;14.0;32.0;-18.0;14.0
1739;19.793333333333333;14.0;30.0;-16.0;14.0
1749;19.393333333333334;14.0;31.0;-17.0;14.0
1759;20.13;14.0;37.0;-23.0;14.0
1769;19.51;14.0;30.0;-16.0;14.0
1779;19.953333333333333;14.0;34.0;-20.0;14.0
1789;19.873333333333335;14.0;36.0;-22.0;14.0
1799;19.623333333333335;14.0;31.0;-17.0;14.0
1809;19.80666666666667;14.0;32.0;-18.0;14.0
1819;19.65;14.0;30.0;-16.0;14.0
1829;20.05;14.0;32.0;-18.0;14.0
1839;19.97;14.0;32.0;-18.0;14.0
1849;19.92;14.0;31.0;-17.0;14.0
1859;19.963333333333335;14.0;32.0;-18.0;14.0
1869;19.65;14.0;36.0;-22.0;14.0
1879;19.753333333333334;14.0;32.0;-18.0;14.0
1889;20.093333333333334;14.0;33.0;-19.0;14.0
1899;20.003333333333334;14.0;36.0;-22.0;14.0
1909;19.506666666666668;14.0;35.0;-21.0;14.0
1919;19.376666666666665;14.0;30.0;-16.0;14.0
1929;19.856666666666666;14.0;33.0;-19.0;14.0
1939;20.17;14.0;33.0;-19.0;14.0
1949;19.51;14.0;34.0;-20.0;14.0
1959;19.876666666666665;14.0;35.0;-21.0;14.0
1969;19.57;14.0;35.0;-21.0;14.0
1979;19.783333333333335;14.0;31.0;-17.0;14.0
1989;19.88;14.0;34.0;-20.0;14.0
1999;19.60333333333333;14.0;32.0;-18.0;14.0
2009;20.15;14.0;34.0;-20.0;14.0
2019;19.58;14.0;38.0;-24.0;14.0
2029;19.45;14.0;33.0;-19.0;14.0
2039;19.85;14.0;32.0;-18.0;14.0
2049;19.656666666666666;14.0;32.0;-18.0;14.0
2059;19.723333333333333;14.0;33.0;-19.0;14.0
2069;19.89;14.0;31.0;-17.0;14.0
2079;19.776666666666667;14.0;32.0;-18.0;14.0
2089;19.793333333333333;14.0;35.0;-21.0;14.0
2099;19.833333333333332;14.0;30.0;-16.0;14.0
2109;19.93;14.0;32.0;-18.0;14.0
2119;20.18;14.0;33.0;-19.0;14.0
2129;19.67;14.0;34.0;-20.0;14.0
2139;19.796666666666667;14.0;34.0;-20.0;14.0
2149;20.29;14.0;42.0;-28.0;14.0
2159;20.06;14.0;36.0;-22.0;14.0
2169;20.053333333333335;14.0;33.0;-19.0;14.0
2179;19.893333333333334;14.0;32.0;-18.0;14.0
2189;20.006666666666668;14.0;32.0;-18.0;14.0
2199;19.78;14.0;32.0;-18.0;14.0
2209;19.60333333333333;14.0;35.0;-21.0;14.0
2219;19.93;14.0;36.0;-22.0;14.0
2229;19.5;14.0;32.0;-18.0;14.0
2239;19.96;14.0;33.0;-19.0;14.0
2249;19.99;14.0;31.0;-17.0;14.0
2259;19.64;14.0;36.0;-22.0;14.0
2269;19.75;14.0;31.0;-17.0;14.0
2279;20.42;14.0;33.0;-19.0;14.0
2289;19.6;14.0;30.0;-16.0;14.0
2299;19.403333333333332;14.0;31.0;-17.0;14.0
2309;20.086666666666666;14.0;37.0;-23.0;14.0
2319;19.623333333333335;14.0;36.0;-22.0;14.0
2329;19.52;14.0;37.0;-23.0;14.0
2339;19.503333333333334;14.0;31.0;-17.0;13.0
2349;18.94;13.0;32.0;-19.0;13.0
2359;18.13;13.0;29.0;-16.0;13.0
2369;18.716666666666665;13.0;32.0;-19.0;13.0
2379;18.7;13.0;30.0;-17.0;13.0
2389;18.783333333333335;13.0;31.0;-18.0;13.0
2399;18.78;13.0;33.0;-20.0;13.0
2409;18.89666666666667;13.0;29.0;-16.0;13.0
2419;18.833333333333332;13.0;36.0;-23.0;13.0
2429;18.606666666666666;13.0;30.0;-17.0;13.0
2439;18.863333333333333;13.0;33.0;-20.0;13.0
2449;19.066666666666666;13.0;32.0;-19.0;13.0
2459;18.64;13.0;31.0;-18.0;13.0
2469;18.846666666666668;13.0;31.0;-18.0;13.0
2479;18.72;13.0;30.0;-17.0;13.0
2489;18.433333333333334;13.0;29.0;-16.0;12.0
2499;18.523333333333333;13.0;34.0;-21.0;12.0
2509;19.176666666666666;13.0;32.0;-19.0;12.0
2519;19.12;13.0;33.0;-20.0;12.0
2529;18.996666666666666;13.0;33.0;-20.0;12.0
2539;18.736666666666668;13.0;30.0;-17.0;12.0
2549;18.49;13.0;31.0;-18.0;12.0
2559;18.913333333333334;13.0;30.0;-17.0;12.0
2569;18.46;13.0;38.0;-25.0;12.0
2579;18.893333333333334;13.0;33.0;-20.0;12.0
2589;18.30666666666667;13.0;30.0;-17.0;12.0
2599;19.01;13.0;32.0;-19.0;12.0
2609;18.87;13.0;31.0;-18.0;12.0
2619;18.923333333333332;13.0;33.0;-20.0;12.0
2629;18.966666666666665;13.0;37.0;-24.0;12.0
2639;18.626666666666665;13.0;35.0;-22.0;12.0
2649;18.723333333333333;13.0;30.0;-17.0;12.0
2659;18.496666666666666;13.0;29.0;-16.0;12.0
2669;18.80666666666667;13.0;31.0;-18.0;12.0
2679;18.32;13.0;31.0;-18.0;12.0
2689;18.376666666666665;13.0;29.0;-16.0;12.0
2699;18.54;13.0;30.0;-17.0;12.0
2709;18.91;13.0;31.0;-18.0;12.0
2719;18.653333333333332;13.0;36.0;-23.0;12.0
2729;18.94;13.0;31.0;-18.0;12.0
2739;17.89666666666667;12.0;32.0;-20.0;12.0
2749;18.233333333333334;12.0;30.0;-18.0;12.0
2759;17.913333333333334;12.0;33.0;-21.0;12.0
2769;17.65;12.0;30.0;-18.0;12.0
2779;17.816666666666666;12.0;28.0;-16.0;12.0
2789;17.583333333333332;12.0;34.0;-22.0;12.0
2799;18.096666666666668;12.0;28.0;-16.0;12.0
2809;17.93;12.0;36.0;-24.0;12.0
2819;17.903333333333332;12.0;29.0;-17.0;12.0
2829;17.686666666666667;12.0;29.0;-17.0;12.0
2839;18.06;12.0;35.0;-23.0;12.0
2849;17.883333333333333;12.0;31.0;-19.0;12.0
2859;17.8;12.0;31.0;-19.0;12.0
2869;18.013333333333332;12.0;30.0;-18.0;12.0
2879;18.03;12.0;32.0;-20.0;12.0
2889;17.89666666666667;12.0;29.0;-17.0;12.0
2899;18.27;12.0;33.0;-21.0;12.0
2909;18.233333333333334;12.0;30.0;-18.0;12.0
2919;17.893333333333334;12.0;29.0;-17.0;12.0
2929;18.606666666666666;12.0;31.0;-19.0;12.0
2939;17.666666666666668;12.0;32.0;-20.0;12.0
2949;17.376666666666665;12.0;30.0;-18.0;12.0
2959;17.423333333333332;12.0;29.0;-17.0;12.0
2969;18.093333333333334;12.0;30.0;-18.0;12.0
2979;18.11;12.0;29.0;-17.0;12.0
2989;17.903333333333332;12.0;28.0;-16.0;12.0
2999;17.64;12.0;32.0;-20.0;12.0
3009;17.996666666666666;12.0;32.0;-20.0;12.0
3019;18.046666666666667;12.0;29.0;-17.0;12.0
3029;17.903333333333332;12.0;34.0;-22.0;12.0
3039;18.483333333333334;12.0;33.0;-21.0;12.0
3049;17.973333333333333;12.0;31.0;-19.0;12.0
3059;18.05;12.0;29.0;-17.0;12.0
3069;18.2;12.0;31.0;-19.0;12.0
3079;17.596666666666668;12.0;33.0;-21.0;12.0
3089;17.61;12.0;30.0;-18.0;12.0
3099;17.763333333333332;12.0;28.0;-16.0;12.0
3109;18.23;12.0;30.0;-18.0;12.0
3119;17.81;12.0;30.0;-18.0;12.0
3129;17.81;12.0;34.0;-22.0;12.0
3139;18.303333333333335;12.0;33.0;-21.0;12.0
3149;17.31;12.0;31.0;-19.0;12.0
3159;17.683333333333334;12.0;29.0;-17.0;12.0
3169;18.276666666666667;12.0;30.0;-18.0;12.0
3179;17.9;12.0;29.0;-17.0;12.0
3189;17.886666666666667;12.0;31.0;-19.0;12.0
3199;18.226666666666667;12.0;35.0;-23.0;12.0
3209;17.886666666666667;12.0;28.0;-16.0;12.0
3219;17.75;12.0;29.0;-17.0;12.0
3229;17.66;12.0;29.0;-17.0;12.0
3239;17.803333333333335;12.0;29.0;-17.0;12.0
3249;18.246666666666666;12.0;30.0;-18.0;12.0
3259;18.106666666666666;12.0;29.0;-17.0;12.0
3269;17.936666666666667;12.0;28.0;-16.0;12.0
3279;17.73;12.0;29.0;-17.0;12.0
3289;17.85333333333333;12.0;30.0;-18.0;12.0
3299;17.803333333333335;12.0;33.0;-21.0;12.0
3309;18.156666666666666;12.0;31.0;-19.0;12.0
3319;17.94333333333333;12.0;31.0;-19.0;12.0
3329;18.10333333333333;12.0;32.0;-20.0;12.0
3339;17.98;12.0;32.0;-20.0;12.0
3349;17.876666666666665;12.0;31.0;-19.0;12.0
3359;18.116666666666667;12.0;29.0;-17.0;12.0
3369;17.346666666666668;12.0;29.0;-17.0;12.0
3379;17.833333333333332;12.0;32.0;-20.0;12.0
3389;18.016666666666666;12.0;28.0;-16.0;12.0
3399;17.85333333333333;12.0;32.0;-20.0;12.0
3409;17.846666666666668;12.0;31.0;-19.0;12.0
3419;17.6;12.0;30.0;-18.0;12.0
3429;18.063333333333333;12.0;32.0;-20.0;12.0
3439;18.116666666666667;12.0;28.0;-16.0;12.0
3449;17.836666666666666;12.0;32.0;-20.0;12.0
3459;17.996666666666666;12.0;29.0;-17.0;12.0
3469;17.74;12.0;29.0;-17.0;12.0
3479;17.476666666666667;12.0;30.0;-18.0;12.0
3489;17.716666666666665;12.0;33.0;-21.0;12.0
3499;17.523333333333333;12.0;36.0;-24.0;12.0
3509;18.426666666666666;12.0;29.0;-17.0;12.0
3519;17.57;12.0;29.0;-17.0;12.0
3529;17.64;12.0;28.0;-16.0;12.0
3539;18.066666666666666;12.0;33.0;-21.0;12.0
3549;17.986666666666668;12.0;33.0;-21.0;12.0
3559;17.523333333333333;12.0;32.0;-20.0;12.0
3569;17.726666666666667;12.0;35.0;-23.0;12.0
3579;17.796666666666667;12.0;29.0;-17.0;12.0
3589;17.58;12.0;32.0;-20.0;12.0
3599;18.42;12.0;31.0;-19.0;12.0
3609;18.05;12.0;32.0;-20.0;12.0
3619;17.886666666666667;12.0;30.0;-18.0;12.0
3629;18.176666666666666;12.0;30.0;-18.0;12.0
3639;17.956666666666667;12.0;31.0;-19.0;12.0
3649;17.59;12.0;31.0;-19.0;12.0
3659;18.37;12.0;29.0;-17.0;12.0
3669;17.826666666666668;12.0;30.0;-18.0;12.0
3679;17.623333333333335;11.0;32.0;-21.0;11.0
3689;17.223333333333333;11.0;31.0;-20.0;11.0
3699;16.86;11.0;29.0;-18.0;11.0
3709;16.54;11.0;28.0;-17.0;11.0
3719;17.266666666666666;11.0;30.0;-19.0;11.0
3729;17.04;11.0;29.0;-18.0;11.0
3739;16.663333333333334;11.0;31.0;-20.0;11.0
3749;17.25;11.0;34.0;-23.0;11.0
3759;17.163333333333334;11.0;32.0;-21.0;11.0
3769;17.14;11.0;32.0;-21.0;11.0
3779;17.266666666666666;11.0;29.0;-18.0;11.0
3789;16.953333333333333;11.0;28.0;-17.0;11.0
3799;17.44333333333333;11.0;30.0;-19.0;11.0
3809;16.5;11.0;28.0;-17.0;11.0
3819;16.57;11.0;28.0;-17.0;11.0
3829;17.403333333333332;11.0;29.0;-18.0;11.0
3839;16.95;11.0;30.0;-19.0;11.0
3849;16.996666666666666;11.0;27.0;-16.0;11.0
3859;17.106666666666666;11.0;34.0;-23.0;11.0
3869;16.466666666666665;11.0;30.0;-19.0;11.0
3879;16.87;11.0;29.0;-18.0;11.0
3889;17.226666666666667;11.0;31.0;-20.0;11.0
3899;16.706666666666667;11.0;29.0;-18.0;11.0
3909;17.113333333333333;11.0;31.0;-20.0;11.0
3919;16.68;11.0;27.0;-16.0;11.0
3929;16.833333333333332;11.0;30.0;-19.0;11.0
3939;17.383333333333333;11.0;29.0;-18.0;11.0
3949;17.293333333333333;11.0;28.0;-17.0;11.0
3959;16.863333333333333;11.0;29.0;-18.0;11.0
3969;16.69333333333333;11.0;29.0;-18.0;11.0
3979;17.453333333333333;11.0;32.0;-21.0;11.0
3989;16.743333333333332;11.0;28.0;-17.0;11.0
3999;17.01;11.0;35.0;-24.0;11.0
4009;17.11;10.0;31.0;-21.0;10.0
4019;16.35333333333333;10.0;28.0;-18.0;10.0
4029;16.183333333333334;10.0;28.0;-18.0;10.0
4039;16.35333333333333;10.0;28.0;-18.0;10.0
4049;16.043333333333333;10.0;29.0;-19.0;10.0
4059;16.346666666666668;10.0;31.0;-21.0;10.0
4069;16.19333333333333;10.0;29.0;-19.0;10.0
4079;16.046666666666667;10.0;28.0;-18.0;10.0
4089;15.946666666666667;10.0;30.0;-20.0;10.0
4099;15.45;9.0;29.0;-20.0;9.0
4109;15.316666666666666;9.0;27.0;-18.0;9.0
4119;14.876666666666667;9.0;26.0;-17.0;9.0
4129;15.283333333333333;9.0;29.0;-20.0;9.0
4139;15.43;9.0;28.0;-19.0;9.0
4149;15.046666666666667;9.0;32.0;-23.0;9.0
4159;15.08;9.0;28.0;-19.0;9.0
4169;15.043333333333333;9.0;27.0;-18.0;9.0
4179;15.236666666666666;9.0;28.0;-19.0;9.0
4189;14.91;9.0;26.0;-17.0;9.0
4199;15.13;9.0;27.0;-18.0;9.0
4209;15.19;9.0;27.0;-18.0;9.0
4219;14.823333333333334;8.0;26.0;-18.0;8.0
4229;14.75;8.0;28.0;-20.0;8.0
4239;14.376666666666667;8.0;29.0;-21.0;8.0
4249;14.04;8.0;29.0;-21.0;8.0
4259;14.166666666666666;8.0;31.0;-23.0;8.0
4269;14.203333333333333;8.0;27.0;-19.0;8.0
4279;14.056666666666667;8.0;27.0;-19.0;8.0
4289;14.593333333333334;8.0;29.0;-21.0;8.0
4299;14.1;8.0;27.0;-19.0;8.0
4309;14.403333333333334;8.0;28.0;-20.0;8.0
4319;14.533333333333333;8.0;26.0;-18.0;8.0
4329;14.896666666666667;8.0;26.0;-18.0;8.0
4339;14.006666666666666;7.0;26.0;-19.0;7.0
4349;13.86;7.0;26.0;-19.0;6.0
4359;12.373333333333333;6.0;24.0;-18.0;6.0
4369;12.023333333333333;6.0;25.0;-19.0;6.0
4379;12.953333333333333;6.0;24.0;-18.0;6.0
4389;12.88;6.0;27.0;-21.0;6.0
4399;12.683333333333334;6.0;25.0;-19.0;6.0
4409;12.743333333333334;6.0;26.0;-20.0;6.0
4419;12.456666666666667;6.0;31.0;-25.0;6.0
4429;12.666666666666666;6.0;30.0;-24.0;6.0
4439;12.58;6.0;23.0;-17.0;6.0
4449;12.633333333333333;6.0;24.0;-18.0;6.0
4459;12.366666666666667;6.0;26.0;-20.0;6.0
4469;13.07;6.0;26.0;-20.0;6.0
4479;12.41;6.0;31.0;-25.0;6.0
4489;12.69;6.0;26.0;-20.0;6.0
4499;13.503333333333334;6.0;25.0;-19.0;6.0
4509;12.303333333333333;6.0;26.0;-20.0;6.0
4519;12.55;6.0;24.0;-18.0;6.0
4529;12.213333333333333;6.0;27.0;-21.0;6.0
4539;12.373333333333333;6.0;29.0;-23.0;6.0
4549;12.71;6.0;24.0;-18.0;6.0
4559;12.486666666666666;6.0;29.0;-23.0;6.0
4569;13.213333333333333;6.0;29.0;-23.0;6.0
4579;12.32;6.0;23.0;-17.0;6.0
4589;12.643333333333333;6.0;28.0;-22.0;6.0
4599;12.67;6.0;26.0;-20.0;6.0
4609;13.11;6.0;27.0;-21.0;6.0
4619;12.47;6.0;27.0;-21.0;6.0
4629;13.073333333333334;6.0;26.0;-20.0;6.0
4639;12.2;6.0;25.0;-19.0;6.0
4649;12.546666666666667;6.0;23.0;-17.0;6.0
4659;12.36;6.0;26.0;-20.0;6.0
4669;12.93;6.0;27.0;-21.0;6.0
4679;12.63;6.0;26.0;-20.0;6.0
4689;12.593333333333334;6.0;28.0;-22.0;6.0
4699;12.23;6.0;30.0;-24.0;6.0
4709;12.66;6.0;28.0;-22.0;6.0
4719;12.556666666666667;6.0;25.0;-19.0;6.0
4729;12.636666666666667;6.0;26.0;-20.0;6.0
4739;12.376666666666667;6.0;24.0;-18.0;6.0
4749;12.463333333333333;6.0;24.0;-18.0;6.0
4759;12.31;6.0;23.0;-17.0;6.0
4769;13.176666666666666;6.0;25.0;-19.0;6.0
4779;13.36;6.0;29.0;-23.0;6.0
4789;12.403333333333334;6.0;30.0;-24.0;6.0
4799;12.71;6.0;26.0;-20.0;6.0
4809;12.563333333333333;6.0;26.0;-20.0;6.0
4819;12.956666666666667;6.0;23.0;-17.0;6.0
4829;12.67;6.0;26.0;-20.0;6.0
4839;12.18;6.0;26.0;-20.0;6.0
4849;12.64;6.0;29.0;-23.0;6.0
4859;12.613333333333333;6.0;26.0;-20.0;6.0
4869;12.31;5.0;24.0;-19.0;5.0
4879;12.266666666666667;5.0;26.0;-21.0;5.0
4889;11.77;5.0;26.0;-21.0;5.0
4899;11.953333333333333;5.0;32.0;-27.0;5.0
4909;11.493333333333334;5.0;24.0;-19.0;5.0
4919;11.633333333333333;5.0;28.0;-23.0;5.0
4929;11.623333333333333;5.0;24.0;-19.0;5.0
4939;11.3;5.0;23.0;-18.0;5.0
4949;11.54;5.0;28.0;-23.0;5.0
4959;11.65;5.0;24.0;-19.0;5.0
4969;11.416666666666666;5.0;27.0;-22.0;5.0
4979;11.96;5.0;25.0;-20.0;5.0
4989;12.293333333333333;5.0;26.0;-21.0;5.0
4999;12.306666666666667;5.0;28.0;-23.0;5.0
5009;11.256666666666666;5.0;27.0;-22.0;5.0
5019;11.686666666666667;5.0;27.0;-22.0;5.0
5029;11.096666666666666;5.0;24.0;-19.0;5.0
5039;11.26;5.0;23.0;-18.0;5.0
5049;11.576666666666666;5.0;22.0;-17.0;5.0
5059;11.473333333333333;5.0;25.0;-20.0;5.0
5069;11.423333333333334;5.0;25.0;-20.0;5.0
5079;12.01;5.0;26.0;-21.0;5.0
5089;11.806666666666667;5.0;26.0;-21.0;5.0
5099;11.63;5.0;25.0;-20.0;5.0
5109;12.02;5.0;26.0;-21.0;5.0
5119;11.283333333333333;5.0;24.0;-19.0;5.0
5129;12.376666666666667;5.0;28.0;-23.0;5.0
5139;11.543333333333333;5.0;22.0;-17.0;5.0
5149;11.57;5.0;26.0;-21.0;5.0
5159;11.64;5.0;24.0;-19.0;5.0
5169;11.78;5.0;27.0;-22.0;5.0
5179;11.896666666666667;5.0;24.0;-19.0;5.0
5189;11.703333333333333;5.0;21.0;-16.0;5.0
5199;11.733333333333333;5.0;26.0;-21.0;5.0
5209;11.906666666666666;5.0;26.0;-21.0;5.0
5219;11.546666666666667;5.0;29.0;-24.0;5.0
5229;11.693333333333333;5.0;24.0;-19.0;5.0
5239;11.636666666666667;5.0;24.0;-19.0;5.0
5249;11.366666666666667;5.0;27.0;-22.0;5.0
5259;11.29;5.0;28.0;-23.0;5.0
5269;12.03;5.0;24.0;-19.0;5.0
5279;12.143333333333333;5.0;27.0;-22.0;5.0
5289;11.816666666666666;5.0;24.0;-19.0;5.0
5299;11.45;5.0;30.0;-25.0;5.0
5309;11.5;5.0;26.0;-21.0;5.0
5319;11.906666666666666;5.0;23.0;-18.0;5.0
5329;11.243333333333334;5.0;28.0;-23.0;5.0
5339;11.903333333333334;5.0;28.0;-23.0;5.0
5349;11.836666666666666;5.0;26.0;-21.0;5.0
5359;11.663333333333334;5.0;27.0;-22.0;5.0
5369;12.02;5.0;27.0;-22.0;5.0
5379;11.58;5.0;27.0;-22.0;5.0
5389;11.576666666666666;5.0;27.0;-22.0;5.0
5399;11.263333333333334;5.0;25.0;-20.0;5.0
5409;12.176666666666666;5.0;27.0;-22.0;5.0
5419;11.35;5.0;25.0;-20.0;5.0
5429;11.49;5.0;23.0;-18.0;5.0
5439;11.913333333333334;5.0;25.0;-20.0;5.0
5449;11.443333333333333;5.0;26.0;-21.0;5.0
5459;11.88;5.0;23.0;-18.0;5.0
5469;12.336666666666666;5.0;27.0;-22.0;5.0
5479;11.546666666666667;5.0;22.0;-17.0;5.0
5489;11.343333333333334;5.0;26.0;-21.0;5.0
5499;11.113333333333333;5.0;24.0;-19.0;5.0
5509;11.013333333333334;5.0;24.0;-19.0;5.0
5519;11.513333333333334;5.0;28.0;-23.0;5.0
5529;11.683333333333334;5.0;28.0;-23.0;5.0
5539;11.396666666666667;5.0;24.0;-19.0;5.0
5549;11.99;5.0;27.0;-22.0;5.0
5559;11.713333333333333;5.0;26.0;-21.0;5.0
5569;11.89;5.0;26.0;-21.0;5.0
5579;11.486666666666666;5.0;23.0;-18.0;5.0
5589;10.97;5.0;23.0;-18.0;5.0
5599;11.406666666666666;5.0;25.0;-20.0;5.0
5609;12.05;5.0;26.0;-21.0;5.0
5619;12.056666666666667;5.0;31.0;-26.0;5.0
5629;11.886666666666667;5.0;28.0;-23.0;5.0
5639;11.206666666666667;5.0;22.0;-17.0;5.0
5649;11.193333333333333;5.0;23.0;-18.0;5.0
5659;11.896666666666667;5.0;26.0;-21.0;5.0
5669;11.793333333333333;5.0;23.0;-18.0;5.0
5679;11.39;5.0;28.0;-23.0;5.0
5689;11.536666666666667;5.0;23.0;-18.0;5.0
5699;11.656666666666666;5.0;29.0;-24.0;5.0
5709;11.71;5.0;27.0;-22.0;5.0
5719;11.87;5.0;23.0;-18.0;5.0
5729;11.916666666666666;5.0;25.0;-20.0;5.0
5739;11.006666666666666;5.0;25.0;-20.0;5.0
5749;11.543333333333333;5.0;25.0;-20.0;5.0
5759;12.13;5.0;31.0;-26.0;5.0
5769;11.626666666666667;5.0;24.0;-19.0;5.0
5779;11.716666666666667;5.0;29.0;-24.0;5.0
5789;11.503333333333334;5.0;23.0;-18.0;5.0
5799;11.653333333333334;5.0;30.0;-25.0;5.0
5809;11.493333333333334;5.0;25.0;-20.0;5.0
5819;11.606666666666667;5.0;27.0;-22.0;5.0
5829;11.896666666666667;5.0;29.0;-24.0;5.0
5839;11.373333333333333;5.0;25.0;-20.0;5.0
5849;11.466666666666667;5.0;24.0;-19.0;5.0
5859;11.233333333333333;5.0;27.0;-22.0;5.0
5869;11.876666666666667;5.0;24.0;-19.0;5.0
5879;11.143333333333333;5.0;26.0;-21.0;5.0
5889;11.45;5.0;25.0;-20.0;5.0
5899;11.763333333333334;5.0;27.0;-22.0;5.0
5909;12.293333333333333;5.0;32.0;-27.0;5.0
5919;11.086666666666666;5.0;30.0;-25.0;5.0
5929;11.526666666666667;5.0;31.0;-26.0;5.0
5939;11.633333333333333;5.0;23.0;-18.0;5.0
5949;11.786666666666667;5.0;24.0;-19.0;5.0
5959;11.836666666666666;5.0;23.0;-18.0;5.0
5969;11.38;5.0;27.0;-22.0;5.0
5979;11.306666666666667;5.0;24.0;-19.0;5.0
5989;12.15;5.0;26.0;-21.0;5.0
5999;12.033333333333333;5.0;27.0;-22.0;5.0
6009;11.346666666666666;5.0;24.0;-19.0;5.0
6019;11.42;5.0;23.0;-18.0;5.0
6029;11.153333333333334;5.0;29.0;-24.0;5.0
6039;11.356666666666667;5.0;27.0;-22.0;5.0
6049;11.716666666666667;5.0;24.0;-19.0;5.0
6059;11.426666666666666;5.0;25.0;-20.0;5.0
6069;11.693333333333333;5.0;24.0;-19.0;5.0
6079;12.273333333333333;5.0;24.0;-19.0;5.0
6089;11.4;5.0;25.0;-20.0;5.0
6099;11.676666666666666;5.0;24.0;-19.0;5.0
6109;11.343333333333334;5.0;24.0;-19.0;5.0
6119;11.553333333333333;5.0;25.0;-20.0;5.0
6129;12.19;5.0;25.0;-20.0;5.0
6139;11.72;5.0;27.0;-22.0;5.0
6149;11.41;5.0;24.0;-19.0;5.0
6159;11.72;5.0;24.0;-19.0;5.0
6169;11.49;5.0;29.0;-24.0;5.0
6179;11.296666666666667;5.0;26.0;-21.0;5.0
6189;11.743333333333334;5.0;25.0;-20.0;5.0
6199;11.93;5.0;26.0;-21.0;5.0
6209;11.606666666666667;5.0;28.0;-23.0;5.0
6219;11.726666666666667;5.0;26.0;-21.0;5.0
6229;11.406666666666666;5.0;27.0;-22.0;5.0
6239;11.716666666666667;5.0;25.0;-20.0;5.0
6249;11.52;5.0;25.0;-20.0;5.0
6259;11.403333333333334;5.0;26.0;-21.0;5.0
6269;11.706666666666667;5.0;27.0;-22.0;5.0
6279;11.183333333333334;5.0;27.0;-22.0;5.0
6289;11.896666666666667;5.0;26.0;-21.0;5.0
6299;11.8;5.0;25.0;-20.0;5.0
6309;11.916666666666666;5.0;25.0;-20.0;5.0
6319;11.253333333333334;5.0;25.0;-20.0;5.0
6329;11.363333333333333;5.0;27.0;-22.0;5.0
6339;11.31;5.0;28.0;-23.0;5.0
6349;11.393333333333333;5.0;26.0;-21.0;5.0
6359;11.396666666666667;5.0;26.0;-21.0;5.0
6369;12.013333333333334;5.0;24.0;-19.0;5.0
6379;12.09;5.0;26.0;-21.0;5.0
6389;11.106666666666667;5.0;26.0;-21.0;5.0
6399;12.156666666666666;5.0;25.0;-20.0;5.0
6409;11.816666666666666;5.0;27.0;-22.0;5.0
6419;11.703333333333333;5.0;25.0;-20.0;5.0
6429;11.503333333333334;5.0;26.0;-21.0;5.0
6439;11.916666666666666;5.0;22.0;-17.0;5.0
6449;11.74;5.0;28.0;-23.0;5.0
6459;11.373333333333333;5.0;24.0;-19.0;5.0
6469;11.69;5.0;25.0;-20.0;5.0
6479;11.76;5.0;26.0;-21.0;5.0
6489;11.713333333333333;5.0;24.0;-19.0;5.0
6499;11.713333333333333;5.0;25.0;-20.0;5.0
6509;11.45;5.0;24.0;-19.0;5.0
6519;11.803333333333333;5.0;23.0;-18.0;5.0
6529;11.733333333333333;5.0;24.0;-19.0;5.0
6539;11.376666666666667;5.0;22.0;-17.0;5.0
6549;12.23;5.0;29.0;-24.0;5.0
6559;11.416666666666666;5.0;29.0;-24.0;5.0
6569;11.723333333333333;5.0;26.0;-21.0;5.0
6579;11.766666666666667;5.0;28.0;-23.0;5.0
6589;11.5;5.0;26.0;-21.0;5.0
6599;11.756666666666666;5.0;26.0;-21.0;5.0
6609;11.793333333333333;5.0;28.0;-23.0;5.0
6619;11.213333333333333;5.0;23.0;-18.0;5.0
6629;11.526666666666667;5.0;31.0;-26.0;5.0
6639;11.45;5.0;25.0;-20.0;5.0
6649;11.583333333333334;5.0;27.0;-22.0;5.0
6659;12.093333333333334;5.0;25.0;-20.0;5.0
6669;11.85;5.0;27.0;-22.0;5.0
6679;11.293333333333333;5.0;24.0;-19.0;5.0
6689;11.743333333333334;5.0;27.0;-22.0;5.0
6699;11.88;5.0;25.0;-20.0;5.0
6709;11.323333333333334;5.0;24.0;-19.0;5.0
6719;11.68;5.0;24.0;-19.0;5.0
6729;11.026666666666667;5.0;23.0;-18.0;5.0
6739;12.33;5.0;26.0;-21.0;5.0
6749;11.603333333333333;5.0;24.0;-19.0;5.0
6759;11.643333333333333;5.0;25.0;-20.0;5.0
6769;11.336666666666666;5.0;25.0;-20.0;5.0
6779;11.543333333333333;5.0;26.0;-21.0;5.0
6789;11.786666666666667;5.0;25.0;-20.0;5.0
6799;11.966666666666667;5.0;25.0;-20.0;5.0
6809;11.79;5.0;23.0;-18.0;5.0
6819;11.816666666666666;5.0;26.0;-21.0;5.0
6829;11.593333333333334;5.0;24.0;-19.0;5.0
6839;11.826666666666666;5.0;27.0;-22.0;5.0
6849;11.81;5.0;25.0;-20.0;5.0
6859;11.48;5.0;22.0;-17.0;5.0
6869;12.17;5.0;27.0;-22.0;5.0
6879;11.5;5.0;25.0;-20.0;5.0
6889;11.496666666666666;5.0;24.0;-19.0;5.0
6899;11.986666666666666;5.0;27.0;-22.0;5.0
6909;11.59;5.0;25.0;-20.0;5.0
6919;11.403333333333334;5.0;23.0;-18.0;5.0
6929;11.3;5.0;26.0;-21.0;5.0
6939;11.296666666666667;5.0;25.0;-20.0;5.0
6949;11.683333333333334;5.0;26.0;-21.0;5.0
6959;11.766666666666667;5.0;24.0;-19.0;5.0
6969;11.566666666666666;5.0;23.0;-18.0;5.0
6979;11.26;5.0;26.0;-21.0;5.0
6989;12.22;5.0;24.0;-19.0;5.0
6999;11.103333333333333;5.0;28.0;-23.0;5.0
7009;11.386666666666667;5.0;29.0;-24.0;5.0
7019;12.1;5.0;28.0;-23.0;5.0
7029;12.003333333333334;5.0;26.0;-21.0;5.0
7039;11.336666666666666;5.0;22.0;-17.0;5.0
7049;11.936666666666667;5.0;23.0;-18.0;5.0
7059;11.556666666666667;5.0;25.0;-20.0;5.0
7069;11.473333333333333;5.0;27.0;-22.0;5.0
7079;11.06;5.0;27.0;-22.0;5.0
7089;11.7;5.0;27.0;-22.0;5.0
7099;11.506666666666666;5.0;26.0;-21.0;5.0
7109;11.59;5.0;26.0;-21.0;5.0
7119;12.423333333333334;5.0;27.0;-22.0;5.0
7129;11.263333333333334;5.0;26.0;-21.0;5.0
7139;11.953333333333333;5.0;26.0;-21.0;5.0
7149;11.863333333333333;5.0;25.0;-20.0;5.0
7159;11.746666666666666;5.0;27.0;-22.0;5.0
7169;11.62;5.0;28.0;-23.0;5.0
7179;11.02;4.0;25.0;-21.0;4.0
7189;11.303333333333333;5.0;21.0;-16.0;4.0
7199;11.573333333333334;5.0;29.0;-24.0;4.0
7209;11.516666666666667;5.0;25.0;-20.0;4.0
7219;11.836666666666666;5.0;24.0;-19.0;4.0
7229;11.276666666666667;5.0;24.0;-19.0;4.0
7239;11.8;5.0;25.0;-20.0;4.0
7249;12.02;5.0;24.0;-19.0;4.0
7259;11.296666666666667;5.0;24.0;-19.0;4.0
7269;11.54;5.0;23.0;-18.0;4.0
7279;11.833333333333334;5.0;29.0;-24.0;4.0
7289;11.573333333333334;5.0;31.0;-26.0;4.0
7299;12.063333333333333;5.0;30.0;-25.0;4.0
7309;11.54;5.0;27.0;-22.0;4.0
7319;11.323333333333334;5.0;25.0;-20.0;4.0
7329;11.646666666666667;5.0;29.0;-24.0;4.0
7339;11.85;5.0;24.0;-19.0;4.0
7349;11.58;5.0;25.0;-20.0;4.0
7359;11.536666666666667;5.0;28.0;-23.0;4.0
7369;11.86;5.0;26.0;-21.0;4.0
7379;11.583333333333334;5.0;25.0;-20.0;4.0
7389;11.093333333333334;5.0;25.0;-20.0;4.0
7399;11.43;5.0;22.0;-17.0;4.0
7409;11.563333333333333;5.0;25.0;-20.0;4.0
7419;11.276666666666667;5.0;25.0;-20.0;4.0
7429;11.51;5.0;23.0;-18.0;4.0
7439;11.696666666666667;5.0;24.0;-19.0;4.0
7449;11.2;5.0;26.0;-21.0;4.0
7459;12.103333333333333;5.0;29.0;-24.0;4.0
7469;11.383333333333333;5.0;25.0;-20.0;4.0
7479;11.383333333333333;5.0;24.0;-19.0;4.0
7489;11.513333333333334;5.0;22.0;-17.0;4.0
7499;11.966666666666667;5.0;26.0;-21.0;4.0
7509;11.58;5.0;24.0;-19.0;4.0
7519;11.446666666666667;5.0;25.0;-20.0;4.0
7529;11.796666666666667;5.0;26.0;-21.0;4.0
7539;11.85;5.0;26.0;-21.0;4.0
7549;11.59;5.0;25.0;-20.0;4.0
7559;11.72;5.0;24.0;-19.0;4.0
7569;11.48;5.0;24.0;-19.0;4.0
7579;11.806666666666667;5.0;22.0;-17.0;4.0
7589;11.536666666666667;5.0;26.0;-21.0;4.0
7599;11.336666666666666;5.0;25.0;-20.0;4.0
7609;11.766666666666667;5.0;24.0;-19.0;4.0
7619;11.523333333333333;5.0;26.0;-21.0;4.0
7629;11.936666666666667;5.0;24.0;-19.0;4.0
7639;11.863333333333333;5.0;26.0;-21.0;4.0
7649;11.936666666666667;5.0;28.0;-23.0;4.0
7659;11.716666666666667;5.0;26.0;-21.0;4.0
7669;12.0;5.0;27.0;-22.0;4.0
7679;12.053333333333333;5.0;25.0;-20.0;4.0
7689;11.83;5.0;24.0;-19.0;4.0
7699;11.866666666666667;5.0;26.0;-21.0;4.0
7709;12.113333333333333;5.0;26.0;-21.0;4.0
7719;11.646666666666667;5.0;28.0;-23.0;4.0
7729;11.543333333333333;5.0;26.0;-21.0;4.0
7739;11.82;5.0;28.0;-23.0;4.0
7749;11.87;5.0;26.0;-21.0;4.0
7759;11.703333333333333;5.0;26.0;-21.0;4.0
7769;11.1;5.0;23.0;-18.0;4.0
7779;11.33;5.0;23.0;-18.0;4.0
7789;11.386666666666667;5.0;24.0;-19.0;4.0
7799;12.023333333333333;5.0;26.0;-21.0;4.0
7809;11.913333333333334;5.0;32.0;-27.0;4.0
7819;11.563333333333333;5.0;28.0;-23.0;4.0
7829;11.666666666666666;5.0;25.0;-20.0;4.0
7839;11.5;5.0;24.0;-19.0;4.0
7849;11.47;5.0;24.0;-19.0;4.0
7859;11.74;5.0;28.0;-23.0;4.0
7869;11.656666666666666;5.0;27.0;-22.0;4.0
7879;11.986666666666666;5.0;26.0;-21.0;4.0
7889;12.266666666666667;5.0;28.0;-23.0;4.0
7899;11.06;5.0;24.0;-19.0;4.0
7909;11.513333333333334;5.0;23.0;-18.0;4.0
7919;11.423333333333334;5.0;26.0;-21.0;4.0
7929;11.846666666666666;5.0;27.0;-22.0;4.0
7939;11.683333333333334;5.0;24.0;-19.0;4.0
7949;11.57;5.0;25.0;-20.0;4.0
7959;11.496666666666666;5.0;24.0;-19.0;4.0
7969;11.563333333333333;5.0;25.0;-20.0;4.0
7979;10.776666666666667;5.0;24.0;-19.0;4.0
7989;11.533333333333333;5.0;26.0;-21.0;4.0
7999;11.35;5.0;26.0;-21.0;4.0
8009;11.78;5.0;28.0;-23.0;4.0
8019;11.776666666666667;5.0;29.0;-24.0;4.0
8029;12.046666666666667;5.0;26.0;-21.0;4.0
8039;11.62;5.0;25.0;-20.0;4.0
8049;12.16;5.0;27.0;-22.0;4.0
8059;12.5;5.0;25.0;-20.0;4.0
8069;11.45;5.0;23.0;-18.0;4.0
8079;11.586666666666666;5.0;25.0;-20.0;4.0
8089;11.216666666666667;5.0;23.0;-18.0;4.0
8099;10.95;5.0;27.0;-22.0;4.0
8109;11.75;5.0;22.0;-17.0;4.0
8119;10.98;5.0;29.0;-24.0;4.0
8129;12.023333333333333;5.0;26.0;-21.0;4.0
8139;12.023333333333333;5.0;27.0;-22.0;4.0
8149;11.08;5.0;22.0;-17.0;4.0
8159;11.13;5.0;27.0;-22.0;4.0
8169;11.61;5.0;28.0;-23.0;4.0
8179;11.6;5.0;25.0;-20.0;4.0
8189;11.44;5.0;25.0;-20.0;4.0
8199;11.493333333333334;5.0;28.0;-23.0;4.0
8209;11.61;5.0;31.0;-26.0;4.0
8219;11.743333333333334;5.0;23.0;-18.0;4.0
8229;11.526666666666667;5.0;23.0;-18.0;4.0
8239;11.693333333333333;5.0;30.0;-25.0;4.0
8249;11.63;5.0;24.0;-19.0;4.0
8259;11.943333333333333;5.0;29.0;-24.0;4.0
8269;11.693333333333333;5.0;23.0;-18.0;4.0
8279;12.176666666666666;5.0;26.0;-21.0;4.0
8289;12.126666666666667;5.0;25.0;-20.0;4.0
8299;11.403333333333334;5.0;27.0;-22.0;4.0
8309;11.91;5.0;25.0;-20.0;4.0
8319;11.25;5.0;21.0;-16.0;4.0
8329;11.68;5.0;27.0;-22.0;4.0
8339;11.593333333333334;5.0;25.0;-20.0;4.0
8349;12.166666666666666;5.0;31.0;-26.0;4.0
8359;11.723333333333333;5.0;24.0;-19.0;4.0
8369;11.3;5.0;27.0;-22.0;4.0
8379;11.333333333333334;5.0;24.0;-19.0;4.0
8389;11.536666666666667;5.0;24.0;-19.0;4.0
8399;11.65;5.0;24.0;-19.0;4.0
8409;12.036666666666667;5.0;23.0;-18.0;4.0
8419;11.666666666666666;5.0;26.0;-21.0;4.0
8429;11.56;5.0;25.0;-20.0;4.0
8439;11.51;5.0;27.0;-22.0;4.0
8449;11.57;5.0;23.0;-18.0;4.0
8459;11.413333333333334;5.0;25.0;-20.0;4.0
8469;11.403333333333334;5.0;26.0;-21.0;4.0
8479;11.933333333333334;5.0;24.0;-19.0;4.0
8489;11.576666666666666;5.0;23.0;-18.0;4.0
8499;11.486666666666666;5.0;29.0;-24.0;4.0
8509;11.596666666666666;5.0;25.0;-20.0;4.0
8519;11.68;5.0;25.0;-20.0;4.0
8529;11.906666666666666;5.0;30.0;-25.0;4.0
8539;11.746666666666666;5.0;25.0;-20.0;4.0
8549;11.43;5.0;23.0;-18.0;4.0
8559;12.246666666666666;5.0;25.0;-20.0;4.0
8569;11.136666666666667;5.0;25.0;-20.0;4.0
8579;11.793333333333333;5.0;23.0;-18.0;4.0
8589;11.466666666666667;5.0;23.0;-18.0;4.0
8599;11.893333333333333;5.0;22.0;-17.0;4.0
8609;11.6;5.0;24.0;-19.0;4.0
8619;12.15;5.0;25.0;-20.0;4.0
8629;11.6;5.0;24.0;-19.0;4.0
8639;11.4;5.0;23.0;-18.0;4.0
8649;11.903333333333334;5.0;25.0;-20.0;4.0
8659;11.553333333333333;5.0;26.0;-21.0;4.0
8669;11.846666666666666;4.0;29.0;-25.0;4.0
8679;10.853333333333333;4.0;23.0;-19.0;4.0
8689;10.916666666666666;4.0;23.0;-19.0;4.0
8699;10.853333333333333;4.0;25.0;-21.0;4.0
8709;11.503333333333334;4.0;24.0;-20.0;4.0
8719;10.543333333333333;4.0;27.0;-23.0;4.0
8729;10.373333333333333;4.0;25.0;-21.0;4.0
8739;11.126666666666667;4.0;24.0;-20.0;4.0
8749;10.436666666666667;4.0;21.0;-17.0;4.0
8759;11.096666666666666;4.0;26.0;-22.0;4.0
8769;10.756666666666666;4.0;25.0;-21.0;4.0
8779;10.78;4.0;26.0;-22.0;4.0
8789;10.853333333333333;4.0;28.0;-24.0;4.0
8799;11.016666666666667;4.0;24.0;-20.0;4.0
8809;10.956666666666667;4.0;26.0;-22.0;4.0
8819;10.833333333333334;4.0;25.0;-21.0;4.0
8829;10.58;4.0;27.0;-23.0;4.0
8839;10.97;4.0;24.0;-20.0;4.0
8849;11.213333333333333;4.0;26.0;-22.0;4.0
8859;10.893333333333333;4.0;24.0;-20.0;4.0
8869;10.223333333333333;4.0;25.0;-21.0;4.0
8879;10.953333333333333;4.0;24.0;-20.0;4.0
8889;11.663333333333334;4.0;26.0;-22.0;4.0
8899;10.45;4.0;24.0;-20.0;4.0
8909;10.98;4.0;25.0;-21.0;4.0
8919;10.55;4.0;27.0;-23.0;4.0
8929;10.813333333333333;4.0;28.0;-24.0;4.0
8939;10.686666666666667;4.0;23.0;-19.0;4.0
8949;10.436666666666667;4.0;25.0;-21.0;4.0
8959;10.956666666666667;4.0;23.0;-19.0;4.0
8969;10.81;4.0;25.0;-21.0;4.0
8979;10.55;4.0;23.0;-19.0;4.0
8989;10.383333333333333;4.0;23.0;-19.0;4.0
8999;10.856666666666667;4.0;25.0;-21.0;4.0
9009;11.016666666666667;4.0;25.0;-21.0;4.0
9019;10.623333333333333;4.0;28.0;-24.0;4.0
9029;10.326666666666666;4.0;28.0;-24.0;4.0
9039;10.846666666666666;4.0;23.0;-19.0;4.0
9049;11.02;4.0;26.0;-22.0;4.0
9059;10.533333333333333;4.0;23.0;-19.0;4.0
9069;11.036666666666667;4.0;24.0;-20.0;4.0
9079;10.773333333333333;4.0;22.0;-18.0;4.0
9089;10.403333333333334;4.0;25.0;-21.0;4.0
9099;10.84;4.0;24.0;-20.0;4.0
9109;10.77;4.0;24.0;-20.0;4.0
9119;10.953333333333333;4.0;23.0;-19.0;4.0
9129;10.793333333333333;4.0;26.0;-22.0;4.0
9139;10.87;4.0;32.0;-28.0;4.0
9149;11.04;4.0;26.0;-22.0;4.0
9159;10.343333333333334;4.0;21.0;-17.0;4.0
9169;10.933333333333334;4.0;25.0;-21.0;4.0
9179;11.27;4.0;27.0;-23.0;4.0
9189;10.37;4.0;30.0;-26.0;4.0
9199;11.193333333333333;4.0;23.0;-19.0;4.0
9209;10.666666666666666;4.0;22.0;-18.0;4.0
9219;10.57;4.0;23.0;-19.0;4.0
9229;10.78;4.0;26.0;-22.0;4.0
9239;10.53;4.0;27.0;-23.0;4.0
9249;10.52;4.0;26.0;-22.0;4.0
9259;10.913333333333334;4.0;26.0;-22.0;4.0
9269;10.736666666666666;4.0;27.0;-23.0;4.0
9279;10.8;4.0;27.0;-23.0;4.0
9289;10.676666666666666;4.0;24.0;-20.0;4.0
9299;11.326666666666666;4.0;24.0;-20.0;4.0
9309;10.58;4.0;23.0;-19.0;4.0
9319;10.12;4.0;21.0;-17.0;4.0
9329;10.533333333333333;4.0;24.0;-20.0;4.0
9339;10.453333333333333;4.0;25.0;-21.0;4.0
9349;11.056666666666667;4.0;27.0;-23.0;4.0
9359;11.103333333333333;4.0;24.0;-20.0;4.0
9369;10.716666666666667;4.0;26.0;-22.0;4.0
9379;10.206666666666667;4.0;22.0;-18.0;4.0
9389;10.783333333333333;4.0;25.0;-21.0;4.0
9399;10.996666666666666;4.0;24.0;-20.0;4.0
9409;11.24;4.0;24.0;-20.0;4.0
9419;11.0;4.0;28.0;-24.0;4.0
9429;10.856666666666667;4.0;22.0;-18.0;4.0
9439;10.81;4.0;26.0;-22.0;4.0
9449;10.666666666666666;4.0;28.0;-24.0;4.0
9459;10.286666666666667;4.0;23.0;-19.0;4.0
9469;10.72;4.0;26.0;-22.0;4.0
9479;11.21;4.0;24.0;-20.0;4.0
9489;10.71;4.0;25.0;-21.0;4.0
9499;11.45;4.0;27.0;-23.0;4.0
9509;10.973333333333333;4.0;28.0;-24.0;4.0
9519;10.276666666666667;4.0;24.0;-20.0;4.0
9529;10.546666666666667;4.0;24.0;-20.0;4.0
9539;11.023333333333333;4.0;24.0;-20.0;4.0
9549;10.623333333333333;4.0;25.0;-21.0;4.0
9559;11.096666666666666;4.0;23.0;-19.0;4.0
9569;10.786666666666667;4.0;25.0;-21.0;4.0
9579;10.91;4.0;25.0;-21.0;4.0
9589;10.93;4.0;28.0;-24.0;4.0
9599;10.6;4.0;29.0;-25.0;4.0
9609;10.64;4.0;22.0;-18.0;4.0
9619;10.376666666666667;4.0;24.0;-20.0;4.0
9629;11.093333333333334;4.0;22.0;-18.0;4.0
9639;10.75;4.0;27.0;-23.0;4.0
9649;10.703333333333333;4.0;22.0;-18.0;4.0
9659;10.746666666666666;4.0;27.0;-23.0;4.0
9669;10.52;4.0;26.0;-22.0;4.0
9679;10.94;4.0;25.0;-21.0;4.0
9689;10.076666666666666;4.0;25.0;-21.0;4.0
9699;11.18;4.0;28.0;-24.0;4.0
9709;10.503333333333334;4.0;22.0;-18.0;4.0
9719;10.616666666666667;4.0;26.0;-22.0;4.0
9729;10.883333333333333;4.0;25.0;-21.0;4.0
9739;11.383333333333333;4.0;25.0;-21.0;4.0
9749;10.636666666666667;4.0;25.0;-21.0;4.0
9759;10.42;4.0;26.0;-22.0;4.0
9769;10.726666666666667;4.0;24.0;-20.0;4.0
9779;11.586666666666666;4.0;24.0;-20.0;4.0
9789;10.633333333333333;4.0;24.0;-20.0;4.0
9799;10.643333333333333;4.0;24.0;-20.0;4.0
9809;11.026666666666667;4.0;25.0;-21.0;4.0
9819;10.65;4.0;24.0;-20.0;4.0
9829;10.623333333333333;4.0;25.0;-21.0;4.0
9839;10.593333333333334;4.0;23.0;-19.0;4.0
9849;10.8;4.0;25.0;-21.0;4.0
9859;10.783333333333333;4.0;26.0;-22.0;4.0
9869;10.953333333333333;4.0;25.0;-21.0;4.0
9879;10.34;4.0;28.0;-24.0;4.0
9889;10.106666666666667;4.0;22.0;-18.0;4.0
9899;10.686666666666667;4.0;23.0;-19.0;4.0
9909;10.76;4.0;21.0;-17.0;4.0
9919;10.666666666666666;4.0;24.0;-20.0;4.0
9929;10.59;4.0;27.0;-23.0;4.0
9939;10.69;4.0;20.0;-16.0;4.0
9949;10.56;4.0;24.0;-20.0;4.0
9959;10.723333333333333;4.0;22.0;-18.0;4.0
9969;10.986666666666666;4.0;22.0;-18.0;4.0
9979;10.886666666666667;4.0;23.0;-19.0;4.0
9989;11.133333333333333;4.0;23.0;-19.0;4.0
9999;10.523333333333333;4.0;23.0;-19.0;4.0
10009;11.203333333333333;4.0;22.0;-18.0;4.0
10019;10.866666666666667;4.0;24.0;-20.0;4.0
10029;11.16;4.0;25.0;-21.0;4.0
10039;10.936666666666667;4.0;25.0;-21.0;4.0
10049;10.583333333333334;4.0;23.0;-19.0;4.0
10059;10.64;4.0;22.0;-18.0;4.0
10069;10.636666666666667;4.0;24.0;-20.0;4.0
10079;10.903333333333334;4.0;26.0;-22.0;4.0
10089;10.933333333333334;4.0;25.0;-21.0;4.0
10099;10.703333333333333;4.0;23.0;-19.0;4.0
10109;10.54;4.0;24.0;-20.0;4.0
10119;10.92;4.0;26.0;-22.0;4.0
10129;10.793333333333333;4.0;29.0;-25.0;4.0
10139;10.976666666666667;4.0;30.0;-26.0;4.0
10149;10.266666666666667;4.0;24.0;-20.0;4.0
10159;10.426666666666666;4.0;25.0;-21.0;4.0
10169;10.23;4.0;24.0;-20.0;4.0
10179;10.49;4.0;26.0;-22.0;4.0
10189;10.88;4.0;26.0;-22.0;4.0
10199;11.2;4.0;24.0;-20.0;4.0
10209;10.4;4.0;23.0;-19.0;4.0
10219;10.496666666666666;4.0;24.0;-20.0;4.0
10229;10.77;4.0;26.0;-22.0;4.0
10239;10.926666666666666;4.0;24.0;-20.0;4.0
10249;10.876666666666667;4.0;26.0;-22.0;4.0
10259;10.68;4.0;24.0;-20.0;4.0
10269;10.103333333333333;4.0;24.0;-20.0;4.0
10279;10.896666666666667;4.0;25.0;-21.0;4.0
10289;11.11;4.0;24.0;-20.0;4.0
10299;10.68;4.0;26.0;-22.0;4.0
10309;10.38;4.0;27.0;-23.0;4.0
10319;11.12;4.0;25.0;-21.0;4.0
10329;10.673333333333334;4.0;23.0;-19.0;4.0
10339;10.696666666666667;4.0;25.0;-21.0;4.0
10349;10.633333333333333;4.0;24.0;-20.0;4.0
10359;11.453333333333333;4.0;23.0;-19.0;4.0
10369;10.376666666666667;4.0;27.0;-23.0;4.0
10379;10.993333333333334;4.0;23.0;-19.0;4.0
10389;11.05;4.0;22.0;-18.0;4.0
10399;10.71;4.0;21.0;-17.0;4.0
10409;10.916666666666666;4.0;25.0;-21.0;4.0
10419;10.65;4.0;24.0;-20.0;4.0
10429;10.543333333333333;4.0;26.0;-22.0;4.0
10439;10.536666666666667;4.0;26.0;-22.0;4.0
10449;10.873333333333333;4.0;26.0;-22.0;4.0
10459;10.843333333333334;4.0;24.0;-20.0;4.0
10469;10.723333333333333;4.0;24.0;-20.0;4.0
10479;10.77;4.0;22.0;-18.0;4.0
10489;10.393333333333333;4.0;23.0;-19.0;4.0
10499;11.266666666666667;4.0;33.0;-29.0;4.0
10509;10.903333333333334;4.0;25.0;-21.0;4.0
10519;10.693333333333333;4.0;22.0;-18.0;4.0
10529;10.506666666666666;4.0;24.0;-20.0;4.0
10539;10.426666666666666;4.0;24.0;-20.0;4.0
10549;10.816666666666666;4.0;25.0;-21.0;4.0
10559;10.623333333333333;4.0;24.0;-20.0;4.0
10569;10.283333333333333;4.0;22.0;-18.0;4.0
10579;11.223333333333333;4.0;24.0;-20.0;4.0
10589;10.05;4.0;26.0;-22.0;4.0
10599;10.61;4.0;28.0;-24.0;4.0
10609;11.116666666666667;4.0;28.0;-24.0;4.0
10619;10.74;4.0;23.0;-19.0;4.0
10629;10.79;4.0;27.0;-23.0;4.0
10639;10.883333333333333;4.0;24.0;-20.0;4.0
10649;10.703333333333333;4.0;23.0;-19.0;4.0
10659;11.19;4.0;25.0;-21.0;4.0
10669;10.336666666666666;4.0;27.0;-23.0;4.0
10679;10.803333333333333;4.0;26.0;-22.0;4.0
10689;10.066666666666666;4.0;21.0;-17.0;4.0
10699;10.673333333333334;4.0;25.0;-21.0;4.0
10709;11.296666666666667;4.0;23.0;-19.0;4.0
10719;11.01;4.0;23.0;-19.0;4.0
10729;10.856666666666667;4.0;25.0;-21.0;4.0
10739;9.973333333333333;4.0;25.0;-21.0;4.0
10749;10.586666666666666;4.0;25.0;-21.0;4.0
10759;10.68;4.0;24.0;-20.0;4.0
10769;10.53;4.0;28.0;-24.0;4.0
10779;10.213333333333333;4.0;27.0;-23.0;4.0
10789;10.83;4.0;24.0;-20.0;4.0
10799;10.733333333333333;4.0;23.0;-19.0;4.0
10809;10.77;4.0;21.0;-17.0;4.0
10819;10.343333333333334;4.0;23.0;-19.0;4.0
10829;10.286666666666667;4.0;26.0;-22.0;4.0
10839;10.306666666666667;4.0;25.0;-21.0;4.0
10849;11.283333333333333;4.0;25.0;-21.0;4.0
10859;10.74;4.0;23.0;-19.0;4.0
10869;10.58;4.0;27.0;-23.0;4.0
10879;10.896666666666667;4.0;25.0;-21.0;4.0
10889;10.873333333333333;4.0;26.0;-22.0;4.0
10899;10.45;4.0;23.0;-19.0;4.0
10909;10.393333333333333;4.0;25.0;-21.0;4.0
10919;10.93;4.0;24.0;-20.0;4.0
10929;10.786666666666667;4.0;22.0;-18.0;4.0
10939;11.486666666666666;4.0;22.0;-18.0;4.0
10949;11.516666666666667;4.0;23.0;-19.0;4.0
10959;10.29;4.0;22.0;-18.0;4.0
10969;10.856666666666667;4.0;26.0;-22.0;4.0
10979;10.163333333333334;4.0;23.0;-19.0;4.0
10989;10.726666666666667;4.0;25.0;-21.0;4.0
10999;10.43;4.0;25.0;-21.0;4.0
11009;11.03;4.0;24.0;-20.0;4.0
11019;10.713333333333333;4.0;30.0;-26.0;4.0
11029;10.71;4.0;27.0;-23.0;4.0
11039;10.913333333333334;4.0;23.0;-19.0;4.0
11049;10.106666666666667;4.0;24.0;-20.0;4.0
11059;10.053333333333333;4.0;28.0;-24.0;4.0
11069;10.926666666666666;4.0;25.0;-21.0;4.0
11079;10.986666666666666;4.0;24.0;-20.0;4.0
11089;10.676666666666666;4.0;27.0;-23.0;4.0
11099;10.323333333333334;4.0;23.0;-19.0;4.0
11109;10.75;4.0;25.0;-21.0;4.0
11119;11.066666666666666;4.0;25.0;-21.0;4.0
11129;10.65;4.0;26.0;-22.0;4.0
11139;10.93;4.0;22.0;-18.0;4.0
11149;10.866666666666667;4.0;25.0;-21.0;4.0
11159;10.776666666666667;4.0;23.0;-19.0;4.0
11169;10.68;4.0;23.0;-19.0;4.0
11179;10.91;4.0;24.0;-20.0;4.0
11189;10.816666666666666;4.0;26.0;-22.0;4.0
11199;10.93;4.0;23.0;-19.0;4.0
11209;10.586666666666666;4.0;21.0;-17.0;4.0
11219;10.54;4.0;26.0;-22.0;4.0
11229;10.37;4.0;25.0;-21.0;4.0
11239;10.683333333333334;4.0;23.0;-19.0;4.0
11249;10.73;4.0;25.0;-21.0;4.0
11259;10.633333333333333;4.0;28.0;-24.0;4.0
11269;11.15;4.0;23.0;-19.0;4.0
11279;11.01;4.0;28.0;-24.0;4.0
11289;10.596666666666666;4.0;24.0;-20.0;4.0
11299;11.003333333333334;4.0;24.0;-20.0;4.0
11309;10.676666666666666;4.0;25.0;-21.0;4.0
11319;10.47;4.0;21.0;-17.0;4.0
11329;11.036666666666667;4.0;26.0;-22.0;4.0
11339;10.616666666666667;4.0;22.0;-18.0;4.0
11349;10.486666666666666;4.0;24.0;-20.0;4.0
11359;10.706666666666667;4.0;24.0;-20.0;4.0
11369;10.323333333333334;4.0;23.0;-19.0;4.0
11379;10.936666666666667;4.0;24.0;-20.0;4.0
11389;11.316666666666666;4.0;25.0;-21.0;4.0
11399;10.986666666666666;4.0;26.0;-22.0;4.0
11409;10.556666666666667;4.0;26.0;-22.0;4.0
11419;10.476666666666667;4.0;24.0;-20.0;4.0
11429;10.64;4.0;23.0;-19.0;4.0
11439;11.353333333333333;4.0;25.0;-21.0;4.0
11449;10.923333333333334;4.0;21.0;-17.0;4.0
11459;10.876666666666667;4.0;32.0;-28.0;4.0
11469;11.103333333333333;4.0;24.0;-20.0;4.0
11479;11.163333333333334;4.0;27.0;-23.0;4.0
11489;10.79;4.0;25.0;-21.0;4.0
11499;10.586666666666666;4.0;23.0;-19.0;4.0
11509;11.043333333333333;4.0;23.0;-19.0;4.0
11519;10.11;4.0;22.0;-18.0;4.0
11529;11.566666666666666;4.0;24.0;-20.0;4.0
11539;10.313333333333333;4.0;21.0;-17.0;4.0
11549;10.536666666666667;4.0;24.0;-20.0;4.0
11559;10.95;4.0;24.0;-20.0;4.0
11569;10.476666666666667;4.0;29.0;-25.0;4.0
11579;11.093333333333334;4.0;22.0;-18.0;4.0
11589;10.546666666666667;4.0;25.0;-21.0;4.0
11599;10.906666666666666;4.0;27.0;-23.0;4.0
11609;10.916666666666666;4.0;24.0;-20.0;4.0
11619;10.91;4.0;25.0;-21.0;4.0
11629;10.726666666666667;4.0;25.0;-21.0;4.0
11639;10.996666666666666;4.0;25.0;-21.0;4.0
11649;10.7;4.0;29.0;-25.0;4.0
11659;10.643333333333333;4.0;27.0;-23.0;4.0
11669;10.463333333333333;4.0;28.0;-24.0;4.0
11679;10.846666666666666;4.0;27.0;-23.0;4.0
11689;10.816666666666666;4.0;29.0;-25.0;4.0
11699;10.883333333333333;4.0;24.0;-20.0;4.0
11709;10.476666666666667;4.0;27.0;-23.0;4.0
11719;10.8;4.0;22.0;-18.0;4.0
11729;11.063333333333333;4.0;25.0;-21.0;4.0
11739;10.986666666666666;4.0;27.0;-23.0;4.0
11749;10.903333333333334;4.0;24.0;-20.0;4.0
11759;10.66;4.0;22.0;-18.0;4.0
11769;11.233333333333333;4.0;27.0;-23.0;4.0
11779;10.813333333333333;4.0;23.0;-19.0;4.0
11789;10.183333333333334;4.0;21.0;-17.0;4.0
11799;9.903333333333334;4.0;21.0;-17.0;4.0
11809;10.476666666666667;4.0;25.0;-21.0;4.0
11819;11.196666666666667;4.0;24.0;-20.0;4.0
11829;10.553333333333333;4.0;24.0;-20.0;4.0
11839;10.933333333333334;4.0;27.0;-23.0;4.0
11849;11.196666666666667;4.0;25.0;-21.0;4.0
11859;10.686666666666667;4.0;23.0;-19.0;4.0
11869;9.906666666666666;4.0;21.0;-17.0;4.0
11879;10.476666666666667;4.0;21.0;-17.0;4.0
11889;10.606666666666667;4.0;24.0;-20.0;4.0
11899;10.606666666666667;4.0;24.0;-20.0;4.0
11909;10.82;4.0;24.0;-20.0;4.0
11919;11.72;4.0;30.0;-26.0;4.0
11929;10.38;4.0;26.0;-22.0;4.0
11939;11.263333333333334;4.0;25.0;-21.0;4.0
11949;10.5;4.0;23.0;-19.0;4.0
11959;10.86;4.0;25.0;-21.0;4.0
11969;11.083333333333334;4.0;28.0;-24.0;4.0
11979;11.296666666666667;4.0;25.0;-21.0;4.0
11989;10.506666666666666;4.0;27.0;-23.0;4.0
11999;10.776666666666667;4.0;23.0;-19.0;4.0
12009;10.836666666666666;4.0;26.0;-22.0;4.0
12019;11.426666666666666;4.0;27.0;-23.0;4.0
12029;10.87;4.0;22.0;-18.0;4.0
12039;11.026666666666667;4.0;26.0;-22.0;4.0
12049;11.32;4.0;24.0;-20.0;4.0
12059;11.033333333333333;4.0;27.0;-23.0;4.0
12069;10.986666666666666;4.0;28.0;-24.0;4.0
12079;10.796666666666667;4.0;27.0;-23.0;4.0
12089;10.573333333333334;4.0;22.0;-18.0;4.0
12099;10.65;4.0;25.0;-21.0;4.0
12109;10.846666666666666;4.0;28.0;-24.0;4.0
12119;10.703333333333333;4.0;23.0;-19.0;4.0
12129;11.2;4.0;25.0;-21.0;4.0
12139;11.086666666666666;4.0;26.0;-22.0;4.0
12149;11.323333333333334;4.0;22.0;-18.0;4.0
12159;10.9;4.0;23.0;-19.0;4.0
12169;10.576666666666666;4.0;25.0;-21.0;4.0
12179;10.443333333333333;4.0;21.0;-17.0;4.0
12189;10.946666666666667;4.0;22.0;-18.0;4.0
12199;10.543333333333333;4.0;24.0;-20.0;4.0
12209;10.52;4.0;27.0;-23.0;4.0
12219;10.716666666666667;4.0;23.0;-19.0;4.0
12229;10.956666666666667;4.0;27.0;-23.0;4.0
12239;10.513333333333334;4.0;22.0;-18.0;4.0
12249;10.676666666666666;4.0;24.0;-20.0;4.0
12259;10.463333333333333;4.0;22.0;-18.0;4.0
12269;10.53;4.0;21.0;-17.0;4.0
12279;10.643333333333333;4.0;25.0;-21.0;4.0
12289;10.763333333333334;4.0;25.0;-21.0;4.0
12299;10.73;4.0;23.0;-19.0;4.0
12309;10.636666666666667;4.0;21.0;-17.0;4.0
12319;10.546666666666667;4.0;27.0;-23.0;4.0
12329;11.143333333333333;4.0;26.0;-22.0;4.0
12339;11.276666666666667;4.0;23.0;-19.0;4.0
12349;10.176666666666666;4.0;25.0;-21.0;4.0
12359;10.433333333333334;4.0;25.0;-21.0;4.0
12369;10.913333333333334;4.0;23.0;-19.0;4.0
12379;10.96;4.0;23.0;-19.0;4.0
12389;10.89;4.0;28.0;-24.0;4.0
12399;11.09;4.0;22.0;-18.0;4.0
12409;11.11;4.0;25.0;-21.0;4.0
12419;10.793333333333333;4.0;29.0;-25.0;4.0
12429;10.803333333333333;4.0;30.0;-26.0;4.0
12439;11.306666666666667;4.0;27.0;-23.0;4.0
12449;10.386666666666667;4.0;26.0;-22.0;4.0
12459;11.18;4.0;27.0;-23.0;4.0
12469;10.74;4.0;26.0;-22.0;4.0
12479;10.893333333333333;4.0;27.0;-23.0;4.0
12489;10.753333333333334;4.0;26.0;-22.0;4.0
12499;10.883333333333333;4.0;26.0;-22.0;4.0
12509;11.156666666666666;4.0;27.0;-23.0;4.0
12519;10.753333333333334;4.0;25.0;-21.0;4.0
12529;10.74;4.0;24.0;-20.0;4.0
12539;10.716666666666667;4.0;24.0;-20.0;4.0
12549;10.5;4.0;26.0;-22.0;4.0
12559;11.023333333333333;4.0;30.0;-26.0;4.0
12569;11.043333333333333;4.0;25.0;-21.0;4.0
12579;10.62;4.0;26.0;-22.0;4.0
12589;10.963333333333333;4.0;24.0;-20.0;4.0
12599;10.67;4.0;23.0;-19.0;4.0
12609;11.09;4.0;21.0;-17.0;4.0
12619;11.4;4.0;27.0;-23.0;4.0
12629;11.18;4.0;25.0;-21.0;4.0
12639;10.926666666666666;4.0;22.0;-18.0;4.0
12649;10.813333333333333;4.0;26.0;-22.0;4.0
12659;10.69;4.0;28.0;-24.0;4.0
12669;10.73;4.0;23.0;-19.0;4.0
12679;10.68;4.0;25.0;-21.0;4.0
12689;10.956666666666667;4.0;26.0;-22.0;4.0
12699;10.736666666666666;4.0;22.0;-18.0;4.0
12709;10.176666666666666;4.0;25.0;-21.0;4.0
12719;11.206666666666667;4.0;21.0;-17.0;4.0
12729;10.716666666666667;4.0;26.0;-22.0;4.0
12739;10.89;4.0;26.0;-22.0;4.0
12749;10.623333333333333;4.0;26.0;-22.0;4.0
12759;10.2;4.0;24.0;-20.0;4.0
12769;10.44;4.0;28.0;-24.0;4.0
12779;10.57;4.0;23.0;-19.0;4.0
12789;10.28;4.0;22.0;-18.0;4.0
12799;11.106666666666667;4.0;27.0;-23.0;4.0
12809;10.656666666666666;4.0;24.0;-20.0;4.0
12819;11.04;4.0;26.0;-22.0;4.0
12829;10.383333333333333;4.0;27.0;-23.0;4.0
12839;11.426666666666666;4.0;24.0;-20.0;4.0
12849;10.116666666666667;4.0;25.0;-21.0;4.0
12859;10.503333333333334;4.0;23.0;-19.0;4.0
12869;11.043333333333333;4.0;28.0;-24.0;4.0
12879;10.213333333333333;4.0;23.0;-19.0;4.0
12889;10.96;4.0;27.0;-23.0;4.0
12899;9.936666666666667;4.0;22.0;-18.0;4.0
12909;10.633333333333333;4.0;27.0;-23.0;4.0
12919;10.156666666666666;4.0;30.0;-26.0;4.0
12929;10.343333333333334;4.0;27.0;-23.0;4.0
12939;10.53;4.0;23.0;-19.0;4.0
12949;10.903333333333334;4.0;25.0;-21.0;4.0
12959;10.833333333333334;4.0;22.0;-18.0;4.0
12969;10.84;4.0;26.0;-22.0;4.0
12979;11.03;4.0;24.0;-20.0;4.0
12989;10.43;4.0;23.0;-19.0;4.0
12999;10.676666666666666;4.0;28.0;-24.0;4.0
13009;10.51;4.0;21.0;-17.0;4.0
13019;10.19;4.0;25.0;-21.0;4.0
13029;11.14;4.0;23.0;-19.0;4.0
13039;10.776666666666667;4.0;27.0;-23.0;4.0
13049;10.753333333333334;4.0;24.0;-20.0;4.0
13059;10.393333333333333;4.0;27.0;-23.0;4.0
13069;10.5;4.0;24.0;-20.0;4.0
13079;10.663333333333334;4.0;24.0;-20.0;4.0
13089;11.076666666666666;4.0;26.0;-22.0;4.0
13099;10.303333333333333;4.0;25.0;-21.0;4.0
13109;10.733333333333333;4.0;23.0;-19.0;4.0
13119;10.563333333333333;4.0;21.0;-17.0;4.0
13129;10.896666666666667;4.0;24.0;-20.0;4.0
13139;10.913333333333334;4.0;23.0;-19.0;4.0
13149;11.14;4.0;27.0;-23.0;4.0
13159;11.236666666666666;4.0;25.0;-21.0;4.0
13169;10.526666666666667;4.0;21.0;-17.0;4.0
13179;10.846666666666666;4.0;29.0;-25.0;4.0
13189;10.973333333333333;4.0;30.0;-26.0;4.0
13199;10.916666666666666;4.0;23.0;-19.0;4.0
13209;10.713333333333333;4.0;31.0;-27.0;4.0
13219;10.713333333333333;4.0;27.0;-23.0;4.0
13229;10.656666666666666;4.0;24.0;-20.0;4.0
13239;10.653333333333334;4.0;30.0;-26.0;4.0
13249;10.44;4.0;22.0;-18.0;4.0
13259;10.73;4.0;24.0;-20.0;4.0
13269;10.883333333333333;4.0;24.0;-20.0;4.0
13279;10.99;4.0;21.0;-17.0;4.0
13289;11.14;4.0;26.0;-22.0;4.0
13299;10.876666666666667;4.0;25.0;-21.0;4.0
13309;10.583333333333334;4.0;24.0;-20.0;4.0
13319;10.473333333333333;4.0;22.0;-18.0;4.0
13329;10.5;4.0;26.0;-22.0;4.0
13339;10.81;4.0;30.0;-26.0;4.0
13349;10.9;4.0;28.0;-24.0;4.0
13359;10.323333333333334;4.0;22.0;-18.0;4.0
13369;10.74;4.0;29.0;-25.0;4.0
13379;11.156666666666666;4.0;27.0;-23.0;4.0
13389;11.116666666666667;4.0;28.0;-24.0;4.0
13399;10.996666666666666;4.0;27.0;-23.0;4.0
13409;10.83;4.0;25.0;-21.0;4.0
13419;10.493333333333334;4.0;23.0;-19.0;4.0
13429;10.613333333333333;4.0;24.0;-20.0;4.0
13439;10.813333333333333;4.0;22.0;-18.0;4.0
13449;10.65;4.0;24.0;-20.0;4.0
13459;10.926666666666666;4.0;25.0;-21.0;4.0
13469;11.53;4.0;25.0;-21.0;4.0
13479;11.253333333333334;4.0;26.0;-22.0;4.0
13489;11.046666666666667;4.0;25.0;-21.0;4.0
13499;11.036666666666667;4.0;25.0;-21.0;4.0
13509;10.673333333333334;4.0;27.0;-23.0;4.0
13519;10.596666666666666;4.0;26.0;-22.0;4.0
13529;10.586666666666666;4.0;26.0;-22.0;4.0
13539;11.34;4.0;24.0;-20.0;4.0
13549;10.453333333333333;4.0;24.0;-20.0;4.0
13559;10.41;4.0;21.0;-17.0;4.0
13569;10.943333333333333;4.0;24.0;-20.0;4.0
13579;10.636666666666667;4.0;22.0;-18.0;4.0
13589;10.316666666666666;4.0;22.0;-18.0;4.0
13599;10.626666666666667;4.0;23.0;-19.0;4.0
13609;11.046666666666667;4.0;30.0;-26.0;4.0
13619;10.233333333333333;4.0;24.0;-20.0;4.0
13629;10.626666666666667;4.0;22.0;-18.0;4.0
13639;11.35;4.0;24.0;-20.0;4.0
13649;10.393333333333333;4.0;25.0;-21.0;4.0
13659;10.306666666666667;4.0;24.0;-20.0;4.0
13669;10.923333333333334;4.0;22.0;-18.0;4.0
13679;11.04;4.0;25.0;-21.0;4.0
13689;11.106666666666667;4.0;24.0;-20.0;4.0
13699;11.37;4.0;25.0;-21.0;4.0
13709;10.76;4.0;24.0;-20.0;4.0
13719;11.173333333333334;4.0;24.0;-20.0;4.0
13729;11.006666666666666;4.0;22.0;-18.0;4.0
13739;10.886666666666667;4.0;31.0;-27.0;4.0
13749;10.913333333333334;4.0;27.0;-23.0;4.0
13759;10.786666666666667;4.0;24.0;-20.0;4.0
13769;10.596666666666666;4.0;26.0;-22.0;4.0
13779;10.393333333333333;4.0;26.0;-22.0;4.0
13789;10.72;4.0;25.0;-21.0;4.0
13799;10.583333333333334;4.0;23.0;-19.0;4.0
13809;10.81;4.0;25.0;-21.0;4.0
13819;10.453333333333333;4.0;27.0;-23.0;4.0
13829;10.626666666666667;4.0;27.0;-23.0;4.0
13839;10.963333333333333;4.0;28.0;-24.0;4.0
13849;10.713333333333333;4.0;23.0;-19.0;4.0
13859;10.61;4.0;28.0;-24.0;4.0
13869;11.09;4.0;34.0;-30.0;4.0
13879;10.683333333333334;4.0;24.0;-20.0;4.0
13889;10.816666666666666;4.0;26.0;-22.0;4.0
13899;11.73;4.0;28.0;-24.0;4.0
13909;10.87;4.0;25.0;-21.0;4.0
13919;11.133333333333333;4.0;24.0;-20.0;4.0
13929;10.623333333333333;4.0;23.0;-19.0;4.0
13939;10.826666666666666;4.0;22.0;-18.0;4.0
13949;10.483333333333333;4.0;22.0;-18.0;4.0
13959;10.556666666666667;4.0;24.0;-20.0;4.0
13969;11.066666666666666;4.0;24.0;-20.0;4.0
13979;11.103333333333333;4.0;28.0;-24.0;4.0
13989;10.763333333333334;4.0;22.0;-18.0;4.0
13999;10.796666666666667;4.0;26.0;-22.0;4.0
14009;11.446666666666667;4.0;28.0;-24.0;4.0
14019;10.273333333333333;4.0;25.0;-21.0;4.0
14029;11.0;4.0;24.0;-20.0;4.0
14039;10.68;4.0;26.0;-22.0;4.0
14049;10.543333333333333;4.0;24.0;-20.0;4.0
14059;10.566666666666666;4.0;27.0;-23.0;4.0
14069;10.656666666666666;4.0;23.0;-19.0;4.0
14079;10.85;4.0;25.0;-21.0;4.0
14089;10.793333333333333;4.0;24.0;-20.0;4.0
14099;10.5;4.0;23.0;-19.0;4.0
14109;10.566666666666666;4.0;26.0;-22.0;4.0
14119;10.943333333333333;4.0;25.0;-21.0;4.0
14129;10.796666666666667;4.0;24.0;-20.0;4.0
14139;10.653333333333334;4.0;26.0;-22.0;4.0
14149;10.786666666666667;4.0;24.0;-20.0;4.0
14159;10.816666666666666;4.0;24.0;-20.0;4.0
14169;11.176666666666666;4.0;28.0;-24.0;4.0
14179;10.673333333333334;4.0;27.0;-23.0;4.0
14189;10.916666666666666;4.0;30.0;-26.0;4.0
14199;10.546666666666667;4.0;25.0;-21.0;4.0
14209;10.296666666666667;4.0;23.0;-19.0;4.0
14219;10.783333333333333;4.0;24.0;-20.0;4.0
14229;11.11;4.0;27.0;-23.0;4.0
14239;10.43;4.0;29.0;-25.0;4.0
14249;11.28;4.0;25.0;-21.0;4.0
14259;10.753333333333334;4.0;23.0;-19.0;4.0
14269;10.213333333333333;4.0;27.0;-23.0;4.0
14279;10.723333333333333;4.0;25.0;-21.0;4.0
14289;11.17;4.0;24.0;-20.0;4.0
14299;10.416666666666666;4.0;23.0;-19.0;4.0
14309;11.03;4.0;24.0;-20.0;4.0
14319;10.91;4.0;23.0;-19.0;4.0
14329;11.35;4.0;26.0;-22.0;4.0
14339;10.526666666666667;4.0;24.0;-20.0;4.0
14349;10.403333333333334;4.0;23.0;-19.0;4.0
14359;10.836666666666666;4.0;29.0;-25.0;4.0
14369;10.646666666666667;4.0;25.0;-21.0;4.0
14379;11.283333333333333;4.0;26.0;-22.0;4.0
14389;10.49;4.0;25.0;-21.0;4.0
14399;10.79;4.0;21.0;-17.0;4.0
14409;10.49;4.0;24.0;-20.0;4.0
14419;10.87;4.0;23.0;-19.0;4.0
14429;10.78;4.0;25.0;-21.0;4.0
14439;10.23;4.0;23.0;-19.0;4.0
14449;10.77;4.0;28.0;-24.0;4.0
14459;11.183333333333334;4.0;24.0;-20.0;4.0
14469;10.903333333333334;4.0;24.0;-20.0;4.0
14479;10.84;4.0;28.0;-24.0;4.0
14489;10.986666666666666;4.0;22.0;-18.0;4.0
14499;10.586666666666666;4.0;28.0;-24.0;4.0
14509;10.69;4.0;22.0;-18.0;4.0
14519;10.716666666666667;4.0;24.0;-20.0;4.0
14529;10.87;4.0;25.0;-21.0;4.0
14539;10.973333333333333;4.0;28.0;-24.0;4.0
14549;10.823333333333334;4.0;25.0;-21.0;4.0
14559;10.433333333333334;4.0;25.0;-21.0;4.0
14569;11.016666666666667;4.0;26.0;-22.0;4.0
14579;11.03;4.0;24.0;-20.0;4.0
14589;10.53;4.0;26.0;-22.0;4.0
14599;10.463333333333333;4.0;24.0;-20.0;4.0
14609;10.746666666666666;4.0;22.0;-18.0;4.0
14619;10.683333333333334;4.0;24.0;-20.0;4.0
14629;10.58;4.0;22.0;-18.0;4.0
14639;10.66;4.0;25.0;-21.0;4.0
14649;11.133333333333333;4.0;25.0;-21.0;4.0
14659;10.116666666666667;4.0;23.0;-19.0;4.0
14669;10.946666666666667;4.0;25.0;-21.0;4.0
14679;10.746666666666666;4.0;24.0;-20.0;4.0
14689;10.683333333333334;4.0;23.0;-19.0;4.0
14699;10.7;4.0;28.0;-24.0;4.0
14709;10.976666666666667;4.0;23.0;-19.0;4.0
14719;11.156666666666666;4.0;30.0;-26.0;4.0
14729;10.353333333333333;4.0;25.0;-21.0;4.0
14739;10.793333333333333;4.0;24.0;-20.0;4.0
14749;10.76;4.0;21.0;-17.0;4.0
14759;10.966666666666667;4.0;27.0;-23.0;4.0
14769;10.95;4.0;24.0;-20.0;4.0
14779;10.936666666666667;4.0;25.0;-21.0;4.0
14789;10.6;4.0;22.0;-18.0;4.0
14799;10.65;4.0;24.0;-20.0;4.0
14809;10.583333333333334;4.0;29.0;-25.0;4.0
14819;11.0;4.0;24.0;-20.0;4.0
14829;10.86;4.0;25.0;-21.0;4.0
14839;10.366666666666667;4.0;23.0;-19.0;4.0
14849;10.453333333333333;4.0;23.0;-19.0;4.0
14859;10.996666666666666;4.0;25.0;-21.0;4.0
14869;10.636666666666667;4.0;21.0;-17.0;4.0
14879;10.53;4.0;21.0;-17.0;4.0
14889;10.68;4.0;27.0;-23.0;4.0
14899;10.943333333333333;4.0;29.0;-25.0;4.0
14909;10.603333333333333;4.0;25.0;-21.0;4.0
14919;10.786666666666667;4.0;22.0;-18.0;4.0
14929;11.006666666666666;4.0;26.0;-22.0;4.0
14939;10.766666666666667;4.0;24.0;-20.0;4.0
14949;10.8;4.0;26.0;-22.0;4.0
14959;10.473333333333333;4.0;23.0;-19.0;4.0
14969;9.97;4.0;23.0;-19.0;4.0
14979;10.583333333333334;4.0;24.0;-20.0;4.0
14989;11.02;4.0;27.0;-23.0;4.0
14999;10.706666666666667;4.0;24.0;-20.0;4.0
