geracao;media da geracao;fitness do melhor da geracao;fitness do pior da geracao;relacao entre melhor e pior;fitness do melhor da run
Probabilidade Recombinação: 0.7
Probabilidade Mutação: 0.049999999999999996
Tipo de Selecção: Torneio
Tipo de Mutação: Simples
Tamanho População: 300
Máximo de Gerações: 15000
0;84.60333333333334;69.0;101.0;-32.0;69.0
0;76.37666666666667;63.0;90.0;-27.0;63.0
9;48.71666666666667;39.0;59.0;-20.0;39.0
19;38.56666666666667;29.0;51.0;-22.0;29.0
29;35.123333333333335;25.0;49.0;-24.0;25.0
39;32.29;21.0;45.0;-24.0;21.0
49;31.583333333333332;21.0;49.0;-28.0;20.0
59;29.903333333333332;19.0;44.0;-25.0;19.0
69;29.073333333333334;19.0;40.0;-21.0;18.0
79;30.293333333333333;20.0;48.0;-28.0;18.0
89;28.926666666666666;17.0;46.0;-29.0;17.0
99;28.64;17.0;41.0;-24.0;17.0
109;27.826666666666668;19.0;40.0;-21.0;16.0
119;26.2;16.0;40.0;-24.0;14.0
129;26.833333333333332;16.0;41.0;-25.0;14.0
139;28.33;16.0;42.0;-26.0;14.0
149;27.273333333333333;16.0;47.0;-31.0;14.0
159;28.216666666666665;17.0;42.0;-25.0;14.0
169;26.753333333333334;15.0;41.0;-26.0;14.0
179;26.713333333333335;17.0;40.0;-23.0;14.0
189;26.816666666666666;16.0;42.0;-26.0;14.0
199;27.21;16.0;46.0;-30.0;14.0
209;25.73;13.0;42.0;-29.0;13.0
219;26.326666666666668;18.0;43.0;-25.0;12.0
229;28.373333333333335;19.0;39.0;-20.0;12.0
239;28.816666666666666;18.0;45.0;-27.0;12.0
249;27.593333333333334;16.0;47.0;-31.0;12.0
259;28.64666666666667;19.0;41.0;-22.0;12.0
269;30.313333333333333;20.0;48.0;-28.0;12.0
279;29.2;21.0;44.0;-23.0;12.0
289;32.473333333333336;21.0;48.0;-27.0;12.0
299;29.0;18.0;44.0;-26.0;12.0
309;28.89666666666667;19.0;44.0;-25.0;12.0
319;29.08;18.0;49.0;-31.0;12.0
329;28.45;18.0;43.0;-25.0;12.0
339;28.66;18.0;46.0;-28.0;12.0
349;28.823333333333334;18.0;45.0;-27.0;12.0
359;28.366666666666667;17.0;44.0;-27.0;12.0
369;27.623333333333335;18.0;43.0;-25.0;12.0
379;27.24;15.0;42.0;-27.0;12.0
389;27.036666666666665;17.0;41.0;-24.0;12.0
399;26.69333333333333;16.0;42.0;-26.0;12.0
409;26.873333333333335;17.0;40.0;-23.0;12.0
419;28.713333333333335;19.0;44.0;-25.0;12.0
429;27.506666666666668;17.0;42.0;-25.0;12.0
439;26.066666666666666;15.0;40.0;-25.0;12.0
449;26.593333333333334;15.0;45.0;-30.0;12.0
459;28.083333333333332;18.0;42.0;-24.0;12.0
469;26.3;16.0;48.0;-32.0;12.0
479;26.48;14.0;42.0;-28.0;12.0
489;26.483333333333334;15.0;41.0;-26.0;12.0
499;24.503333333333334;11.0;47.0;-36.0;11.0
509;22.276666666666667;10.0;42.0;-32.0;10.0
519;22.226666666666667;8.0;45.0;-37.0;8.0
529;22.5;12.0;42.0;-30.0;8.0
539;22.31;10.0;40.0;-30.0;8.0
549;25.08;16.0;40.0;-24.0;8.0
559;23.506666666666668;12.0;38.0;-26.0;8.0
569;22.256666666666668;11.0;39.0;-28.0;8.0
579;21.843333333333334;11.0;45.0;-34.0;8.0
589;21.98;11.0;34.0;-23.0;8.0
599;22.526666666666667;12.0;38.0;-26.0;8.0
609;23.58;12.0;38.0;-26.0;8.0
619;23.72;13.0;38.0;-25.0;8.0
629;24.666666666666668;15.0;42.0;-27.0;8.0
639;23.963333333333335;12.0;37.0;-25.0;8.0
649;23.856666666666666;12.0;46.0;-34.0;8.0
659;22.97;12.0;38.0;-26.0;8.0
669;23.506666666666668;12.0;37.0;-25.0;8.0
679;25.633333333333333;15.0;43.0;-28.0;8.0
689;25.476666666666667;14.0;46.0;-32.0;8.0
699;26.266666666666666;15.0;43.0;-28.0;8.0
709;27.533333333333335;15.0;46.0;-31.0;8.0
719;26.143333333333334;14.0;41.0;-27.0;8.0
729;25.836666666666666;16.0;38.0;-22.0;8.0
739;26.81;15.0;40.0;-25.0;8.0
749;22.22;9.0;39.0;-30.0;8.0
759;20.53;10.0;35.0;-25.0;7.0
769;20.153333333333332;7.0;37.0;-30.0;7.0
779;20.85333333333333;9.0;37.0;-28.0;6.0
789;23.48;11.0;41.0;-30.0;6.0
799;23.463333333333335;11.0;41.0;-30.0;6.0
809;24.856666666666666;12.0;46.0;-34.0;6.0
819;23.566666666666666;11.0;39.0;-28.0;6.0
829;21.663333333333334;8.0;41.0;-33.0;6.0
839;21.643333333333334;12.0;36.0;-24.0;6.0
849;22.183333333333334;12.0;40.0;-28.0;6.0
859;22.65;11.0;37.0;-26.0;6.0
869;23.286666666666665;12.0;37.0;-25.0;6.0
879;23.48;11.0;43.0;-32.0;6.0
889;22.343333333333334;11.0;37.0;-26.0;6.0
899;22.843333333333334;13.0;34.0;-21.0;6.0
909;24.276666666666667;11.0;38.0;-27.0;6.0
919;22.566666666666666;12.0;41.0;-29.0;6.0
929;25.883333333333333;14.0;41.0;-27.0;6.0
939;26.336666666666666;14.0;45.0;-31.0;6.0
949;25.466666666666665;14.0;39.0;-25.0;6.0
959;26.793333333333333;15.0;39.0;-24.0;6.0
969;25.003333333333334;12.0;39.0;-27.0;6.0
979;22.653333333333332;13.0;37.0;-24.0;6.0
989;24.763333333333332;12.0;37.0;-25.0;6.0
999;24.906666666666666;14.0;39.0;-25.0;6.0
1009;26.893333333333334;16.0;43.0;-27.0;6.0
1019;24.79;13.0;46.0;-33.0;6.0
1029;25.816666666666666;14.0;43.0;-29.0;6.0
1039;27.5;16.0;49.0;-33.0;6.0
1049;25.356666666666666;13.0;39.0;-26.0;6.0
1059;26.553333333333335;15.0;41.0;-26.0;6.0
1069;25.15;15.0;38.0;-23.0;6.0
1079;25.686666666666667;15.0;41.0;-26.0;6.0
1089;23.546666666666667;12.0;38.0;-26.0;6.0
1099;24.07;13.0;38.0;-25.0;6.0
1109;25.85333333333333;13.0;40.0;-27.0;6.0
1119;24.436666666666667;12.0;41.0;-29.0;6.0
1129;23.643333333333334;12.0;37.0;-25.0;6.0
1139;25.14666666666667;14.0;38.0;-24.0;6.0
1149;25.736666666666668;14.0;43.0;-29.0;6.0
1159;26.073333333333334;15.0;41.0;-26.0;6.0
1169;25.406666666666666;15.0;43.0;-28.0;6.0
1179;25.24;13.0;38.0;-25.0;6.0
1189;25.206666666666667;13.0;41.0;-28.0;6.0
1199;26.203333333333333;14.0;39.0;-25.0;6.0
1209;22.993333333333332;12.0;35.0;-23.0;6.0
1219;24.44333333333333;12.0;43.0;-31.0;6.0
1229;24.266666666666666;13.0;37.0;-24.0;6.0
1239;27.07;17.0;42.0;-25.0;6.0
1249;27.22;17.0;45.0;-28.0;6.0
1259;25.91;14.0;38.0;-24.0;6.0
1269;25.19;15.0;39.0;-24.0;6.0
1279;24.763333333333332;12.0;38.0;-26.0;6.0
1289;24.846666666666668;13.0;37.0;-24.0;6.0
1299;27.29;16.0;40.0;-24.0;6.0
1309;25.49;15.0;43.0;-28.0;6.0
1319;25.89666666666667;15.0;42.0;-27.0;6.0
1329;27.336666666666666;16.0;43.0;-27.0;6.0
1339;25.753333333333334;16.0;40.0;-24.0;6.0
1349;24.66;15.0;38.0;-23.0;6.0
1359;25.213333333333335;13.0;39.0;-26.0;6.0
1369;26.04;15.0;41.0;-26.0;6.0
1379;25.46;15.0;37.0;-22.0;6.0
1389;26.63;15.0;41.0;-26.0;6.0
1399;26.933333333333334;14.0;42.0;-28.0;6.0
1409;27.196666666666665;17.0;45.0;-28.0;6.0
1419;25.68;15.0;39.0;-24.0;6.0
1429;26.273333333333333;15.0;45.0;-30.0;6.0
1439;27.053333333333335;16.0;43.0;-27.0;6.0
1449;26.01;14.0;41.0;-27.0;6.0
1459;25.493333333333332;14.0;47.0;-33.0;6.0
1469;24.786666666666665;14.0;39.0;-25.0;6.0
1479;25.143333333333334;13.0;37.0;-24.0;6.0
1489;23.89;14.0;45.0;-31.0;6.0
1499;25.153333333333332;14.0;43.0;-29.0;6.0
1509;27.123333333333335;14.0;41.0;-27.0;6.0
1519;27.893333333333334;16.0;43.0;-27.0;6.0
1529;25.346666666666668;13.0;39.0;-26.0;6.0
1539;25.123333333333335;15.0;46.0;-31.0;6.0
1549;25.96;15.0;42.0;-27.0;6.0
1559;24.696666666666665;14.0;42.0;-28.0;6.0
1569;25.156666666666666;15.0;43.0;-28.0;6.0
1579;23.023333333333333;12.0;35.0;-23.0;6.0
1589;23.54;13.0;37.0;-24.0;6.0
1599;25.46;14.0;40.0;-26.0;6.0
1609;25.426666666666666;14.0;41.0;-27.0;6.0
1619;26.153333333333332;16.0;42.0;-26.0;6.0
1629;27.24;17.0;42.0;-25.0;6.0
1639;25.793333333333333;15.0;43.0;-28.0;6.0
1649;27.016666666666666;17.0;43.0;-26.0;6.0
1659;27.963333333333335;16.0;49.0;-33.0;6.0
1669;27.416666666666668;18.0;41.0;-23.0;6.0
1679;26.633333333333333;15.0;39.0;-24.0;6.0
1689;25.62;13.0;39.0;-26.0;6.0
1699;26.57;14.0;45.0;-31.0;6.0
1709;26.156666666666666;15.0;39.0;-24.0;6.0
1719;27.573333333333334;16.0;41.0;-25.0;6.0
1729;26.143333333333334;15.0;43.0;-28.0;6.0
1739;25.48;16.0;40.0;-24.0;6.0
1749;24.756666666666668;13.0;41.0;-28.0;6.0
1759;26.45;15.0;46.0;-31.0;6.0
1769;24.486666666666668;12.0;37.0;-25.0;6.0
1779;23.173333333333332;11.0;41.0;-30.0;6.0
1789;23.363333333333333;10.0;40.0;-30.0;6.0
1799;24.71;13.0;40.0;-27.0;6.0
1809;25.246666666666666;14.0;37.0;-23.0;6.0
1819;27.26;17.0;44.0;-27.0;6.0
1829;27.936666666666667;17.0;39.0;-22.0;6.0
1839;24.51;12.0;38.0;-26.0;6.0
1849;24.273333333333333;11.0;40.0;-29.0;6.0
1859;23.30666666666667;12.0;37.0;-25.0;6.0
1869;23.096666666666668;12.0;37.0;-25.0;6.0
1879;22.593333333333334;10.0;47.0;-37.0;6.0
1889;23.703333333333333;13.0;41.0;-28.0;6.0
1899;25.656666666666666;14.0;41.0;-27.0;6.0
1909;26.063333333333333;14.0;40.0;-26.0;6.0
1919;27.656666666666666;17.0;41.0;-24.0;6.0
1929;27.89;16.0;42.0;-26.0;6.0
1939;26.35333333333333;15.0;39.0;-24.0;6.0
1949;28.11;17.0;40.0;-23.0;6.0
1959;25.85333333333333;15.0;37.0;-22.0;6.0
1969;26.473333333333333;15.0;38.0;-23.0;6.0
1979;26.56;16.0;40.0;-24.0;6.0
1989;26.86;17.0;39.0;-22.0;6.0
1999;26.406666666666666;17.0;45.0;-28.0;6.0
2009;26.67;15.0;43.0;-28.0;6.0
2019;26.17;14.0;40.0;-26.0;6.0
2029;25.61;15.0;41.0;-26.0;6.0
2039;27.786666666666665;17.0;42.0;-25.0;6.0
2049;26.32;15.0;42.0;-27.0;6.0
2059;25.583333333333332;16.0;38.0;-22.0;6.0
2069;26.376666666666665;15.0;45.0;-30.0;6.0
2079;25.69333333333333;14.0;39.0;-25.0;6.0
2089;27.11;16.0;37.0;-21.0;6.0
2099;25.803333333333335;15.0;43.0;-28.0;6.0
2109;26.47;17.0;40.0;-23.0;6.0
2119;28.07;16.0;45.0;-29.0;6.0
2129;28.773333333333333;18.0;43.0;-25.0;6.0
2139;28.903333333333332;19.0;43.0;-24.0;6.0
2149;27.323333333333334;17.0;42.0;-25.0;6.0
2159;26.093333333333334;17.0;41.0;-24.0;6.0
2169;22.99;11.0;35.0;-24.0;6.0
2179;26.89666666666667;15.0;45.0;-30.0;6.0
2189;25.956666666666667;14.0;43.0;-29.0;6.0
2199;25.19;11.0;40.0;-29.0;6.0
2209;23.63;12.0;41.0;-29.0;6.0
2219;24.773333333333333;13.0;37.0;-24.0;6.0
2229;25.663333333333334;13.0;39.0;-26.0;6.0
2239;25.55;14.0;40.0;-26.0;6.0
2249;27.9;15.0;42.0;-27.0;6.0
2259;27.16;17.0;40.0;-23.0;6.0
2269;26.746666666666666;16.0;44.0;-28.0;6.0
2279;26.73;16.0;42.0;-26.0;6.0
2289;26.453333333333333;14.0;42.0;-28.0;6.0
2299;26.653333333333332;16.0;40.0;-24.0;6.0
2309;26.406666666666666;15.0;42.0;-27.0;6.0
2319;25.34;16.0;39.0;-23.0;6.0
2329;26.823333333333334;14.0;41.0;-27.0;6.0
2339;26.67;15.0;44.0;-29.0;6.0
2349;23.686666666666667;13.0;37.0;-24.0;6.0
2359;24.31;13.0;41.0;-28.0;6.0
2369;25.03;13.0;43.0;-30.0;6.0
2379;24.413333333333334;13.0;43.0;-30.0;6.0
2389;24.28;14.0;37.0;-23.0;6.0
2399;25.36;15.0;38.0;-23.0;6.0
2409;26.25;15.0;42.0;-27.0;6.0
2419;27.113333333333333;16.0;43.0;-27.0;6.0
2429;26.523333333333333;16.0;44.0;-28.0;6.0
2439;27.94;18.0;40.0;-22.0;6.0
2449;27.55;16.0;47.0;-31.0;6.0
2459;27.54;16.0;44.0;-28.0;6.0
2469;26.26;16.0;39.0;-23.0;6.0
2479;25.916666666666668;12.0;42.0;-30.0;6.0
2489;23.663333333333334;14.0;37.0;-23.0;6.0
2499;25.206666666666667;15.0;42.0;-27.0;6.0
2509;27.173333333333332;17.0;40.0;-23.0;6.0
2519;27.436666666666667;15.0;44.0;-29.0;6.0
2529;26.58;16.0;39.0;-23.0;6.0
2539;26.483333333333334;16.0;40.0;-24.0;6.0
2549;25.03;13.0;39.0;-26.0;6.0
2559;22.286666666666665;12.0;39.0;-27.0;6.0
2569;24.953333333333333;10.0;42.0;-32.0;6.0
2579;22.113333333333333;10.0;36.0;-26.0;6.0
2589;20.196666666666665;7.0;38.0;-31.0;6.0
2599;21.183333333333334;9.0;38.0;-29.0;6.0
2609;21.446666666666665;10.0;35.0;-25.0;6.0
2619;21.676666666666666;10.0;43.0;-33.0;6.0
2629;21.80666666666667;8.0;36.0;-28.0;6.0
2639;23.076666666666668;12.0;41.0;-29.0;6.0
2649;26.086666666666666;13.0;40.0;-27.0;6.0
2659;26.11;16.0;42.0;-26.0;6.0
2669;27.576666666666668;17.0;41.0;-24.0;6.0
2679;25.123333333333335;15.0;42.0;-27.0;6.0
2689;24.476666666666667;13.0;36.0;-23.0;6.0
2699;23.543333333333333;11.0;39.0;-28.0;6.0
2709;24.28;13.0;40.0;-27.0;6.0
2719;24.98;15.0;43.0;-28.0;6.0
2729;22.94;13.0;40.0;-27.0;6.0
2739;23.34;14.0;35.0;-21.0;6.0
2749;23.91;11.0;39.0;-28.0;6.0
2759;24.856666666666666;13.0;38.0;-25.0;6.0
2769;24.64;13.0;45.0;-32.0;6.0
2779;25.606666666666666;14.0;39.0;-25.0;6.0
2789;27.566666666666666;17.0;41.0;-24.0;6.0
2799;27.223333333333333;16.0;45.0;-29.0;6.0
2809;24.516666666666666;12.0;39.0;-27.0;6.0
2819;24.66;12.0;39.0;-27.0;6.0
2829;24.22;11.0;40.0;-29.0;6.0
2839;21.21;10.0;43.0;-33.0;6.0
2849;21.713333333333335;11.0;36.0;-25.0;6.0
2859;21.05;9.0;34.0;-25.0;6.0
2869;19.04;6.0;34.0;-28.0;6.0
2879;19.936666666666667;9.0;39.0;-30.0;6.0
2889;20.19333333333333;9.0;34.0;-25.0;6.0
2899;20.106666666666666;8.0;34.0;-26.0;6.0
2909;22.983333333333334;12.0;37.0;-25.0;6.0
2919;22.176666666666666;11.0;41.0;-30.0;6.0
2929;22.656666666666666;11.0;36.0;-25.0;6.0
2939;25.616666666666667;12.0;42.0;-30.0;6.0
2949;23.316666666666666;11.0;42.0;-31.0;6.0
2959;22.736666666666668;11.0;37.0;-26.0;6.0
2969;24.986666666666668;15.0;37.0;-22.0;6.0
2979;24.62;13.0;39.0;-26.0;6.0
2989;23.75;11.0;38.0;-27.0;6.0
2999;24.23;13.0;36.0;-23.0;6.0
3009;26.203333333333333;15.0;41.0;-26.0;6.0
3019;22.903333333333332;10.0;38.0;-28.0;6.0
3029;24.96;14.0;39.0;-25.0;6.0
3039;24.11;12.0;39.0;-27.0;6.0
3049;24.726666666666667;14.0;42.0;-28.0;6.0
3059;23.876666666666665;12.0;39.0;-27.0;6.0
3069;23.216666666666665;13.0;39.0;-26.0;6.0
3079;24.086666666666666;13.0;38.0;-25.0;6.0
3089;23.526666666666667;12.0;35.0;-23.0;6.0
3099;24.696666666666665;14.0;36.0;-22.0;6.0
3109;25.14;14.0;40.0;-26.0;6.0
3119;25.5;14.0;41.0;-27.0;6.0
3129;24.183333333333334;15.0;41.0;-26.0;6.0
3139;25.53;14.0;40.0;-26.0;6.0
3149;25.613333333333333;15.0;39.0;-24.0;6.0
3159;25.79;13.0;41.0;-28.0;6.0
3169;25.273333333333333;15.0;40.0;-25.0;6.0
3179;25.786666666666665;16.0;41.0;-25.0;6.0
3189;25.506666666666668;15.0;44.0;-29.0;6.0
3199;25.38;14.0;40.0;-26.0;6.0
3209;25.203333333333333;15.0;40.0;-25.0;6.0
3219;23.55666666666667;11.0;41.0;-30.0;6.0
3229;25.176666666666666;14.0;40.0;-26.0;6.0
3239;27.626666666666665;15.0;43.0;-28.0;6.0
3249;27.113333333333333;16.0;41.0;-25.0;6.0
3259;28.283333333333335;18.0;40.0;-22.0;6.0
3269;28.05;19.0;41.0;-22.0;6.0
3279;28.913333333333334;19.0;44.0;-25.0;6.0
3289;27.883333333333333;17.0;42.0;-25.0;6.0
3299;29.43;20.0;44.0;-24.0;6.0
3309;27.876666666666665;16.0;41.0;-25.0;6.0
3319;26.05;14.0;41.0;-27.0;6.0
3329;27.053333333333335;15.0;44.0;-29.0;6.0
3339;27.923333333333332;17.0;40.0;-23.0;6.0
3349;27.263333333333332;17.0;40.0;-23.0;6.0
3359;27.776666666666667;17.0;40.0;-23.0;6.0
3369;27.64666666666667;16.0;45.0;-29.0;6.0
3379;27.073333333333334;16.0;41.0;-25.0;6.0
3389;26.683333333333334;15.0;45.0;-30.0;6.0
3399;27.41;16.0;47.0;-31.0;6.0
3409;28.596666666666668;18.0;41.0;-23.0;6.0
3419;27.576666666666668;17.0;39.0;-22.0;6.0
3429;26.62;15.0;46.0;-31.0;6.0
3439;27.743333333333332;19.0;41.0;-22.0;6.0
3449;27.733333333333334;16.0;42.0;-26.0;6.0
3459;27.66;17.0;42.0;-25.0;6.0
3469;26.463333333333335;15.0;39.0;-24.0;6.0
3479;25.39;15.0;36.0;-21.0;6.0
3489;24.5;12.0;40.0;-28.0;6.0
3499;24.9;13.0;43.0;-30.0;6.0
3509;25.19;13.0;39.0;-26.0;6.0
3519;25.08;13.0;37.0;-24.0;6.0
3529;26.23;15.0;43.0;-28.0;6.0
3539;25.73;14.0;42.0;-28.0;6.0
3549;26.433333333333334;14.0;44.0;-30.0;6.0
3559;26.383333333333333;16.0;43.0;-27.0;6.0
3569;27.27;17.0;42.0;-25.0;6.0
3579;27.216666666666665;17.0;41.0;-24.0;6.0
3589;27.59;17.0;41.0;-24.0;6.0
3599;26.46;16.0;41.0;-25.0;6.0
3609;25.84;13.0;43.0;-30.0;6.0
3619;24.34;13.0;39.0;-26.0;6.0
3629;25.616666666666667;15.0;41.0;-26.0;6.0
3639;27.106666666666666;17.0;40.0;-23.0;6.0
3649;27.096666666666668;17.0;46.0;-29.0;6.0
3659;26.323333333333334;14.0;47.0;-33.0;6.0
3669;22.823333333333334;9.0;37.0;-28.0;6.0
3679;21.1;9.0;40.0;-31.0;6.0
3689;18.833333333333332;7.0;35.0;-28.0;6.0
3699;19.506666666666668;6.0;36.0;-30.0;6.0
3709;23.67;12.0;35.0;-23.0;6.0
3719;25.22;14.0;41.0;-27.0;6.0
3729;25.32;14.0;43.0;-29.0;6.0
3739;23.636666666666667;12.0;42.0;-30.0;6.0
3749;22.37;11.0;43.0;-32.0;6.0
3759;23.6;11.0;40.0;-29.0;6.0
3769;23.933333333333334;13.0;37.0;-24.0;6.0
3779;24.793333333333333;12.0;42.0;-30.0;6.0
3789;24.483333333333334;13.0;40.0;-27.0;6.0
3799;23.293333333333333;12.0;36.0;-24.0;6.0
3809;23.843333333333334;13.0;39.0;-26.0;6.0
3819;25.533333333333335;15.0;42.0;-27.0;6.0
3829;24.406666666666666;11.0;44.0;-33.0;6.0
3839;23.703333333333333;12.0;36.0;-24.0;6.0
3849;23.996666666666666;12.0;38.0;-26.0;6.0
3859;24.226666666666667;11.0;39.0;-28.0;6.0
3869;23.9;12.0;37.0;-25.0;6.0
3879;22.836666666666666;9.0;37.0;-28.0;6.0
3889;23.27;11.0;37.0;-26.0;6.0
3899;24.006666666666668;11.0;41.0;-30.0;6.0
3909;22.816666666666666;11.0;36.0;-25.0;6.0
3919;21.663333333333334;9.0;34.0;-25.0;6.0
3929;22.746666666666666;12.0;40.0;-28.0;6.0
3939;23.723333333333333;11.0;35.0;-24.0;6.0
3949;26.186666666666667;14.0;44.0;-30.0;6.0
3959;25.67;14.0;41.0;-27.0;6.0
3969;27.106666666666666;16.0;42.0;-26.0;6.0
3979;26.02;13.0;40.0;-27.0;6.0
3989;26.746666666666666;16.0;42.0;-26.0;6.0
3999;27.313333333333333;17.0;42.0;-25.0;6.0
4009;24.96;15.0;37.0;-22.0;6.0
4019;24.31;14.0;35.0;-21.0;6.0
4029;23.99;10.0;40.0;-30.0;6.0
4039;24.066666666666666;14.0;40.0;-26.0;6.0
4049;22.136666666666667;11.0;38.0;-27.0;6.0
4059;24.493333333333332;14.0;42.0;-28.0;6.0
4069;24.47;14.0;42.0;-28.0;6.0
4079;25.28;13.0;43.0;-30.0;6.0
4089;24.633333333333333;13.0;41.0;-28.0;6.0
4099;26.026666666666667;16.0;41.0;-25.0;6.0
4109;26.39;15.0;41.0;-26.0;6.0
4119;25.66;14.0;41.0;-27.0;6.0
4129;26.686666666666667;16.0;42.0;-26.0;6.0
4139;27.49;17.0;45.0;-28.0;6.0
4149;28.12;19.0;46.0;-27.0;6.0
4159;28.316666666666666;19.0;42.0;-23.0;6.0
4169;29.776666666666667;19.0;43.0;-24.0;6.0
4179;28.276666666666667;17.0;43.0;-26.0;6.0
4189;26.483333333333334;16.0;41.0;-25.0;6.0
4199;28.053333333333335;16.0;41.0;-25.0;6.0
4209;28.733333333333334;15.0;43.0;-28.0;6.0
4219;28.26;19.0;41.0;-22.0;6.0
4229;28.386666666666667;18.0;44.0;-26.0;6.0
4239;28.196666666666665;16.0;45.0;-29.0;6.0
4249;28.19;16.0;41.0;-25.0;6.0
4259;27.723333333333333;18.0;42.0;-24.0;6.0
4269;29.94;19.0;44.0;-25.0;6.0
4279;28.643333333333334;18.0;44.0;-26.0;6.0
4289;26.49;17.0;46.0;-29.0;6.0
4299;27.416666666666668;16.0;41.0;-25.0;6.0
4309;27.016666666666666;16.0;41.0;-25.0;6.0
4319;27.72;17.0;43.0;-26.0;6.0
4329;27.046666666666667;17.0;44.0;-27.0;6.0
4339;26.286666666666665;13.0;37.0;-24.0;6.0
4349;25.026666666666667;15.0;38.0;-23.0;6.0
4359;24.333333333333332;13.0;38.0;-25.0;6.0
4369;25.583333333333332;12.0;42.0;-30.0;6.0
4379;24.27;11.0;40.0;-29.0;6.0
4389;22.44;11.0;37.0;-26.0;6.0
4399;23.166666666666668;13.0;42.0;-29.0;6.0
4409;23.606666666666666;12.0;48.0;-36.0;6.0
4419;26.293333333333333;15.0;38.0;-23.0;6.0
4429;26.016666666666666;14.0;43.0;-29.0;6.0
4439;26.823333333333334;14.0;42.0;-28.0;6.0
4449;26.126666666666665;16.0;40.0;-24.0;6.0
4459;25.926666666666666;11.0;40.0;-29.0;6.0
4469;24.093333333333334;12.0;41.0;-29.0;6.0
4479;21.843333333333334;10.0;39.0;-29.0;6.0
4489;23.576666666666668;13.0;40.0;-27.0;6.0
4499;26.06;14.0;45.0;-31.0;6.0
4509;24.46;14.0;41.0;-27.0;6.0
4519;25.033333333333335;15.0;38.0;-23.0;6.0
4529;24.706666666666667;13.0;42.0;-29.0;6.0
4539;24.393333333333334;13.0;41.0;-28.0;6.0
4549;23.78;13.0;42.0;-29.0;6.0
4559;25.95;14.0;39.0;-25.0;6.0
4569;23.106666666666666;12.0;36.0;-24.0;6.0
4579;23.46;13.0;37.0;-24.0;6.0
4589;25.30666666666667;12.0;41.0;-29.0;6.0
4599;25.17;12.0;41.0;-29.0;6.0
4609;24.346666666666668;13.0;42.0;-29.0;6.0
4619;23.736666666666668;12.0;41.0;-29.0;6.0
4629;22.753333333333334;10.0;38.0;-28.0;6.0
4639;23.586666666666666;12.0;35.0;-23.0;6.0
4649;22.66;9.0;39.0;-30.0;6.0
4659;22.14666666666667;10.0;38.0;-28.0;6.0
4669;23.83;12.0;38.0;-26.0;6.0
4679;25.116666666666667;13.0;37.0;-24.0;6.0
4689;24.746666666666666;12.0;43.0;-31.0;6.0
4699;24.383333333333333;13.0;40.0;-27.0;6.0
4709;21.096666666666668;9.0;36.0;-27.0;6.0
4719;23.79;13.0;42.0;-29.0;6.0
4729;25.183333333333334;11.0;40.0;-29.0;6.0
4739;23.68;12.0;42.0;-30.0;6.0
4749;24.3;12.0;43.0;-31.0;6.0
4759;23.7;12.0;39.0;-27.0;6.0
4769;23.32;12.0;39.0;-27.0;6.0
4779;24.323333333333334;9.0;40.0;-31.0;6.0
4789;22.846666666666668;11.0;39.0;-28.0;6.0
4799;23.223333333333333;12.0;39.0;-27.0;6.0
4809;24.116666666666667;13.0;41.0;-28.0;6.0
4819;24.176666666666666;13.0;40.0;-27.0;6.0
4829;24.143333333333334;12.0;38.0;-26.0;6.0
4839;25.84;13.0;39.0;-26.0;6.0
4849;24.573333333333334;12.0;42.0;-30.0;6.0
4859;23.74;11.0;38.0;-27.0;6.0
4869;24.64666666666667;14.0;39.0;-25.0;6.0
4879;25.543333333333333;13.0;44.0;-31.0;6.0
4889;24.456666666666667;13.0;46.0;-33.0;6.0
4899;24.043333333333333;13.0;40.0;-27.0;6.0
4909;21.883333333333333;10.0;36.0;-26.0;6.0
4919;23.263333333333332;9.0;39.0;-30.0;6.0
4929;23.233333333333334;11.0;39.0;-28.0;6.0
4939;21.59;11.0;35.0;-24.0;6.0
4949;23.513333333333332;10.0;37.0;-27.0;6.0
4959;23.113333333333333;10.0;40.0;-30.0;6.0
4969;23.096666666666668;11.0;36.0;-25.0;6.0
4979;23.73;14.0;38.0;-24.0;6.0
4989;27.173333333333332;16.0;42.0;-26.0;6.0
4999;27.65;17.0;43.0;-26.0;6.0
5009;25.716666666666665;15.0;43.0;-28.0;6.0
5019;26.173333333333332;14.0;40.0;-26.0;6.0
5029;25.903333333333332;15.0;38.0;-23.0;6.0
5039;25.316666666666666;15.0;38.0;-23.0;6.0
5049;27.67;16.0;51.0;-35.0;6.0
5059;28.126666666666665;14.0;44.0;-30.0;6.0
5069;24.663333333333334;15.0;38.0;-23.0;6.0
5079;25.57;13.0;42.0;-29.0;6.0
5089;25.563333333333333;14.0;43.0;-29.0;6.0
5099;24.376666666666665;13.0;41.0;-28.0;6.0
5109;23.64666666666667;12.0;38.0;-26.0;6.0
5119;24.493333333333332;14.0;41.0;-27.0;6.0
5129;24.373333333333335;15.0;43.0;-28.0;6.0
5139;24.906666666666666;13.0;40.0;-27.0;6.0
5149;25.206666666666667;14.0;40.0;-26.0;6.0
5159;23.236666666666668;12.0;39.0;-27.0;6.0
5169;21.173333333333332;10.0;38.0;-28.0;6.0
5179;22.97;11.0;38.0;-27.0;6.0
5189;23.036666666666665;13.0;39.0;-26.0;6.0
5199;23.06;12.0;37.0;-25.0;6.0
5209;22.796666666666667;11.0;42.0;-31.0;6.0
5219;22.873333333333335;10.0;38.0;-28.0;6.0
5229;22.99;11.0;41.0;-30.0;6.0
5239;26.04;14.0;38.0;-24.0;6.0
5249;26.59;16.0;42.0;-26.0;6.0
5259;25.89666666666667;16.0;39.0;-23.0;6.0
5269;28.506666666666668;18.0;42.0;-24.0;6.0
5279;25.866666666666667;13.0;39.0;-26.0;6.0
5289;25.15;13.0;39.0;-26.0;6.0
5299;24.546666666666667;12.0;43.0;-31.0;6.0
5309;25.373333333333335;12.0;41.0;-29.0;6.0
5319;22.31;10.0;38.0;-28.0;6.0
5329;23.006666666666668;12.0;37.0;-25.0;6.0
5339;24.07;12.0;37.0;-25.0;6.0
5349;22.4;11.0;35.0;-24.0;6.0
5359;23.183333333333334;11.0;44.0;-33.0;6.0
5369;23.4;13.0;36.0;-23.0;6.0
5379;25.44;12.0;39.0;-27.0;6.0
5389;24.2;13.0;39.0;-26.0;6.0
5399;25.846666666666668;14.0;41.0;-27.0;6.0
5409;23.96;11.0;39.0;-28.0;6.0
5419;22.843333333333334;11.0;39.0;-28.0;6.0
5429;21.803333333333335;12.0;34.0;-22.0;6.0
5439;22.44;7.0;36.0;-29.0;6.0
5449;19.62;8.0;37.0;-29.0;6.0
5459;20.393333333333334;10.0;34.0;-24.0;6.0
5469;20.4;8.0;34.0;-26.0;6.0
5479;20.60333333333333;9.0;36.0;-27.0;6.0
5489;21.48;9.0;37.0;-28.0;6.0
5499;21.656666666666666;11.0;38.0;-27.0;6.0
5509;21.48;8.0;38.0;-30.0;6.0
5519;24.973333333333333;14.0;41.0;-27.0;6.0
5529;24.86;15.0;40.0;-25.0;6.0
5539;25.88;15.0;44.0;-29.0;6.0
5549;25.34;14.0;45.0;-31.0;6.0
5559;24.62;12.0;38.0;-26.0;6.0
5569;23.46;13.0;39.0;-26.0;6.0
5579;26.12;14.0;42.0;-28.0;6.0
5589;25.94;12.0;41.0;-29.0;6.0
5599;25.17;15.0;39.0;-24.0;6.0
5609;24.203333333333333;12.0;38.0;-26.0;6.0
5619;24.266666666666666;14.0;38.0;-24.0;6.0
5629;24.54;13.0;38.0;-25.0;6.0
5639;21.426666666666666;10.0;38.0;-28.0;6.0
5649;21.63;10.0;36.0;-26.0;6.0
5659;20.78;8.0;38.0;-30.0;6.0
5669;22.196666666666665;12.0;43.0;-31.0;6.0
5679;21.906666666666666;10.0;38.0;-28.0;6.0
5689;21.51;9.0;37.0;-28.0;6.0
5699;21.016666666666666;10.0;36.0;-26.0;6.0
5709;22.386666666666667;11.0;37.0;-26.0;6.0
5719;22.47;9.0;38.0;-29.0;6.0
5729;21.60333333333333;10.0;39.0;-29.0;6.0
5739;19.69;9.0;36.0;-27.0;6.0
5749;21.966666666666665;9.0;40.0;-31.0;6.0
5759;21.17;7.0;37.0;-30.0;6.0
5769;20.053333333333335;7.0;36.0;-29.0;6.0
5779;20.676666666666666;9.0;37.0;-28.0;6.0
5789;21.843333333333334;10.0;39.0;-29.0;6.0
5799;20.743333333333332;10.0;34.0;-24.0;6.0
5809;23.303333333333335;9.0;38.0;-29.0;6.0
5819;22.88;9.0;38.0;-29.0;6.0
5829;24.03;12.0;38.0;-26.0;6.0
5839;25.173333333333332;13.0;40.0;-27.0;6.0
5849;23.87;11.0;40.0;-29.0;6.0
5859;24.563333333333333;13.0;44.0;-31.0;6.0
5869;24.183333333333334;14.0;42.0;-28.0;6.0
5879;23.746666666666666;11.0;41.0;-30.0;6.0
5889;24.06;14.0;38.0;-24.0;6.0
5899;23.856666666666666;13.0;39.0;-26.0;6.0
5909;22.933333333333334;11.0;36.0;-25.0;6.0
5919;24.02;12.0;39.0;-27.0;6.0
5929;23.553333333333335;10.0;39.0;-29.0;6.0
5939;24.19333333333333;12.0;39.0;-27.0;6.0
5949;25.21;14.0;39.0;-25.0;6.0
5959;24.736666666666668;14.0;40.0;-26.0;6.0
5969;22.993333333333332;13.0;37.0;-24.0;6.0
5979;22.776666666666667;10.0;36.0;-26.0;6.0
5989;22.976666666666667;13.0;37.0;-24.0;6.0
5999;24.8;12.0;39.0;-27.0;6.0
6009;25.163333333333334;14.0;40.0;-26.0;6.0
6019;27.143333333333334;15.0;42.0;-27.0;6.0
6029;27.133333333333333;17.0;39.0;-22.0;6.0
6039;28.096666666666668;18.0;43.0;-25.0;6.0
6049;28.813333333333333;16.0;48.0;-32.0;6.0
6059;28.403333333333332;18.0;47.0;-29.0;6.0
6069;28.813333333333333;19.0;46.0;-27.0;6.0
6079;26.573333333333334;15.0;39.0;-24.0;6.0
6089;25.776666666666667;15.0;40.0;-25.0;6.0
6099;27.073333333333334;15.0;44.0;-29.0;6.0
6109;26.23;15.0;40.0;-25.0;6.0
6119;26.243333333333332;15.0;45.0;-30.0;6.0
6129;26.643333333333334;16.0;42.0;-26.0;6.0
6139;25.35;16.0;43.0;-27.0;6.0
6149;25.386666666666667;13.0;40.0;-27.0;6.0
6159;23.976666666666667;13.0;38.0;-25.0;6.0
6169;23.373333333333335;12.0;39.0;-27.0;6.0
6179;24.29;13.0;36.0;-23.0;6.0
6189;23.926666666666666;14.0;39.0;-25.0;6.0
6199;24.19333333333333;12.0;38.0;-26.0;6.0
6209;23.483333333333334;12.0;37.0;-25.0;6.0
6219;23.27;10.0;39.0;-29.0;6.0
6229;22.143333333333334;10.0;36.0;-26.0;6.0
6239;23.13;11.0;39.0;-28.0;6.0
6249;23.85;12.0;38.0;-26.0;6.0
6259;22.153333333333332;13.0;36.0;-23.0;6.0
6269;21.03;9.0;41.0;-32.0;6.0
6279;19.25;6.0;36.0;-30.0;5.0
6289;20.923333333333332;8.0;37.0;-29.0;5.0
6299;22.56;8.0;36.0;-28.0;5.0
6309;21.016666666666666;8.0;35.0;-27.0;5.0
6319;20.256666666666668;9.0;36.0;-27.0;5.0
6329;20.59;10.0;39.0;-29.0;5.0
6339;21.813333333333333;10.0;35.0;-25.0;5.0
6349;22.073333333333334;10.0;39.0;-29.0;5.0
6359;19.36;8.0;37.0;-29.0;5.0
6369;21.766666666666666;11.0;38.0;-27.0;5.0
6379;22.24;10.0;36.0;-26.0;5.0
6389;22.106666666666666;10.0;38.0;-28.0;5.0
6399;22.28;12.0;39.0;-27.0;5.0
6409;23.28;12.0;37.0;-25.0;5.0
6419;22.713333333333335;12.0;37.0;-25.0;5.0
6429;25.66;14.0;44.0;-30.0;5.0
6439;27.56;17.0;43.0;-26.0;5.0
6449;27.86;16.0;42.0;-26.0;5.0
6459;27.94;17.0;43.0;-26.0;5.0
6469;26.63;13.0;44.0;-31.0;5.0
6479;26.153333333333332;11.0;44.0;-33.0;5.0
6489;23.006666666666668;11.0;38.0;-27.0;5.0
6499;24.523333333333333;10.0;39.0;-29.0;5.0
6509;22.736666666666668;9.0;39.0;-30.0;5.0
6519;21.54;9.0;38.0;-29.0;5.0
6529;25.18;15.0;41.0;-26.0;5.0
6539;23.55666666666667;12.0;40.0;-28.0;5.0
6549;23.45;13.0;36.0;-23.0;5.0
6559;24.226666666666667;14.0;38.0;-24.0;5.0
6569;25.026666666666667;14.0;36.0;-22.0;5.0
6579;26.98;13.0;47.0;-34.0;5.0
6589;25.31;14.0;39.0;-25.0;5.0
6599;24.466666666666665;15.0;41.0;-26.0;5.0
6609;27.106666666666666;16.0;42.0;-26.0;5.0
6619;26.64;17.0;50.0;-33.0;5.0
6629;26.76;14.0;43.0;-29.0;5.0
6639;27.456666666666667;17.0;42.0;-25.0;5.0
6649;28.063333333333333;17.0;41.0;-24.0;5.0
6659;27.316666666666666;16.0;41.0;-25.0;5.0
6669;27.48;17.0;40.0;-23.0;5.0
6679;28.156666666666666;16.0;43.0;-27.0;5.0
6689;25.916666666666668;14.0;40.0;-26.0;5.0
6699;25.24;16.0;40.0;-24.0;5.0
6709;27.666666666666668;17.0;43.0;-26.0;5.0
6719;27.893333333333334;16.0;43.0;-27.0;5.0
6729;28.41;17.0;47.0;-30.0;5.0
6739;28.633333333333333;17.0;48.0;-31.0;5.0
6749;26.513333333333332;16.0;40.0;-24.0;5.0
6759;28.496666666666666;18.0;42.0;-24.0;5.0
6769;28.28;18.0;43.0;-25.0;5.0
6779;28.89666666666667;19.0;42.0;-23.0;5.0
6789;29.22;19.0;43.0;-24.0;5.0
6799;25.706666666666667;16.0;41.0;-25.0;5.0
6809;26.6;16.0;40.0;-24.0;5.0
6819;28.523333333333333;18.0;41.0;-23.0;5.0
6829;27.14;16.0;40.0;-24.0;5.0
6839;26.74;17.0;41.0;-24.0;5.0
6849;27.48;15.0;40.0;-25.0;5.0
6859;26.44;15.0;43.0;-28.0;5.0
6869;26.25;15.0;41.0;-26.0;5.0
6879;27.27;16.0;41.0;-25.0;5.0
6889;26.39;15.0;42.0;-27.0;5.0
6899;25.98;15.0;40.0;-25.0;5.0
6909;27.05;16.0;42.0;-26.0;5.0
6919;27.66;18.0;43.0;-25.0;5.0
6929;26.11;14.0;43.0;-29.0;5.0
6939;24.95;13.0;38.0;-25.0;5.0
6949;24.81;14.0;40.0;-26.0;5.0
6959;23.223333333333333;13.0;36.0;-23.0;5.0
6969;25.766666666666666;15.0;41.0;-26.0;5.0
6979;26.543333333333333;14.0;51.0;-37.0;5.0
6989;23.203333333333333;13.0;36.0;-23.0;5.0
6999;23.866666666666667;13.0;41.0;-28.0;5.0
7009;23.92;12.0;40.0;-28.0;5.0
7019;23.86;12.0;41.0;-29.0;5.0
7029;24.4;13.0;41.0;-28.0;5.0
7039;24.53;12.0;40.0;-28.0;5.0
7049;23.32;10.0;38.0;-28.0;5.0
7059;21.16;6.0;36.0;-30.0;5.0
7069;22.863333333333333;9.0;38.0;-29.0;5.0
7079;21.62;9.0;39.0;-30.0;5.0
7089;23.013333333333332;12.0;40.0;-28.0;5.0
7099;20.573333333333334;7.0;37.0;-30.0;5.0
7109;21.83;10.0;36.0;-26.0;5.0
7119;26.286666666666665;14.0;40.0;-26.0;5.0
7129;24.60333333333333;14.0;38.0;-24.0;5.0
7139;24.49;14.0;41.0;-27.0;5.0
7149;24.263333333333332;13.0;37.0;-24.0;5.0
7159;23.076666666666668;10.0;40.0;-30.0;5.0
7169;22.3;9.0;38.0;-29.0;5.0
7179;21.933333333333334;8.0;36.0;-28.0;5.0
7189;22.466666666666665;10.0;41.0;-31.0;5.0
7199;22.05666666666667;10.0;37.0;-27.0;5.0
7209;23.246666666666666;13.0;42.0;-29.0;5.0
7219;24.18;12.0;42.0;-30.0;5.0
7229;21.716666666666665;9.0;36.0;-27.0;5.0
7239;21.76;9.0;38.0;-29.0;5.0
7249;20.42;10.0;34.0;-24.0;5.0
7259;19.77;8.0;35.0;-27.0;5.0
7269;22.833333333333332;11.0;40.0;-29.0;5.0
7279;22.01;11.0;37.0;-26.0;5.0
7289;23.463333333333335;11.0;38.0;-27.0;5.0
7299;22.966666666666665;13.0;43.0;-30.0;5.0
7309;22.04;10.0;34.0;-24.0;5.0
7319;19.863333333333333;8.0;42.0;-34.0;5.0
7329;19.68;8.0;39.0;-31.0;4.0
7339;20.263333333333332;10.0;38.0;-28.0;4.0
7349;20.736666666666668;8.0;43.0;-35.0;4.0
7359;22.033333333333335;9.0;36.0;-27.0;4.0
7369;23.433333333333334;12.0;39.0;-27.0;4.0
7379;22.006666666666668;10.0;37.0;-27.0;4.0
7389;23.666666666666668;12.0;43.0;-31.0;4.0
7399;23.166666666666668;11.0;38.0;-27.0;4.0
7409;23.42;11.0;38.0;-27.0;4.0
7419;23.633333333333333;11.0;41.0;-30.0;4.0
7429;24.32;13.0;46.0;-33.0;4.0
7439;25.086666666666666;14.0;42.0;-28.0;4.0
7449;23.586666666666666;13.0;43.0;-30.0;4.0
7459;24.036666666666665;13.0;41.0;-28.0;4.0
7469;24.74;14.0;39.0;-25.0;4.0
7479;23.543333333333333;13.0;41.0;-28.0;4.0
7489;24.573333333333334;13.0;46.0;-33.0;4.0
7499;22.996666666666666;10.0;43.0;-33.0;4.0
7509;20.576666666666668;8.0;39.0;-31.0;4.0
7519;20.333333333333332;8.0;37.0;-29.0;4.0
7529;21.503333333333334;8.0;38.0;-30.0;4.0
7539;22.273333333333333;11.0;39.0;-28.0;4.0
7549;24.89666666666667;14.0;39.0;-25.0;4.0
7559;25.433333333333334;15.0;41.0;-26.0;4.0
7569;26.096666666666668;15.0;39.0;-24.0;4.0
7579;26.886666666666667;15.0;44.0;-29.0;4.0
7589;23.82;13.0;43.0;-30.0;4.0
7599;24.026666666666667;13.0;41.0;-28.0;4.0
7609;23.713333333333335;12.0;38.0;-26.0;4.0
7619;24.91;15.0;41.0;-26.0;4.0
7629;25.796666666666667;15.0;42.0;-27.0;4.0
7639;22.79;12.0;37.0;-25.0;4.0
7649;24.976666666666667;12.0;39.0;-27.0;4.0
7659;24.253333333333334;12.0;40.0;-28.0;4.0
7669;25.016666666666666;14.0;41.0;-27.0;4.0
7679;25.18;13.0;39.0;-26.0;4.0
7689;24.95;13.0;43.0;-30.0;4.0
7699;25.363333333333333;14.0;41.0;-27.0;4.0
7709;25.633333333333333;14.0;40.0;-26.0;4.0
7719;24.636666666666667;13.0;40.0;-27.0;4.0
7729;24.18;13.0;39.0;-26.0;4.0
7739;24.676666666666666;14.0;42.0;-28.0;4.0
7749;25.69;13.0;44.0;-31.0;4.0
7759;24.41;12.0;44.0;-32.0;4.0
7769;22.23;9.0;37.0;-28.0;4.0
7779;23.716666666666665;10.0;37.0;-27.0;4.0
7789;22.05;11.0;41.0;-30.0;4.0
7799;24.18;13.0;40.0;-27.0;4.0
7809;25.136666666666667;15.0;42.0;-27.0;4.0
7819;25.976666666666667;16.0;42.0;-26.0;4.0
7829;27.666666666666668;16.0;50.0;-34.0;4.0
7839;27.99;16.0;45.0;-29.0;4.0
7849;28.153333333333332;19.0;42.0;-23.0;4.0
7859;27.45;17.0;40.0;-23.0;4.0
7869;28.733333333333334;19.0;40.0;-21.0;4.0
7879;29.346666666666668;19.0;49.0;-30.0;4.0
7889;28.083333333333332;18.0;44.0;-26.0;4.0
7899;26.94333333333333;15.0;42.0;-27.0;4.0
7909;26.84;15.0;41.0;-26.0;4.0
7919;23.94;13.0;37.0;-24.0;4.0
7929;23.233333333333334;12.0;38.0;-26.0;4.0
7939;24.60333333333333;14.0;39.0;-25.0;4.0
7949;25.64666666666667;14.0;39.0;-25.0;4.0
7959;23.283333333333335;13.0;40.0;-27.0;4.0
7969;23.38;11.0;39.0;-28.0;4.0
7979;24.546666666666667;14.0;41.0;-27.0;4.0
7989;26.156666666666666;16.0;44.0;-28.0;4.0
7999;27.113333333333333;16.0;41.0;-25.0;4.0
8009;27.13;16.0;43.0;-27.0;4.0
8019;25.093333333333334;13.0;42.0;-29.0;4.0
8029;24.803333333333335;14.0;41.0;-27.0;4.0
8039;26.93;15.0;46.0;-31.0;4.0
8049;27.913333333333334;16.0;42.0;-26.0;4.0
8059;28.683333333333334;17.0;43.0;-26.0;4.0
8069;27.41;18.0;46.0;-28.0;4.0
8079;26.76;16.0;42.0;-26.0;4.0
8089;27.186666666666667;16.0;41.0;-25.0;4.0
8099;29.33;16.0;44.0;-28.0;4.0
8109;27.906666666666666;16.0;44.0;-28.0;4.0
8119;27.63;17.0;45.0;-28.0;4.0
8129;25.44;14.0;44.0;-30.0;4.0
8139;24.53;15.0;39.0;-24.0;4.0
8149;25.783333333333335;15.0;41.0;-26.0;4.0
8159;26.436666666666667;15.0;43.0;-28.0;4.0
8169;25.15;15.0;43.0;-28.0;4.0
8179;25.493333333333332;12.0;40.0;-28.0;4.0
8189;25.17;13.0;41.0;-28.0;4.0
8199;25.19;13.0;41.0;-28.0;4.0
8209;25.8;12.0;41.0;-29.0;4.0
8219;23.426666666666666;10.0;39.0;-29.0;4.0
8229;23.963333333333335;12.0;48.0;-36.0;4.0
8239;24.26;12.0;46.0;-34.0;4.0
8249;25.31;12.0;40.0;-28.0;4.0
8259;24.66;14.0;45.0;-31.0;4.0
8269;27.913333333333334;16.0;43.0;-27.0;4.0
8279;25.726666666666667;15.0;37.0;-22.0;4.0
8289;26.286666666666665;15.0;41.0;-26.0;4.0
8299;25.273333333333333;13.0;38.0;-25.0;4.0
8309;24.963333333333335;14.0;38.0;-24.0;4.0
8319;24.976666666666667;12.0;40.0;-28.0;4.0
8329;23.533333333333335;8.0;42.0;-34.0;4.0
8339;22.12;12.0;37.0;-25.0;4.0
8349;23.473333333333333;12.0;40.0;-28.0;4.0
8359;25.32;12.0;41.0;-29.0;4.0
8369;22.503333333333334;10.0;43.0;-33.0;4.0
8379;22.30666666666667;12.0;36.0;-24.0;4.0
8389;25.293333333333333;14.0;40.0;-26.0;4.0
8399;25.036666666666665;15.0;43.0;-28.0;4.0
8409;26.596666666666668;16.0;40.0;-24.0;4.0
8419;26.243333333333332;16.0;41.0;-25.0;4.0
8429;26.86;16.0;42.0;-26.0;4.0
8439;25.063333333333333;14.0;38.0;-24.0;4.0
8449;25.88;16.0;38.0;-22.0;4.0
8459;28.793333333333333;19.0;48.0;-29.0;4.0
8469;27.906666666666666;17.0;45.0;-28.0;4.0
8479;28.19;19.0;43.0;-24.0;4.0
8489;28.46;16.0;44.0;-28.0;4.0
8499;26.59;15.0;40.0;-25.0;4.0
8509;27.13;18.0;40.0;-22.0;4.0
8519;26.69;14.0;40.0;-26.0;4.0
8529;27.1;16.0;44.0;-28.0;4.0
8539;26.983333333333334;16.0;40.0;-24.0;4.0
8549;26.80666666666667;16.0;46.0;-30.0;4.0
8559;25.926666666666666;14.0;39.0;-25.0;4.0
8569;26.413333333333334;15.0;39.0;-24.0;4.0
8579;26.326666666666668;15.0;44.0;-29.0;4.0
8589;24.476666666666667;13.0;43.0;-30.0;4.0
8599;23.903333333333332;14.0;36.0;-22.0;4.0
8609;25.21;15.0;40.0;-25.0;4.0
8619;24.64;13.0;42.0;-29.0;4.0
8629;26.703333333333333;16.0;43.0;-27.0;4.0
8639;26.323333333333334;13.0;40.0;-27.0;4.0
8649;24.933333333333334;15.0;39.0;-24.0;4.0
8659;25.526666666666667;14.0;40.0;-26.0;4.0
8669;26.5;16.0;40.0;-24.0;4.0
8679;27.02;17.0;42.0;-25.0;4.0
8689;26.89;14.0;40.0;-26.0;4.0
8699;28.75;17.0;44.0;-27.0;4.0
8709;29.303333333333335;19.0;46.0;-27.0;4.0
8719;28.953333333333333;17.0;42.0;-25.0;4.0
8729;27.91;17.0;42.0;-25.0;4.0
8739;26.606666666666666;16.0;43.0;-27.0;4.0
8749;27.94;17.0;40.0;-23.0;4.0
8759;28.236666666666668;19.0;47.0;-28.0;4.0
8769;26.33;13.0;48.0;-35.0;4.0
8779;25.746666666666666;14.0;39.0;-25.0;4.0
8789;27.003333333333334;16.0;43.0;-27.0;4.0
8799;27.936666666666667;17.0;42.0;-25.0;4.0
8809;27.833333333333332;17.0;42.0;-25.0;4.0
8819;27.446666666666665;18.0;45.0;-27.0;4.0
8829;28.45;17.0;41.0;-24.0;4.0
8839;25.186666666666667;14.0;46.0;-32.0;4.0
8849;25.76;12.0;41.0;-29.0;4.0
8859;25.436666666666667;13.0;45.0;-32.0;4.0
8869;24.766666666666666;13.0;40.0;-27.0;4.0
8879;25.926666666666666;13.0;44.0;-31.0;4.0
8889;26.506666666666668;14.0;41.0;-27.0;4.0
8899;24.883333333333333;13.0;41.0;-28.0;4.0
8909;25.263333333333332;14.0;44.0;-30.0;4.0
8919;26.38;16.0;43.0;-27.0;4.0
8929;26.723333333333333;17.0;46.0;-29.0;4.0
8939;26.06;14.0;47.0;-33.0;4.0
8949;25.43;14.0;42.0;-28.0;4.0
8959;26.44333333333333;14.0;43.0;-29.0;4.0
8969;26.383333333333333;16.0;41.0;-25.0;4.0
8979;26.94333333333333;16.0;48.0;-32.0;4.0
8989;27.38;17.0;44.0;-27.0;4.0
8999;26.336666666666666;16.0;45.0;-29.0;4.0
9009;27.513333333333332;19.0;40.0;-21.0;4.0
9019;26.66;16.0;43.0;-27.0;4.0
9029;26.19333333333333;14.0;40.0;-26.0;4.0
9039;24.186666666666667;14.0;40.0;-26.0;4.0
9049;25.15;12.0;42.0;-30.0;4.0
9059;24.76;14.0;39.0;-25.0;4.0
9069;25.436666666666667;15.0;39.0;-24.0;4.0
9079;24.233333333333334;12.0;43.0;-31.0;4.0
9089;25.19;13.0;46.0;-33.0;4.0
9099;25.18;14.0;37.0;-23.0;4.0
9109;24.76;14.0;38.0;-24.0;4.0
9119;25.85333333333333;16.0;42.0;-26.0;4.0
9129;25.493333333333332;14.0;42.0;-28.0;4.0
9139;24.80666666666667;14.0;38.0;-24.0;4.0
9149;25.563333333333333;15.0;39.0;-24.0;4.0
9159;23.39;11.0;41.0;-30.0;4.0
9169;22.913333333333334;12.0;37.0;-25.0;4.0
9179;23.546666666666667;12.0;39.0;-27.0;4.0
9189;24.633333333333333;14.0;46.0;-32.0;4.0
9199;24.92;12.0;43.0;-31.0;4.0
9209;23.446666666666665;11.0;40.0;-29.0;4.0
9219;24.566666666666666;13.0;40.0;-27.0;4.0
9229;27.06;15.0;40.0;-25.0;4.0
9239;26.796666666666667;11.0;42.0;-31.0;4.0
9249;24.053333333333335;13.0;43.0;-30.0;4.0
9259;24.42;12.0;39.0;-27.0;4.0
9269;25.466666666666665;13.0;42.0;-29.0;4.0
9279;26.4;16.0;41.0;-25.0;4.0
9289;27.763333333333332;16.0;43.0;-27.0;4.0
9299;27.296666666666667;16.0;40.0;-24.0;4.0
9309;29.73;19.0;43.0;-24.0;4.0
9319;28.716666666666665;19.0;40.0;-21.0;4.0
9329;29.263333333333332;20.0;47.0;-27.0;4.0
9339;28.93;19.0;46.0;-27.0;4.0
9349;30.633333333333333;19.0;45.0;-26.0;4.0
9359;28.7;17.0;43.0;-26.0;4.0
9369;27.38;16.0;41.0;-25.0;4.0
9379;26.09;15.0;42.0;-27.0;4.0
9389;25.77;14.0;43.0;-29.0;4.0
9399;25.023333333333333;12.0;40.0;-28.0;4.0
9409;25.5;16.0;46.0;-30.0;4.0
9419;25.186666666666667;15.0;44.0;-29.0;4.0
9429;26.563333333333333;14.0;45.0;-31.0;4.0
9439;25.326666666666668;13.0;42.0;-29.0;4.0
9449;27.08;15.0;44.0;-29.0;4.0
9459;25.013333333333332;12.0;42.0;-30.0;4.0
9469;24.03;15.0;40.0;-25.0;4.0
9479;26.31;16.0;40.0;-24.0;4.0
9489;23.846666666666668;13.0;38.0;-25.0;4.0
9499;24.86;13.0;39.0;-26.0;4.0
9509;25.403333333333332;12.0;42.0;-30.0;4.0
9519;25.113333333333333;15.0;42.0;-27.0;4.0
9529;25.846666666666668;15.0;42.0;-27.0;4.0
9539;25.486666666666668;15.0;41.0;-26.0;4.0
9549;26.08;15.0;41.0;-26.0;4.0
9559;26.523333333333333;14.0;41.0;-27.0;4.0
9569;26.523333333333333;17.0;41.0;-24.0;4.0
9579;27.18;18.0;43.0;-25.0;4.0
9589;27.4;17.0;44.0;-27.0;4.0
9599;28.64;19.0;42.0;-23.0;4.0
9609;29.083333333333332;21.0;45.0;-24.0;4.0
9619;29.203333333333333;18.0;44.0;-26.0;4.0
9629;29.656666666666666;19.0;47.0;-28.0;4.0
9639;25.563333333333333;14.0;43.0;-29.0;4.0
9649;25.673333333333332;14.0;41.0;-27.0;4.0
9659;26.21;13.0;38.0;-25.0;4.0
9669;24.213333333333335;13.0;36.0;-23.0;4.0
9679;25.673333333333332;13.0;43.0;-30.0;4.0
9689;26.506666666666668;17.0;44.0;-27.0;4.0
9699;26.736666666666668;15.0;47.0;-32.0;4.0
9709;28.356666666666666;19.0;43.0;-24.0;4.0
9719;27.983333333333334;17.0;44.0;-27.0;4.0
9729;29.02;17.0;44.0;-27.0;4.0
9739;27.096666666666668;18.0;39.0;-21.0;4.0
9749;25.12;14.0;40.0;-26.0;4.0
9759;26.743333333333332;16.0;39.0;-23.0;4.0
9769;25.64666666666667;15.0;40.0;-25.0;4.0
9779;26.49;16.0;39.0;-23.0;4.0
9789;26.496666666666666;15.0;42.0;-27.0;4.0
9799;25.53;13.0;46.0;-33.0;4.0
9809;25.53;14.0;42.0;-28.0;4.0
9819;25.606666666666666;14.0;39.0;-25.0;4.0
9829;25.406666666666666;16.0;44.0;-28.0;4.0
9839;26.026666666666667;15.0;41.0;-26.0;4.0
9849;26.826666666666668;16.0;41.0;-25.0;4.0
9859;21.71;11.0;38.0;-27.0;4.0
9869;23.923333333333332;10.0;38.0;-28.0;4.0
9879;23.483333333333334;11.0;38.0;-27.0;4.0
9889;24.656666666666666;13.0;36.0;-23.0;4.0
9899;23.67;12.0;40.0;-28.0;4.0
9909;22.69333333333333;13.0;38.0;-25.0;4.0
9919;24.17;11.0;36.0;-25.0;4.0
9929;24.956666666666667;13.0;42.0;-29.0;4.0
9939;23.523333333333333;10.0;37.0;-27.0;4.0
9949;23.44;10.0;38.0;-28.0;4.0
9959;23.886666666666667;12.0;40.0;-28.0;4.0
9969;25.35;15.0;41.0;-26.0;4.0
9979;24.946666666666665;13.0;42.0;-29.0;4.0
9989;25.413333333333334;15.0;40.0;-25.0;4.0
9999;26.52;16.0;42.0;-26.0;4.0
10009;27.14666666666667;17.0;42.0;-25.0;4.0
10019;27.356666666666666;16.0;41.0;-25.0;4.0
10029;27.886666666666667;15.0;42.0;-27.0;4.0
10039;26.263333333333332;15.0;40.0;-25.0;4.0
10049;26.013333333333332;16.0;42.0;-26.0;4.0
10059;26.803333333333335;16.0;43.0;-27.0;4.0
10069;25.22;14.0;39.0;-25.0;4.0
10079;25.76;14.0;38.0;-24.0;4.0
10089;25.783333333333335;14.0;42.0;-28.0;4.0
10099;25.163333333333334;13.0;41.0;-28.0;4.0
10109;23.923333333333332;10.0;42.0;-32.0;4.0
10119;25.05666666666667;15.0;38.0;-23.0;4.0
10129;25.37;14.0;41.0;-27.0;4.0
10139;26.286666666666665;14.0;42.0;-28.0;4.0
10149;23.04;13.0;38.0;-25.0;4.0
10159;22.33;12.0;34.0;-22.0;4.0
10169;24.736666666666668;14.0;42.0;-28.0;4.0
10179;23.97;14.0;41.0;-27.0;4.0
10189;25.633333333333333;15.0;40.0;-25.0;4.0
10199;26.7;15.0;40.0;-25.0;4.0
10209;27.63;17.0;43.0;-26.0;4.0
10219;26.986666666666668;15.0;42.0;-27.0;4.0
10229;25.803333333333335;13.0;39.0;-26.0;4.0
10239;26.303333333333335;15.0;44.0;-29.0;4.0
10249;26.10333333333333;14.0;40.0;-26.0;4.0
10259;25.89666666666667;15.0;42.0;-27.0;4.0
10269;25.54;14.0;42.0;-28.0;4.0
10279;26.883333333333333;16.0;44.0;-28.0;4.0
10289;26.77;17.0;39.0;-22.0;4.0
10299;26.64666666666667;16.0;43.0;-27.0;4.0
10309;25.323333333333334;15.0;39.0;-24.0;4.0
10319;26.6;15.0;39.0;-24.0;4.0
10329;26.256666666666668;16.0;42.0;-26.0;4.0
10339;27.856666666666666;17.0;42.0;-25.0;4.0
10349;28.153333333333332;17.0;39.0;-22.0;4.0
10359;28.54;16.0;43.0;-27.0;4.0
10369;27.663333333333334;16.0;41.0;-25.0;4.0
10379;26.39666666666667;16.0;38.0;-22.0;4.0
10389;25.223333333333333;13.0;39.0;-26.0;4.0
10399;25.14666666666667;14.0;39.0;-25.0;4.0
10409;23.5;13.0;38.0;-25.0;4.0
10419;23.32;13.0;39.0;-26.0;4.0
10429;24.316666666666666;12.0;40.0;-28.0;4.0
10439;24.93;12.0;40.0;-28.0;4.0
10449;25.19;12.0;42.0;-30.0;4.0
10459;24.256666666666668;14.0;37.0;-23.0;4.0
10469;26.643333333333334;16.0;40.0;-24.0;4.0
10479;25.19333333333333;13.0;44.0;-31.0;4.0
10489;23.186666666666667;11.0;40.0;-29.0;4.0
10499;22.136666666666667;10.0;38.0;-28.0;4.0
10509;23.833333333333332;14.0;39.0;-25.0;4.0
10519;26.276666666666667;15.0;45.0;-30.0;4.0
10529;25.933333333333334;15.0;43.0;-28.0;4.0
10539;23.89666666666667;14.0;43.0;-29.0;4.0
10549;25.476666666666667;16.0;40.0;-24.0;4.0
10559;27.36;17.0;48.0;-31.0;4.0
10569;25.41;14.0;38.0;-24.0;4.0
10579;26.75;14.0;41.0;-27.0;4.0
10589;25.963333333333335;15.0;38.0;-23.0;4.0
10599;25.933333333333334;16.0;38.0;-22.0;4.0
10609;25.836666666666666;15.0;42.0;-27.0;4.0
10619;26.636666666666667;15.0;37.0;-22.0;4.0
10629;25.933333333333334;16.0;41.0;-25.0;4.0
10639;27.626666666666665;15.0;41.0;-26.0;4.0
10649;25.643333333333334;15.0;40.0;-25.0;4.0
10659;27.27;16.0;41.0;-25.0;4.0
10669;26.996666666666666;15.0;43.0;-28.0;4.0
10679;26.71;15.0;40.0;-25.0;4.0
10689;27.416666666666668;16.0;44.0;-28.0;4.0
10699;27.893333333333334;18.0;40.0;-22.0;4.0
10709;28.286666666666665;19.0;47.0;-28.0;4.0
10719;27.16;17.0;45.0;-28.0;4.0
10729;27.71;16.0;40.0;-24.0;4.0
10739;28.046666666666667;17.0;46.0;-29.0;4.0
10749;28.86;18.0;45.0;-27.0;4.0
10759;28.473333333333333;19.0;41.0;-22.0;4.0
10769;26.076666666666668;16.0;39.0;-23.0;4.0
10779;25.81;14.0;43.0;-29.0;4.0
10789;26.303333333333335;16.0;42.0;-26.0;4.0
10799;26.93;15.0;40.0;-25.0;4.0
10809;29.523333333333333;20.0;45.0;-25.0;4.0
10819;29.013333333333332;18.0;45.0;-27.0;4.0
10829;27.716666666666665;16.0;41.0;-25.0;4.0
10839;27.043333333333333;16.0;39.0;-23.0;4.0
10849;26.483333333333334;16.0;42.0;-26.0;4.0
10859;23.926666666666666;12.0;41.0;-29.0;4.0
10869;26.366666666666667;16.0;43.0;-27.0;4.0
10879;27.043333333333333;18.0;42.0;-24.0;4.0
10889;26.75;16.0;40.0;-24.0;4.0
10899;27.05666666666667;14.0;43.0;-29.0;4.0
10909;25.55;14.0;42.0;-28.0;4.0
10919;24.07;14.0;42.0;-28.0;4.0
10929;24.403333333333332;14.0;40.0;-26.0;4.0
10939;24.706666666666667;14.0;43.0;-29.0;4.0
10949;23.676666666666666;14.0;42.0;-28.0;4.0
10959;24.983333333333334;13.0;36.0;-23.0;4.0
10969;24.473333333333333;15.0;37.0;-22.0;4.0
10979;26.65;15.0;42.0;-27.0;4.0
10989;23.916666666666668;13.0;53.0;-40.0;4.0
10999;24.726666666666667;13.0;43.0;-30.0;4.0
11009;23.98;13.0;41.0;-28.0;4.0
11019;24.84;13.0;41.0;-28.0;4.0
11029;25.576666666666668;14.0;41.0;-27.0;4.0
11039;26.28;15.0;42.0;-27.0;4.0
11049;27.346666666666668;17.0;42.0;-25.0;4.0
11059;26.993333333333332;17.0;42.0;-25.0;4.0
11069;27.633333333333333;15.0;47.0;-32.0;4.0
11079;26.536666666666665;15.0;41.0;-26.0;4.0
11089;27.313333333333333;13.0;42.0;-29.0;4.0
11099;25.18;13.0;44.0;-31.0;4.0
11109;24.07;11.0;42.0;-31.0;4.0
11119;23.476666666666667;13.0;40.0;-27.0;4.0
11129;23.83;13.0;39.0;-26.0;4.0
11139;24.673333333333332;11.0;41.0;-30.0;4.0
11149;25.036666666666665;13.0;43.0;-30.0;4.0
11159;27.956666666666667;17.0;42.0;-25.0;4.0
11169;27.63;16.0;41.0;-25.0;4.0
11179;26.776666666666667;15.0;43.0;-28.0;4.0
11189;27.17;17.0;42.0;-25.0;4.0
11199;29.366666666666667;19.0;43.0;-24.0;4.0
11209;26.716666666666665;16.0;41.0;-25.0;4.0
11219;25.8;15.0;45.0;-30.0;4.0
11229;23.386666666666667;12.0;37.0;-25.0;4.0
11239;25.523333333333333;12.0;39.0;-27.0;4.0
11249;24.29;14.0;38.0;-24.0;4.0
11259;24.1;10.0;39.0;-29.0;4.0
11269;23.023333333333333;13.0;40.0;-27.0;4.0
11279;24.553333333333335;15.0;37.0;-22.0;4.0
11289;26.336666666666666;15.0;43.0;-28.0;4.0
11299;25.026666666666667;13.0;38.0;-25.0;4.0
11309;26.723333333333333;16.0;42.0;-26.0;4.0
11319;26.983333333333334;16.0;43.0;-27.0;4.0
11329;25.42;12.0;41.0;-29.0;4.0
11339;26.106666666666666;17.0;40.0;-23.0;4.0
11349;27.51;17.0;45.0;-28.0;4.0
11359;26.69;14.0;42.0;-28.0;4.0
11369;24.503333333333334;14.0;38.0;-24.0;4.0
11379;25.12;12.0;40.0;-28.0;4.0
11389;25.19333333333333;14.0;39.0;-25.0;4.0
11399;24.186666666666667;12.0;40.0;-28.0;4.0
11409;24.963333333333335;14.0;41.0;-27.0;4.0
11419;25.94333333333333;15.0;43.0;-28.0;4.0
11429;27.066666666666666;17.0;44.0;-27.0;4.0
11439;27.826666666666668;19.0;50.0;-31.0;4.0
11449;28.323333333333334;17.0;43.0;-26.0;4.0
11459;27.68;15.0;42.0;-27.0;4.0
11469;26.276666666666667;15.0;48.0;-33.0;4.0
11479;25.876666666666665;15.0;38.0;-23.0;4.0
11489;27.39;16.0;45.0;-29.0;4.0
11499;26.05;15.0;40.0;-25.0;4.0
11509;27.093333333333334;16.0;41.0;-25.0;4.0
11519;26.993333333333332;15.0;43.0;-28.0;4.0
11529;25.213333333333335;13.0;42.0;-29.0;4.0
11539;24.72;14.0;39.0;-25.0;4.0
11549;25.846666666666668;16.0;42.0;-26.0;4.0
11559;24.746666666666666;15.0;40.0;-25.0;4.0
11569;25.913333333333334;14.0;40.0;-26.0;4.0
11579;26.363333333333333;15.0;43.0;-28.0;4.0
11589;28.19333333333333;14.0;51.0;-37.0;4.0
11599;25.703333333333333;15.0;41.0;-26.0;4.0
11609;25.293333333333333;14.0;41.0;-27.0;4.0
11619;23.503333333333334;14.0;41.0;-27.0;4.0
11629;26.843333333333334;16.0;50.0;-34.0;4.0
11639;26.363333333333333;15.0;42.0;-27.0;4.0
11649;24.99;16.0;38.0;-22.0;4.0
11659;26.413333333333334;14.0;45.0;-31.0;4.0
11669;26.14666666666667;14.0;42.0;-28.0;4.0
11679;26.716666666666665;15.0;44.0;-29.0;4.0
11689;25.88;15.0;38.0;-23.0;4.0
11699;27.52;17.0;40.0;-23.0;4.0
11709;28.606666666666666;20.0;44.0;-24.0;4.0
11719;28.926666666666666;19.0;43.0;-24.0;4.0
11729;25.133333333333333;14.0;43.0;-29.0;4.0
11739;25.856666666666666;16.0;40.0;-24.0;4.0
11749;25.62;12.0;41.0;-29.0;4.0
11759;24.79;15.0;41.0;-26.0;4.0
11769;27.086666666666666;15.0;42.0;-27.0;4.0
11779;25.24;14.0;40.0;-26.0;4.0
11789;23.923333333333332;12.0;40.0;-28.0;4.0
11799;25.776666666666667;13.0;41.0;-28.0;4.0
11809;23.08;11.0;42.0;-31.0;4.0
11819;24.1;13.0;39.0;-26.0;4.0
11829;23.91;14.0;38.0;-24.0;4.0
11839;24.29;13.0;38.0;-25.0;4.0
11849;22.746666666666666;11.0;41.0;-30.0;4.0
11859;24.31;11.0;40.0;-29.0;4.0
11869;24.176666666666666;11.0;37.0;-26.0;4.0
11879;24.45;12.0;38.0;-26.0;4.0
11889;24.52;15.0;46.0;-31.0;4.0
11899;25.636666666666667;13.0;44.0;-31.0;4.0
11909;22.683333333333334;11.0;38.0;-27.0;4.0
11919;23.5;11.0;38.0;-27.0;4.0
11929;25.456666666666667;14.0;40.0;-26.0;4.0
11939;27.136666666666667;16.0;40.0;-24.0;4.0
11949;26.57;14.0;44.0;-30.0;4.0
11959;25.28;15.0;41.0;-26.0;4.0
11969;24.343333333333334;12.0;41.0;-29.0;4.0
11979;24.36;13.0;43.0;-30.0;4.0
11989;24.43;12.0;37.0;-25.0;4.0
11999;25.526666666666667;15.0;44.0;-29.0;4.0
12009;23.473333333333333;11.0;39.0;-28.0;4.0
12019;24.04;11.0;41.0;-30.0;4.0
12029;24.47;14.0;42.0;-28.0;4.0
12039;25.213333333333335;16.0;40.0;-24.0;4.0
12049;24.93;14.0;41.0;-27.0;4.0
12059;24.69333333333333;13.0;40.0;-27.0;4.0
12069;24.77;13.0;39.0;-26.0;4.0
12079;24.02;10.0;38.0;-28.0;4.0
12089;22.703333333333333;11.0;39.0;-28.0;4.0
12099;23.71;12.0;47.0;-35.0;4.0
12109;25.133333333333333;13.0;37.0;-24.0;4.0
12119;26.66;17.0;40.0;-23.0;4.0
12129;26.2;14.0;39.0;-25.0;4.0
12139;26.2;16.0;40.0;-24.0;4.0
12149;26.94;15.0;41.0;-26.0;4.0
12159;25.91;15.0;40.0;-25.0;4.0
12169;23.81;13.0;36.0;-23.0;4.0
12179;24.83;14.0;42.0;-28.0;4.0
12189;26.686666666666667;17.0;44.0;-27.0;4.0
12199;26.69333333333333;15.0;41.0;-26.0;4.0
12209;27.246666666666666;16.0;41.0;-25.0;4.0
12219;23.23;11.0;41.0;-30.0;4.0
12229;25.223333333333333;14.0;41.0;-27.0;4.0
12239;25.643333333333334;15.0;42.0;-27.0;4.0
12249;26.176666666666666;14.0;40.0;-26.0;4.0
12259;25.206666666666667;14.0;43.0;-29.0;4.0
12269;25.313333333333333;14.0;42.0;-28.0;4.0
12279;23.453333333333333;12.0;39.0;-27.0;4.0
12289;20.713333333333335;10.0;39.0;-29.0;4.0
12299;23.136666666666667;13.0;41.0;-28.0;4.0
12309;22.903333333333332;11.0;44.0;-33.0;4.0
12319;22.933333333333334;9.0;38.0;-29.0;4.0
12329;23.553333333333335;10.0;38.0;-28.0;4.0
12339;21.566666666666666;9.0;38.0;-29.0;4.0
12349;20.81;10.0;39.0;-29.0;4.0
12359;20.316666666666666;8.0;37.0;-29.0;4.0
12369;22.133333333333333;10.0;40.0;-30.0;4.0
12379;22.023333333333333;10.0;39.0;-29.0;4.0
12389;21.323333333333334;10.0;43.0;-33.0;4.0
12399;20.126666666666665;7.0;36.0;-29.0;4.0
12409;21.223333333333333;10.0;38.0;-28.0;4.0
12419;20.576666666666668;7.0;38.0;-31.0;4.0
12429;21.536666666666665;10.0;35.0;-25.0;4.0
12439;21.643333333333334;11.0;37.0;-26.0;4.0
12449;23.79;11.0;38.0;-27.0;4.0
12459;24.063333333333333;13.0;44.0;-31.0;4.0
12469;24.566666666666666;14.0;41.0;-27.0;4.0
12479;24.91;13.0;40.0;-27.0;4.0
12489;26.376666666666665;15.0;41.0;-26.0;4.0
12499;27.253333333333334;17.0;44.0;-27.0;4.0
12509;28.463333333333335;17.0;41.0;-24.0;4.0
12519;29.34;19.0;46.0;-27.0;4.0
12529;27.536666666666665;17.0;46.0;-29.0;4.0
12539;26.043333333333333;16.0;39.0;-23.0;4.0
12549;26.716666666666665;14.0;48.0;-34.0;4.0
12559;25.706666666666667;15.0;41.0;-26.0;4.0
12569;24.723333333333333;12.0;39.0;-27.0;4.0
12579;24.173333333333332;12.0;40.0;-28.0;4.0
12589;21.916666666666668;9.0;35.0;-26.0;4.0
12599;22.826666666666668;9.0;39.0;-30.0;4.0
12609;23.24;11.0;38.0;-27.0;4.0
12619;21.2;11.0;35.0;-24.0;4.0
12629;20.80666666666667;9.0;34.0;-25.0;4.0
12639;21.106666666666666;10.0;36.0;-26.0;4.0
12649;22.423333333333332;9.0;40.0;-31.0;4.0
12659;21.67;10.0;39.0;-29.0;4.0
12669;21.313333333333333;9.0;38.0;-29.0;4.0
12679;20.973333333333333;10.0;36.0;-26.0;4.0
12689;21.003333333333334;10.0;35.0;-25.0;4.0
12699;22.036666666666665;9.0;38.0;-29.0;4.0
12709;19.74;6.0;40.0;-34.0;4.0
12719;18.876666666666665;6.0;37.0;-31.0;4.0
12729;21.513333333333332;9.0;45.0;-36.0;4.0
12739;20.26;7.0;37.0;-30.0;4.0
12749;20.47;10.0;35.0;-25.0;4.0
12759;23.59;12.0;43.0;-31.0;4.0
12769;23.45;12.0;41.0;-29.0;4.0
12779;22.36;11.0;37.0;-26.0;4.0
12789;24.143333333333334;15.0;40.0;-25.0;4.0
12799;25.17;13.0;41.0;-28.0;4.0
12809;25.496666666666666;15.0;39.0;-24.0;4.0
12819;25.036666666666665;13.0;42.0;-29.0;4.0
12829;24.416666666666668;13.0;42.0;-29.0;4.0
12839;26.236666666666668;15.0;47.0;-32.0;4.0
12849;26.226666666666667;16.0;41.0;-25.0;4.0
12859;26.19333333333333;15.0;46.0;-31.0;4.0
12869;25.22;14.0;38.0;-24.0;4.0
12879;26.796666666666667;17.0;42.0;-25.0;4.0
12889;25.706666666666667;13.0;44.0;-31.0;4.0
12899;25.663333333333334;14.0;38.0;-24.0;4.0
12909;25.89;14.0;41.0;-27.0;4.0
12919;25.336666666666666;13.0;42.0;-29.0;4.0
12929;28.133333333333333;18.0;49.0;-31.0;4.0
12939;29.46;18.0;47.0;-29.0;4.0
12949;29.366666666666667;19.0;41.0;-22.0;4.0
12959;29.04;20.0;42.0;-22.0;4.0
12969;31.016666666666666;20.0;43.0;-23.0;4.0
12979;28.72;16.0;46.0;-30.0;4.0
12989;28.66;18.0;43.0;-25.0;4.0
12999;26.933333333333334;17.0;39.0;-22.0;4.0
13009;28.403333333333332;17.0;43.0;-26.0;4.0
13019;24.616666666666667;12.0;41.0;-29.0;4.0
13029;25.39;13.0;41.0;-28.0;4.0
13039;23.696666666666665;14.0;39.0;-25.0;4.0
13049;24.266666666666666;14.0;42.0;-28.0;4.0
13059;25.163333333333334;13.0;40.0;-27.0;4.0
13069;24.286666666666665;12.0;39.0;-27.0;4.0
13079;24.696666666666665;14.0;41.0;-27.0;4.0
13089;25.82;14.0;47.0;-33.0;4.0
13099;25.513333333333332;14.0;39.0;-25.0;4.0
13109;26.043333333333333;15.0;42.0;-27.0;4.0
13119;25.993333333333332;14.0;43.0;-29.0;4.0
13129;25.726666666666667;14.0;42.0;-28.0;4.0
13139;27.26;16.0;40.0;-24.0;4.0
13149;26.473333333333333;16.0;44.0;-28.0;4.0
13159;26.473333333333333;13.0;37.0;-24.0;4.0
13169;23.15;12.0;40.0;-28.0;4.0
13179;24.096666666666668;14.0;35.0;-21.0;4.0
13189;26.433333333333334;15.0;44.0;-29.0;4.0
13199;26.636666666666667;16.0;44.0;-28.0;4.0
13209;26.05;13.0;46.0;-33.0;4.0
13219;24.126666666666665;12.0;41.0;-29.0;4.0
13229;25.51;15.0;41.0;-26.0;4.0
13239;27.346666666666668;16.0;43.0;-27.0;4.0
13249;25.63;14.0;46.0;-32.0;4.0
13259;25.016666666666666;13.0;43.0;-30.0;4.0
13269;24.046666666666667;12.0;36.0;-24.0;4.0
13279;23.51;11.0;39.0;-28.0;4.0
13289;25.80666666666667;15.0;40.0;-25.0;4.0
13299;26.14666666666667;16.0;42.0;-26.0;4.0
13309;25.686666666666667;14.0;40.0;-26.0;4.0
13319;25.373333333333335;14.0;44.0;-30.0;4.0
13329;25.9;15.0;45.0;-30.0;4.0
13339;26.846666666666668;14.0;47.0;-33.0;4.0
13349;26.13;15.0;40.0;-25.0;4.0
13359;25.62;15.0;41.0;-26.0;4.0
13369;28.11;16.0;46.0;-30.0;4.0
13379;26.53;16.0;45.0;-29.0;4.0
13389;23.633333333333333;12.0;41.0;-29.0;4.0
13399;24.33;13.0;38.0;-25.0;4.0
13409;23.81;13.0;38.0;-25.0;4.0
13419;24.27;11.0;41.0;-30.0;4.0
13429;21.523333333333333;11.0;40.0;-29.0;4.0
13439;22.966666666666665;12.0;41.0;-29.0;4.0
13449;23.94;12.0;37.0;-25.0;4.0
13459;24.106666666666666;12.0;41.0;-29.0;4.0
13469;23.946666666666665;13.0;38.0;-25.0;4.0
13479;24.816666666666666;13.0;41.0;-28.0;4.0
13489;24.846666666666668;14.0;37.0;-23.0;4.0
13499;25.72;14.0;39.0;-25.0;4.0
13509;24.27;11.0;41.0;-30.0;4.0
13519;24.643333333333334;15.0;43.0;-28.0;4.0
13529;25.74;15.0;38.0;-23.0;4.0
13539;24.483333333333334;13.0;38.0;-25.0;4.0
13549;23.916666666666668;13.0;38.0;-25.0;4.0
13559;22.763333333333332;10.0;37.0;-27.0;4.0
13569;22.64666666666667;12.0;38.0;-26.0;4.0
13579;22.8;11.0;38.0;-27.0;4.0
13589;21.253333333333334;7.0;34.0;-27.0;4.0
13599;18.936666666666667;6.0;38.0;-32.0;4.0
13609;20.666666666666668;8.0;36.0;-28.0;4.0
13619;21.113333333333333;11.0;38.0;-27.0;4.0
13629;21.346666666666668;10.0;40.0;-30.0;4.0
13639;22.933333333333334;11.0;40.0;-29.0;4.0
13649;22.333333333333332;9.0;36.0;-27.0;4.0
13659;21.05666666666667;10.0;35.0;-25.0;4.0
13669;22.933333333333334;10.0;39.0;-29.0;4.0
13679;21.583333333333332;10.0;37.0;-27.0;4.0
13689;23.333333333333332;12.0;39.0;-27.0;4.0
13699;24.066666666666666;13.0;37.0;-24.0;4.0
13709;24.273333333333333;13.0;38.0;-25.0;4.0
13719;26.113333333333333;16.0;47.0;-31.0;4.0
13729;25.386666666666667;15.0;42.0;-27.0;4.0
13739;25.19333333333333;11.0;38.0;-27.0;4.0
13749;24.59;14.0;40.0;-26.0;4.0
13759;25.813333333333333;15.0;42.0;-27.0;4.0
13769;24.61;12.0;42.0;-30.0;4.0
13779;22.346666666666668;11.0;37.0;-26.0;4.0
13789;27.043333333333333;15.0;42.0;-27.0;4.0
13799;24.89;15.0;38.0;-23.0;4.0
13809;25.78;16.0;44.0;-28.0;4.0
13819;27.97;16.0;42.0;-26.0;4.0
13829;28.163333333333334;18.0;43.0;-25.0;4.0
13839;26.12;15.0;42.0;-27.0;4.0
13849;26.43;15.0;38.0;-23.0;4.0
13859;24.633333333333333;15.0;38.0;-23.0;4.0
13869;25.176666666666666;13.0;37.0;-24.0;4.0
13879;22.533333333333335;11.0;38.0;-27.0;4.0
13889;23.133333333333333;11.0;38.0;-27.0;4.0
13899;26.456666666666667;16.0;40.0;-24.0;4.0
13909;25.176666666666666;15.0;38.0;-23.0;4.0
13919;26.18;16.0;41.0;-25.0;4.0
13929;27.75;16.0;43.0;-27.0;4.0
13939;26.733333333333334;16.0;38.0;-22.0;4.0
13949;25.593333333333334;14.0;41.0;-27.0;4.0
13959;25.05;14.0;41.0;-27.0;4.0
13969;23.236666666666668;13.0;37.0;-24.0;4.0
13979;25.036666666666665;14.0;45.0;-31.0;4.0
13989;26.07;13.0;40.0;-27.0;4.0
13999;26.18;14.0;40.0;-26.0;4.0
14009;27.95;17.0;46.0;-29.0;4.0
14019;24.87;12.0;42.0;-30.0;4.0
14029;22.67;12.0;39.0;-27.0;4.0
14039;24.596666666666668;14.0;37.0;-23.0;4.0
14049;25.996666666666666;16.0;41.0;-25.0;4.0
14059;24.37;13.0;39.0;-26.0;4.0
14069;24.773333333333333;14.0;40.0;-26.0;4.0
14079;23.92;13.0;37.0;-24.0;4.0
14089;23.916666666666668;14.0;42.0;-28.0;4.0
14099;23.376666666666665;13.0;36.0;-23.0;4.0
14109;25.03;14.0;38.0;-24.0;4.0
14119;26.05666666666667;14.0;42.0;-28.0;4.0
14129;25.643333333333334;14.0;40.0;-26.0;4.0
14139;23.64;11.0;43.0;-32.0;4.0
14149;23.83;12.0;42.0;-30.0;4.0
14159;22.206666666666667;12.0;37.0;-25.0;4.0
14169;21.743333333333332;11.0;38.0;-27.0;4.0
14179;22.153333333333332;13.0;36.0;-23.0;4.0
14189;21.58;10.0;38.0;-28.0;4.0
14199;21.086666666666666;8.0;40.0;-32.0;4.0
14209;21.526666666666667;11.0;36.0;-25.0;4.0
14219;23.3;11.0;44.0;-33.0;4.0
14229;23.826666666666668;10.0;40.0;-30.0;4.0
14239;23.483333333333334;12.0;38.0;-26.0;4.0
14249;24.293333333333333;13.0;38.0;-25.0;4.0
14259;25.25;16.0;41.0;-25.0;4.0
14269;25.9;15.0;42.0;-27.0;4.0
14279;26.156666666666666;15.0;40.0;-25.0;4.0
14289;26.633333333333333;12.0;43.0;-31.0;4.0
14299;27.64;17.0;42.0;-25.0;4.0
14309;27.04;15.0;41.0;-26.0;4.0
14319;27.27;13.0;42.0;-29.0;4.0
14329;27.386666666666667;14.0;45.0;-31.0;4.0
14339;24.346666666666668;12.0;38.0;-26.0;4.0
14349;24.863333333333333;14.0;46.0;-32.0;4.0
14359;24.656666666666666;12.0;40.0;-28.0;4.0
14369;23.863333333333333;13.0;39.0;-26.0;4.0
14379;26.27;13.0;42.0;-29.0;4.0
14389;24.9;14.0;42.0;-28.0;4.0
14399;25.413333333333334;15.0;39.0;-24.0;4.0
14409;25.076666666666668;15.0;39.0;-24.0;4.0
14419;25.61;15.0;37.0;-22.0;4.0
14429;26.386666666666667;15.0;43.0;-28.0;4.0
14439;27.636666666666667;16.0;46.0;-30.0;4.0
14449;27.323333333333334;16.0;42.0;-26.0;4.0
14459;27.62;17.0;42.0;-25.0;4.0
14469;26.656666666666666;14.0;45.0;-31.0;4.0
14479;26.81;16.0;40.0;-24.0;4.0
14489;27.023333333333333;15.0;39.0;-24.0;4.0
14499;26.666666666666668;17.0;41.0;-24.0;4.0
14509;27.043333333333333;14.0;41.0;-27.0;4.0
14519;23.633333333333333;13.0;36.0;-23.0;4.0
14529;25.356666666666666;15.0;40.0;-25.0;4.0
14539;23.54;13.0;39.0;-26.0;4.0
14549;22.61;10.0;41.0;-31.0;4.0
14559;22.81;11.0;37.0;-26.0;4.0
14569;25.543333333333333;16.0;44.0;-28.0;4.0
14579;26.026666666666667;13.0;41.0;-28.0;4.0
14589;25.1;14.0;48.0;-34.0;4.0
14599;25.063333333333333;15.0;42.0;-27.0;4.0
14609;26.253333333333334;16.0;41.0;-25.0;4.0
14619;28.023333333333333;12.0;44.0;-32.0;4.0
14629;27.133333333333333;14.0;43.0;-29.0;4.0
14639;25.736666666666668;15.0;42.0;-27.0;4.0
14649;25.236666666666668;14.0;37.0;-23.0;4.0
14659;24.696666666666665;14.0;39.0;-25.0;4.0
14669;25.406666666666666;13.0;39.0;-26.0;4.0
14679;25.006666666666668;14.0;40.0;-26.0;4.0
14689;25.503333333333334;14.0;39.0;-25.0;4.0
14699;27.333333333333332;17.0;47.0;-30.0;4.0
14709;27.266666666666666;16.0;44.0;-28.0;4.0
14719;26.643333333333334;16.0;48.0;-32.0;4.0
14729;26.583333333333332;14.0;43.0;-29.0;4.0
14739;25.763333333333332;13.0;40.0;-27.0;4.0
14749;25.223333333333333;13.0;41.0;-28.0;4.0
14759;23.83;11.0;40.0;-29.0;4.0
14769;25.22;13.0;38.0;-25.0;4.0
14779;25.283333333333335;14.0;40.0;-26.0;4.0
14789;24.533333333333335;13.0;39.0;-26.0;4.0
14799;23.99;12.0;38.0;-26.0;4.0
14809;24.303333333333335;12.0;41.0;-29.0;4.0
14819;22.286666666666665;11.0;38.0;-27.0;4.0
14829;23.526666666666667;13.0;40.0;-27.0;4.0
14839;22.716666666666665;9.0;38.0;-29.0;4.0
14849;22.513333333333332;12.0;44.0;-32.0;4.0
14859;21.903333333333332;12.0;37.0;-25.0;4.0
14869;22.886666666666667;11.0;44.0;-33.0;4.0
14879;23.623333333333335;13.0;41.0;-28.0;4.0
14889;24.653333333333332;13.0;39.0;-26.0;4.0
14899;21.44333333333333;9.0;36.0;-27.0;4.0
14909;21.623333333333335;10.0;41.0;-31.0;4.0
14919;22.86;9.0;37.0;-28.0;4.0
14929;25.53;15.0;42.0;-27.0;4.0
14939;23.343333333333334;9.0;39.0;-30.0;4.0
14949;23.07;12.0;39.0;-27.0;4.0
14959;25.16;12.0;43.0;-31.0;4.0
14969;23.436666666666667;11.0;39.0;-28.0;4.0
14979;23.746666666666666;13.0;41.0;-28.0;4.0
14989;23.59;13.0;37.0;-24.0;4.0
14999;26.37;15.0;42.0;-27.0;4.0
